0 305 2 360 31 280 0 0 0 2
0 308 2 363 31 281 0 0 1 2
0 311 2 366 31 282 0 0 1 2
0 313 2 369 31 283 0 0 1 2
0 319 2 374 31 284 0 0 1 2
0 322 2 377 31 285 0 0 1 2
0 324 2 380 31 286 0 0 1 2
0 327 2 382 31 287 0 0 1 2
0 333 2 388 31 288 0 0 1 2
0 336 2 391 31 289 0 0 1 2
0 338 2 393 31 290 0 0 1 2
0 341 2 396 31 291 0 0 1 2
0 347 2 402 31 292 0 0 1 2
0 349 2 404 31 293 0 0 1 2
0 352 2 407 31 294 0 0 1 2
0 355 2 410 31 295 0 0 1 2
0 360 2 415 31 296 0 0 1 2
0 363 2 418 31 297 0 0 1 2
0 366 2 421 31 298 0 0 1 2
0 369 2 424 31 299 0 0 1 2
0 374 2 429 31 300 0 0 1 2
0 377 2 432 31 301 0 0 1 2
0 380 2 435 31 302 0 0 1 2
0 382 2 437 31 303 0 0 1 2
0 388 2 443 31 304 0 0 1 2
0 391 2 446 31 305 0 0 1 2
0 393 2 448 31 306 0 0 1 2
0 396 2 451 31 307 0 0 1 2
0 402 2 457 31 308 0 0 1 2
0 404 2 459 31 309 0 0 1 2
0 407 2 462 31 310 0 0 1 2
0 410 2 465 31 311 0 0 1 2
0 415 2 470 31 312 0 0 1 2
0 418 2 473 31 313 0 0 1 2
0 421 2 476 31 314 0 0 1 2
0 424 2 479 31 315 0 0 1 2
0 429 2 484 31 316 0 0 1 2
0 432 2 487 31 317 0 0 1 2
0 435 2 490 31 318 0 0 1 2
0 437 2 492 31 319 0 0 1 2
0 443 4 498 34 320 0 0 0 2
0 446 4 501 34 321 0 0 1 2
0 448 4 504 34 322 0 0 1 2
0 454 4 509 34 323 0 0 1 2
0 457 4 512 34 324 0 0 1 2
0 462 4 517 34 325 0 0 1 2
0 465 4 520 34 326 0 0 1 2
0 468 4 523 34 327 0 0 1 2
0 473 4 528 34 328 0 0 1 2
0 476 4 531 34 329 0 0 1 2
0 481 4 537 34 330 0 0 1 2
0 484 4 539 34 331 0 0 1 2
0 487 4 542 34 332 0 0 1 2
0 492 4 548 34 333 0 0 1 2
0 495 4 550 34 334 0 0 1 2
0 501 4 556 34 335 0 0 1 2
0 504 6 559 36 336 0 0 1 2
0 509 6 564 36 337 0 0 1 2
0 512 6 567 36 338 0 0 1 2
0 515 6 570 36 339 0 0 1 2
0 520 6 575 36 340 0 0 1 2
0 523 6 578 36 341 0 0 1 2
0 528 6 583 36 342 0 0 1 2
0 531 6 586 36 343 0 0 1 2
0 534 6 589 36 344 0 0 1 2
0 539 6 594 36 345 0 0 1 2
0 542 6 597 36 346 0 0 1 2
0 548 6 603 36 347 0 0 1 2
0 550 6 605 36 348 0 0 1 2
0 553 6 608 36 349 0 0 1 2
0 559 6 614 36 350 0 0 1 2
0 561 6 616 36 351 0 0 1 2
0 567 9 622 38 352 0 0 1 2
0 570 9 625 38 353 0 0 1 2
0 575 9 630 38 354 0 0 1 2
0 578 9 633 38 355 0 0 1 2
0 581 9 636 38 356 0 0 1 2
0 586 9 641 38 357 0 0 1 2
0 589 9 644 38 358 0 0 1 2
0 594 9 649 38 359 0 0 1 2
0 597 9 652 38 360 0 0 1 2
0 600 9 655 38 361 0 0 1 2
0 605 9 661 38 362 0 0 1 2
0 608 9 663 38 363 0 0 1 2
0 614 9 669 38 364 0 0 1 2
0 616 9 672 38 365 0 0 1 2
0 619 9 674 38 366 0 0 1 2
0 625 9 680 38 367 0 0 1 2
0 627 11 683 40 368 0 0 1 2
0 633 11 688 40 369 0 0 1 2
0 636 11 691 40 370 0 0 1 2
0 641 11 696 40 371 0 0 1 2
0 644 11 699 40 372 0 0 1 2
0 647 11 702 40 373 0 0 1 2
0 652 11 707 40 374 0 0 1 2
0 655 11 710 40 375 0 0 1 2
0 661 11 716 40 376 0 0 1 2
0 663 11 718 40 377 0 0 1 2
0 666 11 721 40 378 0 0 1 2
0 672 11 727 40 379 0 0 1 2
0 674 11 729 40 380 0 0 1 2
0 680 11 735 40 381 0 0 1 2
0 683 11 738 40 382 0 0 1 2
0 685 11 740 40 383 0 0 1 2
0 691 13 746 43 384 0 0 1 2
0 694 13 749 43 385 0 0 1 2
0 699 13 754 43 386 0 0 1 2
0 702 13 757 43 387 0 0 1 2
0 707 13 762 43 388 0 0 1 2
0 710 13 765 43 389 0 0 1 2
0 713 13 768 43 390 0 0 1 2
0 718 13 773 43 391 0 0 1 2
0 721 13 776 43 392 0 0 1 2
0 727 13 782 43 393 0 0 1 2
0 729 13 784 43 394 0 0 1 2
0 732 13 787 43 395 0 0 1 2
0 738 13 793 43 396 0 0 1 2
0 740 13 795 43 397 0 0 1 2
0 746 13 801 43 398 0 0 1 2
0 749 13 804 43 399 0 0 1 2
0 754 15 809 45 400 0 0 0 2
0 757 15 812 45 401 0 0 1 2
0 760 15 815 45 402 0 0 1 2
0 762 15 817 45 403 0 0 1 2
0 768 15 823 45 404 0 0 1 2
0 771 15 826 45 405 0 0 1 2
0 773 15 829 45 406 0 0 1 2
0 779 15 834 45 407 0 0 1 2
0 782 18 837 47 408 0 0 1 2
0 784 18 840 47 409 0 0 1 2
0 790 18 845 47 410 0 0 1 2
0 793 18 848 47 411 0 0 1 2
0 795 18 851 47 412 0 0 1 2
0 801 18 856 47 413 0 0 1 2
0 804 18 859 47 414 0 0 1 2
0 806 18 862 47 415 0 0 1 2
0 812 20 867 49 416 0 0 1 2
0 815 20 870 49 417 0 0 1 2
0 817 20 873 49 418 0 0 1 2
0 823 20 878 49 419 0 0 1 2
0 826 20 881 49 420 0 0 1 2
0 829 20 884 49 421 0 0 1 2
0 834 20 889 49 422 0 0 1 2
0 837 20 892 49 423 0 0 1 2
0 840 22 895 52 424 0 0 1 2
0 845 22 900 52 425 0 0 1 2
0 848 22 903 52 426 0 0 1 2
0 851 22 906 52 427 0 0 1 2
0 856 22 911 52 428 0 0 1 2
0 859 22 914 52 429 0 0 1 2
0 862 22 917 52 430 0 0 1 2
0 867 24 922 54 431 0 0 1 2
0 870 24 925 54 432 0 0 1 2
0 873 24 928 54 433 0 0 1 2
0 878 24 933 54 434 0 0 1 2
0 881 24 936 54 435 0 0 1 2
0 884 24 939 54 436 0 0 1 2
0 889 24 944 54 437 0 0 1 2
0 892 24 947 54 438 0 0 1 2
0 895 27 950 56 439 0 0 1 2
0 900 27 955 56 440 0 0 1 2
0 903 27 958 56 441 0 0 1 2
0 906 27 961 56 442 0 0 1 2
0 911 27 966 56 443 0 0 1 2
0 914 27 969 56 444 0 0 1 2
0 917 27 972 56 445 0 0 1 2
0 922 27 977 56 446 0 0 1 2
0 925 29 980 58 447 0 0 1 2
0 928 29 983 58 448 0 0 1 2
0 933 29 988 58 449 0 0 1 2
0 936 29 991 58 450 0 0 1 2
0 939 29 994 58 451 0 0 1 2
0 944 29 999 58 452 0 0 1 2
0 947 29 1002 58 453 0 0 1 2
0 950 31 1005 61 454 0 0 1 2
0 955 31 1010 61 455 0 0 1 2
0 958 31 1013 61 456 0 0 1 2
0 961 31 1016 61 457 0 0 1 2
0 966 31 1021 61 458 0 0 1 2
0 969 31 1024 61 459 0 0 1 2
0 972 31 1027 61 460 0 0 1 2
0 977 31 1032 61 461 0 0 1 2
0 980 34 1035 63 462 0 0 1 2
0 983 34 1038 63 463 0 0 1 2
0 988 34 1043 63 464 0 0 1 2
0 991 34 1046 63 465 0 0 1 2
0 994 34 1049 63 466 0 0 1 2
0 999 34 1054 63 467 0 0 1 2
0 1002 34 1057 63 468 0 0 1 2
0 1005 34 1060 63 469 0 0 1 2
0 1010 36 1065 65 470 0 0 1 2
0 1013 36 1068 65 471 0 0 1 2
0 1016 36 1071 65 472 0 0 1 2
0 1021 36 1076 65 473 0 0 1 2
0 1024 36 1079 65 474 0 0 1 2
0 1027 36 1082 65 475 0 0 1 2
0 1032 36 1087 65 476 0 0 1 2
0 1035 38 1090 68 477 0 0 1 2
0 1038 38 1093 68 478 0 0 1 2
0 1043 38 1098 68 479 0 0 1 2
0 1046 38 1101 68 480 0 0 1 2
0 1049 38 1104 68 481 0 0 1 2
0 1054 38 1109 68 482 0 0 1 2
0 1057 38 1112 68 483 0 0 1 2
0 1060 38 1115 68 484 0 0 1 2
0 1065 40 1120 70 485 0 0 1 2
0 1068 40 1123 70 486 0 0 1 2
0 1071 40 1126 70 487 0 0 1 2
0 1076 40 1131 70 488 0 0 1 2
0 1079 40 1134 70 489 0 0 1 2
0 1082 40 1137 70 490 0 0 1 2
0 1087 40 1142 70 491 0 0 1 2
0 1090 40 1145 70 492 0 0 1 2
0 1093 43 1148 72 493 0 0 1 2
0 1098 43 1153 72 494 0 0 1 2
0 1101 43 1156 72 495 0 0 1 2
0 1104 43 1159 72 496 0 0 1 2
0 1109 43 1165 72 497 0 0 1 2
0 1112 43 1167 72 498 0 0 1 2
0 1115 43 1170 72 499 0 0 1 2
0 1120 45 1176 74 500 0 0 0 2
0 1120 45 1176 74 501 0 0 1 2
0 1123 45 1176 74 502 0 0 1 2
0 1126 45 1176 77 503 0 0 1 2
0 1129 45 1176 77 504 0 0 1 2
0 1129 45 1176 77 505 0 0 1 2
0 1131 45 1176 79 506 0 0 1 2
0 1134 45 1176 79 507 0 0 1 2
0 1137 45 1178 81 508 0 0 0 2
9 1878 675 1908 695 0 0 0 0 2
9 1878 673 1908 693 1 0 0 1 2
9 1878 673 1908 693 2 0 0 1 2
9 1878 673 1908 693 3 0 0 1 2
9 1878 673 1908 693 4 0 0 1 2
9 1878 673 1908 693 5 0 0 1 2
9 1878 673 1908 693 6 0 0 1 2
9 1878 673 1908 693 7 0 0 1 2
9 1878 673 1908 693 8 0 0 1 2
9 1878 673 1908 693 9 0 0 1 2
9 1878 673 1908 693 10 0 0 1 2
9 1878 673 1908 693 11 0 0 1 2
9 1878 673 1908 693 12 0 0 1 2
9 1878 673 1908 693 13 0 0 1 2
9 1878 673 1908 693 14 0 0 1 2
9 1878 673 1908 693 15 0 0 1 2
9 1878 673 1908 693 16 0 0 1 2
9 1878 673 1908 693 17 0 0 1 2
9 1878 673 1908 693 18 0 0 1 2
9 1878 673 1908 693 19 0 0 1 2
9 1878 673 1908 693 20 0 0 1 2
9 1878 673 1908 693 21 0 0 1 2
9 1878 673 1908 693 22 0 0 1 2
9 1878 673 1908 693 23 0 0 1 2
9 1878 673 1908 693 24 0 0 1 2
9 1878 673 1908 693 25 0 0 1 2
9 1878 673 1908 693 26 0 0 1 2
9 1878 673 1908 693 27 0 0 1 2
9 1878 673 1908 693 28 0 0 1 2
9 1878 670 1908 691 29 0 0 1 2
9 1878 670 1908 691 30 0 0 1 2
9 1878 670 1908 691 31 0 0 1 2
9 1878 670 1908 691 32 0 0 1 2
9 1878 670 1908 691 33 0 0 1 2
9 1878 670 1908 691 34 0 0 1 2
9 1878 670 1908 691 35 0 0 1 2
9 1878 670 1908 691 36 0 0 1 2
9 1878 670 1908 691 37 0 0 1 2
9 1878 670 1908 691 38 0 0 1 2
9 1878 670 1908 691 39 0 0 1 2
9 1878 670 1908 691 40 0 0 1 2
9 1878 670 1908 691 41 0 0 1 2
9 1878 670 1908 691 42 0 0 1 2
9 1881 670 1911 691 43 0 0 1 2
9 1881 670 1911 691 44 0 0 1 2
9 1881 670 1911 691 45 0 0 1 2
9 1881 670 1911 691 46 0 0 1 2
9 1881 670 1911 691 47 0 0 1 2
9 1881 670 1911 691 48 0 0 1 2
9 1881 670 1911 691 49 0 0 1 2
9 1881 670 1911 691 50 0 0 1 2
9 1881 670 1911 691 51 0 0 1 2
9 1881 670 1911 691 52 0 0 1 2
9 1881 670 1911 691 53 0 0 1 2
9 1881 670 1911 691 54 0 0 1 2
9 1881 670 1911 691 55 0 0 1 2
9 1881 670 1911 691 56 0 0 1 2
9 1881 668 1911 689 57 0 0 1 2
9 1881 668 1911 689 58 0 0 1 2
9 1881 668 1911 689 59 0 0 1 2
9 1881 668 1911 689 60 0 0 1 2
9 1881 668 1911 689 61 0 0 1 2
9 1881 668 1911 689 62 0 0 1 2
9 1881 668 1911 689 63 0 0 1 2
9 1881 668 1911 689 64 0 0 1 2
9 1881 668 1911 689 65 0 0 1 2
9 1881 668 1911 689 66 0 0 1 2
9 1881 668 1911 689 67 0 0 1 2
9 1881 668 1911 689 68 0 0 1 2
9 1881 668 1911 689 69 0 0 1 2
9 1881 668 1911 689 70 0 0 1 2
9 1881 668 1911 689 71 0 0 1 2
9 1881 668 1911 689 72 0 0 1 2
9 1881 668 1911 689 73 0 0 1 2
9 1881 668 1911 689 74 0 0 1 2
9 1881 668 1911 689 75 0 0 1 2
9 1881 668 1911 689 76 0 0 1 2
9 1881 668 1911 689 77 0 0 1 2
9 1881 668 1911 689 78 0 0 1 2
9 1881 668 1911 689 79 0 0 1 2
9 1881 668 1911 689 80 0 0 1 2
9 1881 668 1911 689 81 0 0 1 2
9 1881 668 1911 689 82 0 0 1 2
9 1881 668 1911 689 83 0 0 1 2
9 1881 668 1911 689 84 0 0 1 2
9 1883 668 1914 689 85 0 0 1 2
9 1883 666 1914 686 86 0 0 1 2
9 1883 666 1914 686 87 0 0 1 2
9 1883 666 1914 686 88 0 0 1 2
9 1883 666 1914 686 89 0 0 1 2
9 1883 666 1914 686 90 0 0 1 2
9 1883 666 1914 686 91 0 0 1 2
9 1883 666 1914 686 92 0 0 1 2
9 1883 666 1914 686 93 0 0 1 2
9 1883 666 1914 686 94 0 0 1 2
9 1883 666 1914 686 95 0 0 1 2
9 1883 666 1914 686 96 0 0 1 2
9 1883 666 1914 686 97 0 0 1 2
9 1883 666 1914 686 98 0 0 1 2
9 1883 666 1914 686 99 0 0 1 2
9 1883 666 1914 686 100 0 0 1 2
9 1883 666 1914 686 101 0 0 1 2
9 1883 666 1914 686 102 0 0 1 2
9 1883 666 1914 686 103 0 0 1 2
9 1883 666 1914 686 104 0 0 1 2
9 1883 666 1914 686 105 0 0 1 2
9 1883 666 1914 686 106 0 0 1 2
9 1883 666 1914 686 107 0 0 1 2
9 1883 666 1914 686 108 0 0 1 2
9 1883 666 1914 686 109 0 0 1 2
9 1883 666 1914 686 110 0 0 1 2
9 1883 666 1914 686 111 0 0 1 2
9 1883 666 1914 686 112 0 0 1 2
9 1883 666 1914 686 113 0 0 1 2
9 1883 664 1914 684 114 0 0 1 2
9 1883 664 1914 684 115 0 0 1 2
9 1883 664 1914 684 116 0 0 1 2
9 1883 664 1914 684 117 0 0 1 2
9 1883 664 1914 684 118 0 0 1 2
9 1883 664 1914 684 119 0 0 1 2
9 1883 664 1914 684 120 0 0 1 2
9 1883 664 1914 684 121 0 0 1 2
9 1883 664 1914 684 122 0 0 1 2
9 1883 664 1914 684 123 0 0 1 2
9 1883 664 1914 684 124 0 0 1 2
9 1883 664 1914 684 125 0 0 1 2
9 1883 664 1914 684 126 0 0 1 2
9 1883 664 1914 684 127 0 0 1 2
9 1886 664 1916 684 128 0 0 1 2
9 1886 664 1916 684 129 0 0 1 2
9 1886 664 1916 684 130 0 0 1 2
9 1886 664 1916 684 131 0 0 1 2
9 1886 664 1916 684 132 0 0 1 2
9 1886 664 1916 684 133 0 0 1 2
9 1886 664 1916 684 134 0 0 1 2
9 1886 664 1916 684 135 0 0 1 2
9 1886 664 1916 684 136 0 0 1 2
9 1886 664 1916 684 137 0 0 1 2
9 1886 664 1916 684 138 0 0 1 2
9 1886 664 1916 684 139 0 0 1 2
9 1886 664 1916 684 140 0 0 1 2
9 1886 664 1916 684 141 0 0 1 2
9 1886 661 1916 682 142 0 0 1 2
9 1886 661 1916 682 143 0 0 1 2
9 1886 661 1916 682 144 0 0 1 2
9 1886 661 1916 682 145 0 0 1 2
9 1886 661 1916 682 146 0 0 1 2
9 1886 661 1916 682 147 0 0 1 2
9 1886 661 1916 682 148 0 0 1 2
9 1886 661 1916 682 149 0 0 1 2
9 1886 661 1916 682 150 0 0 1 2
9 1886 661 1916 682 151 0 0 1 2
9 1886 661 1916 682 152 0 0 1 2
9 1886 661 1916 682 153 0 0 1 2
9 1886 661 1916 682 154 0 0 1 2
9 1886 661 1916 682 155 0 0 1 2
9 1886 661 1916 682 156 0 0 1 2
9 1886 661 1916 682 157 0 0 1 2
9 1886 661 1916 682 158 0 0 1 2
9 1886 661 1916 682 159 0 0 1 2
9 1886 661 1916 682 160 0 0 1 2
9 1886 661 1916 682 161 0 0 1 2
9 1886 661 1916 682 162 0 0 1 2
9 1886 661 1916 682 163 0 0 1 2
9 1886 661 1916 682 164 0 0 1 2
9 1886 661 1916 682 165 0 0 1 2
9 1886 661 1916 682 166 0 0 1 2
9 1886 661 1916 682 167 0 0 1 2
9 1886 661 1916 682 168 0 0 1 2
9 1886 661 1916 682 169 0 0 1 2
9 1889 661 1919 682 170 0 0 0 2
9 1889 661 1919 682 171 0 0 1 2
9 1889 661 1919 682 172 0 0 1 2
9 1889 661 1919 682 173 0 0 1 2
9 1889 661 1919 682 174 0 0 1 2
9 1889 661 1919 682 175 0 0 1 2
9 1889 661 1919 682 176 0 0 1 2
9 1889 661 1919 682 177 0 0 1 2
9 1889 661 1919 682 178 0 0 1 2
9 1889 661 1919 682 179 0 0 1 2
9 1889 661 1919 682 180 0 0 1 2
9 1889 661 1919 682 181 0 0 1 2
9 1889 661 1919 682 182 0 0 1 2
9 1889 661 1919 682 183 0 0 1 2
9 1889 661 1919 682 184 0 0 1 2
9 1889 661 1919 682 185 0 0 1 2
9 1889 661 1919 682 186 0 0 1 2
9 1889 661 1919 682 187 0 0 1 2
9 1889 661 1919 682 188 0 0 1 2
9 1889 661 1919 682 189 0 0 1 2
9 1889 661 1919 682 190 0 0 1 2
9 1889 661 1919 682 191 0 0 1 2
9 1889 661 1919 682 192 0 0 1 2
9 1889 661 1919 682 193 0 0 1 2
9 1889 661 1919 682 194 0 0 1 2
9 1889 661 1919 682 195 0 0 1 2
9 1889 661 1919 682 196 0 0 1 2
9 1889 661 1919 682 197 0 0 1 2
9 1889 661 1919 682 198 0 0 1 2
9 1889 661 1919 682 199 0 0 1 2
9 1889 661 1919 682 200 0 0 1 2
9 1889 661 1919 682 201 0 0 1 2
9 1889 661 1919 682 202 0 0 1 2
9 1889 661 1919 682 203 0 0 1 2
9 1889 661 1919 682 204 0 0 1 2
9 1889 661 1919 682 205 0 0 1 2
9 1889 661 1919 682 206 0 0 1 2
9 1889 661 1919 682 207 0 0 1 2
9 1889 661 1919 682 208 0 0 1 2
9 1889 661 1919 682 209 0 0 1 2
9 1889 661 1919 682 210 0 0 1 2
9 1889 661 1919 682 211 0 0 1 2
9 1889 661 1919 682 212 0 0 1 2
9 1889 661 1919 682 213 0 0 1 2
9 1889 661 1919 682 214 0 0 1 2
9 1889 661 1919 682 215 0 0 1 2
9 1889 661 1919 682 216 0 0 1 2
9 1889 661 1919 682 217 0 0 1 2
9 1889 661 1919 682 218 0 0 1 2
9 1889 661 1919 682 219 0 0 1 2
9 1889 661 1919 682 220 0 0 1 2
9 1889 661 1919 682 221 0 0 1 2
9 1889 661 1919 682 222 0 0 1 2
9 1889 661 1919 682 223 0 0 1 2
9 1889 661 1919 682 224 0 0 1 2
9 1889 661 1919 682 225 0 0 1 2
9 1889 661 1919 682 226 0 0 1 2
9 1889 661 1919 682 227 0 0 1 2
9 1889 661 1919 682 228 0 0 1 2
9 1889 661 1919 682 229 0 0 1 2
9 1889 661 1919 682 230 0 0 1 2
9 1889 661 1919 682 231 0 0 1 2
9 1889 661 1919 682 232 0 0 1 2
9 1889 661 1919 682 233 0 0 1 2
9 1889 661 1919 682 234 0 0 1 2
9 1889 661 1919 682 235 0 0 1 2
9 1889 661 1919 682 236 0 0 1 2
9 1889 661 1919 682 237 0 0 1 2
9 1889 661 1919 682 238 0 0 1 2
9 1889 661 1919 682 239 0 0 1 2
9 1889 661 1919 682 240 0 0 1 2
9 1889 661 1919 682 241 0 0 1 2
9 1889 661 1919 682 242 0 0 1 2
9 1889 661 1919 682 243 0 0 1 2
9 1889 661 1919 682 244 0 0 1 2
9 1889 661 1919 682 245 0 0 1 2
9 1889 661 1919 682 246 0 0 1 2
9 1889 661 1919 682 247 0 0 1 2
9 1889 661 1919 682 248 0 0 1 2
9 1889 661 1919 682 249 0 0 1 2
9 1889 661 1919 682 250 0 0 1 2
9 1889 661 1919 682 251 0 0 1 2
9 1889 661 1919 682 252 0 0 1 2
9 1889 661 1919 682 253 0 0 1 2
9 1889 661 1919 682 254 0 0 1 2
9 1889 661 1919 682 255 0 0 1 2
9 1889 661 1919 682 256 0 0 1 2
9 1889 661 1919 682 257 0 0 1 2
9 1889 661 1919 682 258 0 0 1 2
9 1889 661 1919 682 259 0 0 1 2
9 1889 661 1919 682 260 0 0 1 2
9 1889 661 1919 682 261 0 0 1 2
9 1889 661 1919 682 262 0 0 1 2
9 1889 661 1919 682 263 0 0 1 2
9 1889 661 1919 682 264 0 0 1 2
9 1889 661 1919 682 265 0 0 1 2
9 1889 661 1919 682 266 0 0 1 2
9 1889 661 1919 682 267 0 0 1 2
9 1889 661 1919 682 268 0 0 1 2
9 1889 661 1919 682 269 0 0 1 2
9 1889 661 1919 682 270 0 0 1 2
9 1889 661 1919 682 271 0 0 1 2
9 1889 661 1919 682 272 0 0 1 2
9 1889 661 1919 682 273 0 0 1 2
9 1889 661 1919 682 274 0 0 1 2
9 1889 661 1919 682 275 0 0 1 2
9 1889 661 1919 682 276 0 0 1 2
9 1889 661 1919 682 277 0 0 1 2
9 1889 661 1919 682 278 0 0 1 2
9 1889 661 1919 682 279 0 0 1 2
9 1889 661 1919 682 280 0 0 1 2
9 1889 661 1919 682 281 0 0 1 2
9 1889 661 1919 682 282 0 0 1 2
9 1889 661 1919 682 283 0 0 1 2
9 1889 661 1919 682 284 0 0 1 2
9 1889 661 1919 682 285 0 0 1 2
9 1889 661 1919 682 286 0 0 1 2
9 1889 661 1919 682 287 0 0 1 2
9 1889 661 1919 682 288 0 0 1 2
9 1889 661 1919 682 289 0 0 1 2
9 1889 661 1919 682 290 0 0 1 2
9 1889 661 1919 682 291 0 0 1 2
9 1889 661 1919 682 292 0 0 1 2
9 1889 661 1919 682 293 0 0 1 2
9 1889 661 1919 682 294 0 0 1 2
9 1889 661 1919 682 295 0 0 1 2
9 1889 661 1919 682 296 0 0 1 2
9 1889 661 1919 682 297 0 0 1 2
9 1889 661 1919 682 298 0 0 1 2
9 1889 661 1919 682 299 0 0 1 2
9 1889 661 1919 682 300 0 0 1 2
9 1889 661 1919 682 301 0 0 1 2
9 1889 661 1919 682 302 0 0 1 2
9 1889 661 1919 682 303 0 0 1 2
9 1889 661 1919 682 304 0 0 1 2
9 1889 661 1919 682 305 0 0 1 2
9 1889 661 1919 682 306 0 0 1 2
9 1889 661 1919 682 307 0 0 1 2
9 1889 661 1919 682 308 0 0 1 2
9 1889 661 1919 682 309 0 0 1 2
9 1889 661 1919 682 310 0 0 1 2
9 1889 661 1919 682 311 0 0 1 2
9 1889 661 1919 682 312 0 0 1 2
9 1889 661 1919 682 313 0 0 1 2
9 1889 661 1919 682 314 0 0 1 2
9 1889 661 1919 682 315 0 0 1 2
9 1889 661 1919 682 316 0 0 1 2
9 1889 661 1919 682 317 0 0 1 2
9 1889 661 1919 682 318 0 0 1 2
9 1889 661 1919 682 319 0 0 1 2
9 1889 661 1919 682 320 0 0 1 2
9 1889 661 1919 682 321 0 0 1 2
9 1889 661 1919 682 322 0 0 1 2
9 1889 661 1919 682 323 0 0 1 2
9 1889 661 1919 682 324 0 0 1 2
9 1889 661 1919 682 325 0 0 1 2
9 1889 661 1919 682 326 0 0 1 2
9 1889 661 1919 682 327 0 0 1 2
9 1889 661 1919 682 328 0 0 1 2
9 1889 661 1919 682 329 0 0 1 2
9 1889 661 1919 682 330 0 0 1 2
9 1889 661 1919 682 331 0 0 1 2
9 1889 661 1919 682 332 0 0 1 2
9 1889 661 1919 682 333 0 0 1 2
9 1889 661 1919 682 334 0 0 1 2
9 1889 661 1919 682 335 0 0 1 2
9 1889 661 1919 682 336 0 0 1 2
9 1889 661 1919 682 337 0 0 1 2
9 1889 661 1919 682 338 0 0 1 2
9 1889 661 1919 682 339 0 0 1 2
9 1889 661 1919 682 340 0 0 1 2
9 1889 661 1919 682 341 0 0 1 2
9 1889 661 1919 682 342 0 0 1 2
9 1889 661 1919 682 343 0 0 1 2
9 1889 661 1919 682 344 0 0 1 2
9 1889 661 1919 682 345 0 0 1 2
9 1889 661 1919 682 346 0 0 1 2
9 1889 661 1919 682 347 0 0 1 2
9 1889 661 1919 682 348 0 0 1 2
9 1889 661 1919 682 349 0 0 1 2
9 1889 661 1919 682 350 0 0 1 2
9 1889 661 1919 682 351 0 0 1 2
9 1889 661 1919 682 352 0 0 1 2
9 1889 661 1919 682 353 0 0 1 2
9 1889 661 1919 682 354 0 0 1 2
9 1889 661 1919 682 355 0 0 1 2
9 1889 661 1919 682 356 0 0 1 2
9 1889 661 1919 682 357 0 0 1 2
9 1889 661 1919 682 358 0 0 1 2
9 1889 661 1919 682 359 0 0 1 2
9 1889 661 1919 682 360 0 0 1 2
9 1889 661 1919 682 361 0 0 1 2
9 1889 661 1919 682 362 0 0 1 2
9 1889 661 1919 682 363 0 0 1 2
9 1889 661 1919 682 364 0 0 1 2
9 1889 661 1919 682 365 0 0 1 2
9 1889 661 1919 682 366 0 0 1 2
9 1889 661 1919 682 367 0 0 1 2
9 1889 661 1919 682 368 0 0 1 2
9 1889 661 1919 682 369 0 0 1 2
9 1889 661 1919 682 370 0 0 1 2
9 1889 661 1919 682 371 0 0 1 2
9 1889 661 1919 682 372 0 0 1 2
9 1889 661 1919 682 373 0 0 1 2
9 1889 661 1919 682 374 0 0 1 2
9 1889 661 1919 682 375 0 0 1 2
9 1889 661 1919 682 376 0 0 1 2
9 1889 661 1919 682 377 0 0 1 2
9 1889 661 1919 682 378 0 0 1 2
9 1889 661 1919 682 379 0 0 1 2
9 1889 661 1919 682 380 0 0 1 2
9 1889 661 1919 682 381 0 0 1 2
9 1889 661 1919 682 382 0 0 1 2
9 1889 661 1919 682 383 0 0 1 2
9 1889 661 1919 682 384 0 0 1 2
9 1889 661 1919 682 385 0 0 1 2
9 1889 661 1919 682 386 0 0 1 2
9 1889 661 1919 682 387 0 0 1 2
9 1889 661 1919 682 388 0 0 1 2
9 1889 661 1919 682 389 0 0 1 2
9 1889 661 1919 682 390 0 0 1 2
9 1889 661 1919 682 391 0 0 1 2
9 1889 661 1919 682 392 0 0 1 2
9 1889 661 1919 682 393 0 0 1 2
9 1889 661 1919 682 394 0 0 1 2
9 1889 661 1919 682 395 0 0 1 2
9 1889 661 1919 682 396 0 0 1 2
9 1889 661 1919 682 397 0 0 1 2
9 1889 661 1919 682 398 0 0 1 2
9 1889 661 1919 682 399 0 0 1 2
9 1889 661 1919 682 400 0 0 1 2
9 1889 661 1919 682 401 0 0 1 2
9 1889 661 1919 682 402 0 0 1 2
9 1889 661 1919 682 403 0 0 1 2
9 1889 661 1919 682 404 0 0 1 2
9 1889 661 1919 682 405 0 0 1 2
9 1889 661 1919 682 406 0 0 1 2
9 1889 661 1919 682 407 0 0 1 2
9 1889 661 1919 682 408 0 0 1 2
9 1889 661 1919 682 409 0 0 1 2
9 1889 661 1919 682 410 0 0 1 2
9 1889 661 1919 682 411 0 0 1 2
9 1889 661 1919 682 412 0 0 1 2
9 1889 661 1919 682 413 0 0 1 2
9 1889 661 1919 682 414 0 0 1 2
9 1889 661 1919 682 415 0 0 1 2
9 1889 661 1919 682 416 0 0 1 2
9 1889 661 1919 682 417 0 0 1 2
9 1889 661 1919 682 418 0 0 1 2
9 1889 661 1919 682 419 0 0 1 2
9 1889 661 1919 682 420 0 0 1 2
9 1889 661 1919 682 421 0 0 1 2
9 1889 661 1919 682 422 0 0 1 2
9 1889 661 1919 682 423 0 0 1 2
9 1889 661 1919 682 424 0 0 1 2
9 1889 661 1919 682 425 0 0 1 2
9 1889 661 1919 682 426 0 0 1 2
9 1889 661 1919 682 427 0 0 1 2
9 1889 661 1919 682 428 0 0 1 2
9 1889 661 1919 682 429 0 0 1 2
9 1889 661 1919 682 430 0 0 1 2
9 1889 661 1919 682 431 0 0 1 2
9 1889 661 1919 682 432 0 0 1 2
9 1889 661 1919 682 433 0 0 1 2
9 1889 661 1919 682 434 0 0 1 2
9 1889 661 1919 682 435 0 0 1 2
9 1889 661 1919 682 436 0 0 1 2
9 1889 661 1919 682 437 0 0 1 2
9 1889 661 1919 682 438 0 0 1 2
9 1889 661 1919 682 439 0 0 1 2
9 1889 661 1919 682 440 0 0 1 2
9 1889 661 1919 682 441 0 0 1 2
9 1889 661 1919 682 442 0 0 1 2
9 1889 661 1919 682 443 0 0 1 2
9 1889 661 1919 682 444 0 0 1 2
9 1889 661 1919 682 445 0 0 1 2
9 1889 661 1919 682 446 0 0 1 2
9 1889 661 1919 682 447 0 0 1 2
9 1889 661 1919 682 448 0 0 1 2
9 1889 661 1919 682 449 0 0 1 2
9 1889 661 1919 682 450 0 0 1 2
9 1889 661 1919 682 451 0 0 1 2
9 1889 661 1919 682 452 0 0 1 2
9 1889 661 1919 682 453 0 0 1 2
9 1889 661 1919 682 454 0 0 1 2
9 1889 661 1919 682 455 0 0 1 2
9 1889 661 1919 682 456 0 0 1 2
9 1889 661 1919 682 457 0 0 1 2
9 1889 661 1919 682 458 0 0 1 2
9 1889 661 1919 682 459 0 0 1 2
9 1889 661 1919 682 460 0 0 1 2
9 1889 661 1919 682 461 0 0 1 2
9 1889 661 1919 682 462 0 0 1 2
9 1889 661 1919 682 463 0 0 1 2
9 1889 661 1919 682 464 0 0 1 2
9 1889 661 1919 682 465 0 0 1 2
9 1889 661 1919 682 466 0 0 1 2
9 1889 661 1919 682 467 0 0 1 2
9 1889 661 1919 682 468 0 0 1 2
9 1889 661 1919 682 469 0 0 1 2
9 1889 661 1919 682 470 0 0 1 2
9 1889 661 1919 682 471 0 0 1 2
9 1889 661 1919 682 472 0 0 1 2
9 1889 661 1919 682 473 0 0 1 2
9 1889 661 1919 682 474 0 0 1 2
9 1889 661 1919 682 475 0 0 1 2
9 1889 661 1919 682 476 0 0 1 2
9 1889 661 1919 682 477 0 0 1 2
9 1889 661 1919 682 478 0 0 1 2
9 1889 661 1919 682 479 0 0 1 2
9 1889 661 1919 682 480 0 0 1 2
9 1889 661 1919 682 481 0 0 1 2
9 1889 661 1919 682 482 0 0 1 2
9 1889 661 1919 682 483 0 0 1 2
9 1889 661 1919 682 484 0 0 1 2
9 1889 661 1919 682 485 0 0 1 2
9 1889 661 1919 682 486 0 0 1 2
9 1889 661 1919 682 487 0 0 1 2
9 1889 661 1919 682 488 0 0 1 2
9 1889 661 1919 682 489 0 0 1 2
9 1889 661 1919 682 490 0 0 1 2
9 1889 661 1919 682 491 0 0 1 2
9 1889 661 1919 682 492 0 0 1 2
9 1889 661 1919 682 493 0 0 1 2
9 1889 661 1919 682 494 0 0 1 2
9 1889 661 1919 682 495 0 0 1 2
9 1889 661 1919 682 496 0 0 1 2
9 1889 661 1919 682 497 0 0 1 2
9 1889 661 1919 682 498 0 0 1 2
9 1889 661 1919 682 499 0 0 1 2
9 1889 661 1919 682 500 0 0 1 2
9 1889 661 1919 682 501 0 0 1 2
9 1889 661 1919 682 502 0 0 1 2
9 1889 661 1919 682 503 0 0 1 2
9 1889 661 1919 682 504 0 0 1 2
9 1889 661 1919 682 505 0 0 1 2
9 1889 661 1919 682 506 0 0 1 2
9 1889 661 1919 682 507 0 0 1 2
9 1889 661 1919 682 508 0 0 0 2
10 1861 657 1892 680 0 0 0 0 2
10 1861 655 1892 677 1 0 0 1 2
10 1861 655 1892 677 2 0 0 1 2
10 1861 655 1892 677 3 0 0 1 2
10 1861 655 1892 677 4 0 0 1 2
10 1864 655 1894 677 5 0 0 1 2
10 1864 655 1894 677 6 0 0 1 2
10 1864 655 1894 677 7 0 0 1 2
10 1864 652 1894 675 8 0 0 1 2
10 1867 652 1897 675 9 0 0 1 2
10 1867 652 1897 675 10 0 0 1 2
10 1867 652 1897 675 11 0 0 1 2
10 1867 652 1897 675 12 0 0 1 2
10 1870 652 1900 675 13 0 0 1 2
10 1870 652 1900 675 14 0 0 1 2
10 1870 652 1900 675 15 0 0 1 2
10 1870 650 1900 673 16 0 0 1 2
10 1870 650 1900 673 17 0 0 1 2
10 1872 650 1903 673 18 0 0 1 2
10 1872 650 1903 673 19 0 0 1 2
10 1872 650 1903 673 20 0 0 1 2
10 1872 650 1903 673 21 0 0 1 2
10 1875 650 1905 673 22 0 0 1 2
10 1875 648 1905 670 23 0 0 1 2
10 1875 648 1905 670 24 0 0 1 2
10 1875 648 1905 670 25 0 0 1 2
10 1878 648 1908 670 26 0 0 1 2
10 1878 648 1908 670 27 0 0 1 2
10 1878 648 1908 670 28 0 0 1 2
10 1878 648 1908 670 29 0 0 1 2
10 1881 648 1911 670 30 0 0 0 2
10 1881 646 1911 668 31 0 0 1 2
10 1881 646 1911 668 32 0 0 1 2
10 1881 646 1911 668 33 0 0 1 2
10 1881 646 1911 668 34 0 0 1 2
10 1881 646 1911 668 35 0 0 1 2
10 1881 646 1911 668 36 0 0 1 2
10 1881 646 1911 668 37 0 0 1 2
10 1881 646 1911 668 38 0 0 1 2
10 1883 646 1914 668 39 0 0 1 2
10 1883 646 1914 668 40 0 0 1 2
10 1883 646 1914 668 41 0 0 1 2
10 1883 646 1914 668 42 0 0 1 2
10 1883 646 1914 668 43 0 0 1 2
10 1883 646 1914 668 44 0 0 1 2
10 1883 646 1914 668 45 0 0 1 2
10 1883 646 1914 668 46 0 0 1 2
10 1883 646 1914 668 47 0 0 1 2
10 1886 646 1916 668 48 0 0 1 2
10 1886 646 1916 668 49 0 0 1 2
10 1886 646 1916 668 50 0 0 1 2
10 1886 646 1916 668 51 0 0 1 2
10 1886 646 1916 668 52 0 0 1 2
10 1886 646 1916 668 53 0 0 1 2
10 1886 646 1916 668 54 0 0 1 2
10 1886 646 1916 668 55 0 0 1 2
10 1886 646 1916 668 56 0 0 1 2
10 1889 646 1919 668 57 0 0 1 2
10 1889 646 1919 668 58 0 0 1 2
10 1889 646 1919 668 59 0 0 1 2
10 1889 646 1919 668 60 0 0 1 2
10 1889 646 1919 668 61 0 0 1 2
10 1889 646 1919 668 62 0 0 1 2
10 1889 646 1919 668 63 0 0 1 2
10 1889 646 1919 668 64 0 0 1 2
10 1892 646 1922 668 65 0 0 1 2
10 1892 646 1922 668 66 0 0 1 2
10 1892 646 1922 668 67 0 0 1 2
10 1892 646 1922 668 68 0 0 1 2
10 1892 646 1922 668 69 0 0 1 2
10 1892 646 1922 668 70 0 0 1 2
10 1892 646 1922 668 71 0 0 1 2
10 1892 646 1922 668 72 0 0 1 2
10 1892 646 1922 668 73 0 0 1 2
10 1894 646 1925 668 74 0 0 1 2
10 1894 646 1925 668 75 0 0 1 2
10 1894 646 1925 668 76 0 0 1 2
10 1894 646 1925 668 77 0 0 1 2
10 1894 646 1925 668 78 0 0 1 2
10 1894 646 1925 668 79 0 0 1 2
10 1894 646 1925 668 80 0 0 1 2
10 1894 646 1925 668 81 0 0 1 2
10 1894 646 1925 668 82 0 0 1 2
10 1897 646 1927 668 83 0 0 1 2
10 1897 646 1927 668 84 0 0 1 2
10 1897 646 1927 668 85 0 0 1 2
10 1897 646 1927 668 86 0 0 1 2
10 1897 646 1927 668 87 0 0 1 2
10 1897 646 1927 668 88 0 0 1 2
10 1897 646 1927 668 89 0 0 1 2
10 1897 646 1927 668 90 0 0 1 2
10 1897 646 1927 668 91 0 0 1 2
10 1900 646 1930 668 92 0 0 1 2
10 1900 646 1930 668 93 0 0 1 2
10 1900 646 1930 668 94 0 0 1 2
10 1900 646 1930 668 95 0 0 1 2
10 1900 646 1930 668 96 0 0 1 2
10 1900 646 1930 668 97 0 0 1 2
10 1900 646 1930 668 98 0 0 1 2
10 1900 646 1930 668 99 0 0 1 2
10 1903 646 1933 668 100 0 0 0 2
10 1903 646 1933 668 101 0 0 1 2
10 1903 646 1933 668 102 0 0 1 2
10 1903 646 1933 668 103 0 0 1 2
10 1903 646 1933 668 104 0 0 1 2
10 1903 646 1933 668 105 0 0 1 2
10 1905 646 1936 668 106 0 0 1 2
10 1905 646 1936 668 107 0 0 1 2
10 1905 646 1936 668 108 0 0 1 2
10 1905 646 1936 668 109 0 0 1 2
10 1905 648 1936 670 110 0 0 1 2
10 1905 648 1936 670 111 0 0 1 2
10 1908 648 1938 670 112 0 0 1 2
10 1908 648 1938 670 113 0 0 1 2
10 1908 648 1938 670 114 0 0 1 2
10 1908 648 1938 670 115 0 0 1 2
10 1908 648 1938 670 116 0 0 1 2
10 1908 648 1938 670 117 0 0 1 2
10 1911 648 1941 670 118 0 0 1 2
10 1911 648 1941 670 119 0 0 1 2
10 1911 650 1941 673 120 0 0 1 2
10 1911 650 1941 673 121 0 0 1 2
10 1911 650 1941 673 122 0 0 1 2
10 1911 650 1941 673 123 0 0 1 2
10 1914 650 1944 673 124 0 0 1 2
10 1914 650 1944 673 125 0 0 1 2
10 1914 650 1944 673 126 0 0 1 2
10 1914 650 1944 673 127 0 0 1 2
10 1914 650 1944 673 128 0 0 1 2
10 1914 650 1944 673 129 0 0 1 2
10 1916 652 1947 675 130 0 0 1 2
10 1916 652 1947 675 131 0 0 1 2
10 1916 652 1947 675 132 0 0 1 2
10 1916 652 1947 675 133 0 0 1 2
10 1916 652 1947 675 134 0 0 1 2
10 1919 652 1949 675 135 0 0 1 2
10 1919 652 1949 675 136 0 0 1 2
10 1919 652 1949 675 137 0 0 1 2
10 1919 652 1949 675 138 0 0 1 2
10 1919 652 1949 675 139 0 0 1 2
10 1919 655 1949 677 140 0 0 1 2
10 1922 655 1952 677 141 0 0 1 2
10 1922 655 1952 677 142 0 0 1 2
10 1922 655 1952 677 143 0 0 1 2
10 1922 655 1952 677 144 0 0 1 2
10 1922 655 1952 677 145 0 0 1 2
10 1922 655 1952 677 146 0 0 1 2
10 1925 655 1955 677 147 0 0 1 2
10 1925 655 1955 677 148 0 0 1 2
10 1925 655 1955 677 149 0 0 1 2
10 1925 657 1955 680 150 0 0 1 2
10 1925 657 1955 680 151 0 0 1 2
10 1925 657 1955 680 152 0 0 1 2
10 1927 657 1958 680 153 0 0 1 2
10 1927 657 1958 680 154 0 0 1 2
10 1927 657 1958 680 155 0 0 1 2
10 1927 657 1958 680 156 0 0 1 2
10 1927 657 1958 680 157 0 0 1 2
10 1927 657 1958 680 158 0 0 1 2
10 1930 657 1960 680 159 0 0 1 2
10 1930 659 1960 682 160 0 0 1 2
10 1930 659 1960 682 161 0 0 1 2
10 1930 659 1960 682 162 0 0 1 2
10 1930 659 1960 682 163 0 0 1 2
10 1930 659 1960 682 164 0 0 1 2
10 1933 659 1963 682 165 0 0 1 2
10 1933 659 1963 682 166 0 0 1 2
10 1933 659 1963 682 167 0 0 1 2
10 1933 659 1963 682 168 0 0 1 2
10 1933 659 1963 682 169 0 0 1 2
10 1936 661 1966 684 170 0 0 0 2
10 1933 659 1963 682 171 0 0 1 2
10 1933 659 1963 682 172 0 0 1 2
10 1933 659 1963 682 173 0 0 1 2
10 1933 659 1963 682 174 0 0 1 2
10 1933 659 1963 682 175 0 0 1 2
10 1933 659 1963 682 176 0 0 1 2
10 1933 659 1963 682 177 0 0 1 2
10 1933 659 1963 682 178 0 0 1 2
10 1933 659 1963 682 179 0 0 1 2
10 1933 659 1963 682 180 0 0 1 2
10 1933 659 1963 682 181 0 0 1 2
10 1933 659 1963 682 182 0 0 1 2
10 1933 659 1963 682 183 0 0 1 2
10 1933 659 1963 682 184 0 0 1 2
10 1933 659 1963 682 185 0 0 1 2
10 1933 659 1963 682 186 0 0 1 2
10 1930 659 1960 682 187 0 0 1 2
10 1930 659 1960 682 188 0 0 1 2
10 1930 659 1960 682 189 0 0 1 2
10 1930 659 1960 682 190 0 0 1 2
10 1930 659 1960 682 191 0 0 1 2
10 1930 659 1960 682 192 0 0 1 2
10 1930 659 1960 682 193 0 0 1 2
10 1930 659 1960 682 194 0 0 1 2
10 1930 659 1960 682 195 0 0 1 2
10 1930 659 1960 682 196 0 0 1 2
10 1930 659 1960 682 197 0 0 1 2
10 1930 659 1960 682 198 0 0 1 2
10 1930 659 1960 682 199 0 0 1 2
10 1930 659 1960 682 200 0 0 1 2
10 1930 659 1960 682 201 0 0 1 2
10 1930 659 1960 682 202 0 0 1 2
10 1930 659 1960 682 203 0 0 1 2
10 1927 659 1958 682 204 0 0 1 2
10 1927 659 1958 682 205 0 0 1 2
10 1927 659 1958 682 206 0 0 1 2
10 1927 659 1958 682 207 0 0 1 2
10 1927 659 1958 682 208 0 0 1 2
10 1927 659 1958 682 209 0 0 1 2
10 1927 659 1958 682 210 0 0 1 2
10 1927 659 1958 682 211 0 0 1 2
10 1927 659 1958 682 212 0 0 1 2
10 1927 659 1958 682 213 0 0 1 2
10 1927 659 1958 682 214 0 0 1 2
10 1927 659 1958 682 215 0 0 1 2
10 1927 659 1958 682 216 0 0 1 2
10 1927 659 1958 682 217 0 0 1 2
10 1927 659 1958 682 218 0 0 1 2
10 1927 659 1958 682 219 0 0 1 2
10 1927 659 1958 682 220 0 0 1 2
10 1925 659 1955 682 221 0 0 1 2
10 1925 659 1955 682 222 0 0 1 2
10 1925 659 1955 682 223 0 0 1 2
10 1925 659 1955 682 224 0 0 1 2
10 1925 659 1955 682 225 0 0 1 2
10 1925 659 1955 682 226 0 0 1 2
10 1925 657 1955 680 227 0 0 1 2
10 1925 657 1955 680 228 0 0 1 2
10 1925 657 1955 680 229 0 0 1 2
10 1925 657 1955 680 230 0 0 1 2
10 1925 657 1955 680 231 0 0 1 2
10 1925 657 1955 680 232 0 0 1 2
10 1925 657 1955 680 233 0 0 1 2
10 1925 657 1955 680 234 0 0 1 2
10 1925 657 1955 680 235 0 0 1 2
10 1925 657 1955 680 236 0 0 1 2
10 1925 657 1955 680 237 0 0 1 2
10 1922 657 1952 680 238 0 0 1 2
10 1922 657 1952 680 239 0 0 1 2
10 1922 657 1952 680 240 0 0 1 2
10 1922 657 1952 680 241 0 0 1 2
10 1922 657 1952 680 242 0 0 1 2
10 1922 657 1952 680 243 0 0 1 2
10 1922 657 1952 680 244 0 0 1 2
10 1922 657 1952 680 245 0 0 1 2
10 1922 657 1952 680 246 0 0 1 2
10 1922 657 1952 680 247 0 0 1 2
10 1922 657 1952 680 248 0 0 1 2
10 1922 657 1952 680 249 0 0 1 2
10 1922 657 1952 680 250 0 0 1 2
10 1922 657 1952 680 251 0 0 1 2
10 1922 657 1952 680 252 0 0 1 2
10 1922 657 1952 680 253 0 0 1 2
10 1922 657 1952 680 254 0 0 1 2
10 1919 657 1949 680 255 0 0 1 2
10 1919 657 1949 680 256 0 0 1 2
10 1919 657 1949 680 257 0 0 1 2
10 1919 657 1949 680 258 0 0 1 2
10 1919 657 1949 680 259 0 0 1 2
10 1919 657 1949 680 260 0 0 1 2
10 1919 657 1949 680 261 0 0 1 2
10 1919 657 1949 680 262 0 0 1 2
10 1919 657 1949 680 263 0 0 1 2
10 1919 657 1949 680 264 0 0 1 2
10 1919 657 1949 680 265 0 0 1 2
10 1919 657 1949 680 266 0 0 1 2
10 1919 657 1949 680 267 0 0 1 2
10 1919 657 1949 680 268 0 0 1 2
10 1919 657 1949 680 269 0 0 1 2
10 1919 657 1949 680 270 0 0 1 2
10 1919 657 1949 680 271 0 0 1 2
10 1916 657 1947 680 272 0 0 1 2
10 1916 657 1947 680 273 0 0 1 2
10 1916 657 1947 680 274 0 0 1 2
10 1916 657 1947 680 275 0 0 1 2
10 1916 657 1947 680 276 0 0 1 2
10 1916 657 1947 680 277 0 0 1 2
10 1916 657 1947 680 278 0 0 1 2
10 1916 657 1947 680 279 0 0 1 2
10 1916 657 1947 680 280 0 0 1 2
10 1916 657 1947 680 281 0 0 1 2
10 1916 657 1947 680 282 0 0 1 2
10 1916 655 1947 677 283 0 0 1 2
10 1916 655 1947 677 284 0 0 1 2
10 1916 655 1947 677 285 0 0 1 2
10 1916 655 1947 677 286 0 0 1 2
10 1916 655 1947 677 287 0 0 1 2
10 1916 655 1947 677 288 0 0 1 2
10 1914 655 1944 677 289 0 0 1 2
10 1914 655 1944 677 290 0 0 1 2
10 1914 655 1944 677 291 0 0 1 2
10 1914 655 1944 677 292 0 0 1 2
10 1914 655 1944 677 293 0 0 1 2
10 1914 655 1944 677 294 0 0 1 2
10 1914 655 1944 677 295 0 0 1 2
10 1914 655 1944 677 296 0 0 1 2
10 1914 655 1944 677 297 0 0 1 2
10 1914 655 1944 677 298 0 0 1 2
10 1914 655 1944 677 299 0 0 1 2
10 1914 655 1944 677 300 0 0 1 2
10 1914 655 1944 677 301 0 0 1 2
10 1914 655 1944 677 302 0 0 1 2
10 1914 655 1944 677 303 0 0 1 2
10 1914 655 1944 677 304 0 0 1 2
10 1914 655 1944 677 305 0 0 1 2
10 1911 655 1941 677 306 0 0 1 2
10 1911 655 1941 677 307 0 0 1 2
10 1911 655 1941 677 308 0 0 1 2
10 1911 655 1941 677 309 0 0 1 2
10 1911 655 1941 677 310 0 0 1 2
10 1911 655 1941 677 311 0 0 1 2
10 1911 655 1941 677 312 0 0 1 2
10 1911 655 1941 677 313 0 0 1 2
10 1911 655 1941 677 314 0 0 1 2
10 1911 655 1941 677 315 0 0 1 2
10 1911 655 1941 677 316 0 0 1 2
10 1911 655 1941 677 317 0 0 1 2
10 1911 655 1941 677 318 0 0 1 2
10 1911 655 1941 677 319 0 0 1 2
10 1911 655 1941 677 320 0 0 1 2
10 1911 655 1941 677 321 0 0 1 2
10 1911 655 1941 677 322 0 0 1 2
10 1908 655 1938 677 323 0 0 1 2
10 1908 655 1938 677 324 0 0 1 2
10 1908 655 1938 677 325 0 0 1 2
10 1908 655 1938 677 326 0 0 1 2
10 1908 655 1938 677 327 0 0 1 2
10 1908 655 1938 677 328 0 0 1 2
10 1908 655 1938 677 329 0 0 1 2
10 1908 655 1938 677 330 0 0 1 2
10 1908 655 1938 677 331 0 0 1 2
10 1908 655 1938 677 332 0 0 1 2
10 1908 655 1938 677 333 0 0 1 2
10 1908 655 1938 677 334 0 0 1 2
10 1908 655 1938 677 335 0 0 1 2
10 1908 655 1938 677 336 0 0 1 2
10 1908 655 1938 677 337 0 0 1 2
10 1908 655 1938 677 338 0 0 1 2
10 1908 655 1938 677 339 0 0 1 2
10 1905 652 1936 675 340 0 0 1 2
10 1905 652 1936 675 341 0 0 1 2
10 1905 652 1936 675 342 0 0 1 2
10 1905 652 1936 675 343 0 0 1 2
10 1905 652 1936 675 344 0 0 1 2
10 1905 652 1936 675 345 0 0 1 2
10 1905 652 1936 675 346 0 0 1 2
10 1905 652 1936 675 347 0 0 1 2
10 1905 652 1936 675 348 0 0 1 2
10 1905 652 1936 675 349 0 0 1 2
10 1905 652 1936 675 350 0 0 1 2
10 1905 652 1936 675 351 0 0 1 2
10 1905 652 1936 675 352 0 0 1 2
10 1905 652 1936 675 353 0 0 1 2
10 1905 652 1936 675 354 0 0 1 2
10 1905 652 1936 675 355 0 0 1 2
10 1903 652 1933 675 356 0 0 1 2
10 1903 652 1933 675 357 0 0 1 2
10 1903 652 1933 675 358 0 0 1 2
10 1903 652 1933 675 359 0 0 1 2
10 1903 652 1933 675 360 0 0 1 2
10 1903 652 1933 675 361 0 0 1 2
10 1903 652 1933 675 362 0 0 1 2
10 1903 652 1933 675 363 0 0 1 2
10 1903 652 1933 675 364 0 0 1 2
10 1903 652 1933 675 365 0 0 1 2
10 1903 652 1933 675 366 0 0 1 2
10 1903 652 1933 675 367 0 0 1 2
10 1903 652 1933 675 368 0 0 1 2
10 1903 652 1933 675 369 0 0 1 2
10 1903 652 1933 675 370 0 0 1 2
10 1903 652 1933 675 371 0 0 1 2
10 1903 652 1933 675 372 0 0 1 2
10 1900 652 1930 675 373 0 0 1 2
10 1900 652 1930 675 374 0 0 1 2
10 1900 652 1930 675 375 0 0 1 2
10 1900 652 1930 675 376 0 0 1 2
10 1900 652 1930 675 377 0 0 1 2
10 1900 652 1930 675 378 0 0 1 2
10 1900 652 1930 675 379 0 0 1 2
10 1900 652 1930 675 380 0 0 1 2
10 1900 652 1930 675 381 0 0 1 2
10 1900 652 1930 675 382 0 0 1 2
10 1900 652 1930 675 383 0 0 1 2
10 1900 652 1930 675 384 0 0 1 2
10 1900 652 1930 675 385 0 0 1 2
10 1900 652 1930 675 386 0 0 1 2
10 1900 652 1930 675 387 0 0 1 2
10 1900 652 1930 675 388 0 0 1 2
10 1900 652 1930 675 389 0 0 1 2
10 1897 652 1927 675 390 0 0 1 2
10 1897 652 1927 675 391 0 0 1 2
10 1897 652 1927 675 392 0 0 1 2
10 1897 652 1927 675 393 0 0 1 2
10 1897 652 1927 675 394 0 0 1 2
10 1897 652 1927 675 395 0 0 1 2
10 1897 650 1927 673 396 0 0 1 2
10 1897 650 1927 673 397 0 0 1 2
10 1897 650 1927 673 398 0 0 1 2
10 1897 650 1927 673 399 0 0 1 2
10 1897 650 1927 673 400 0 0 1 2
10 1897 650 1927 673 401 0 0 1 2
10 1897 650 1927 673 402 0 0 1 2
10 1897 650 1927 673 403 0 0 1 2
10 1897 650 1927 673 404 0 0 1 2
10 1897 650 1927 673 405 0 0 1 2
10 1897 650 1927 673 406 0 0 1 2
10 1894 650 1925 673 407 0 0 1 2
10 1894 650 1925 673 408 0 0 1 2
10 1894 650 1925 673 409 0 0 1 2
10 1894 650 1925 673 410 0 0 1 2
10 1894 650 1925 673 411 0 0 1 2
10 1894 650 1925 673 412 0 0 1 2
10 1894 650 1925 673 413 0 0 1 2
10 1894 650 1925 673 414 0 0 1 2
10 1894 650 1925 673 415 0 0 1 2
10 1894 650 1925 673 416 0 0 1 2
10 1894 650 1925 673 417 0 0 1 2
10 1894 650 1925 673 418 0 0 1 2
10 1894 650 1925 673 419 0 0 1 2
10 1894 650 1925 673 420 0 0 1 2
10 1894 650 1925 673 421 0 0 1 2
10 1894 650 1925 673 422 0 0 1 2
10 1894 650 1925 673 423 0 0 1 2
10 1892 650 1922 673 424 0 0 1 2
10 1892 650 1922 673 425 0 0 1 2
10 1892 650 1922 673 426 0 0 1 2
10 1892 650 1922 673 427 0 0 1 2
10 1892 650 1922 673 428 0 0 1 2
10 1892 650 1922 673 429 0 0 1 2
10 1892 650 1922 673 430 0 0 1 2
10 1892 650 1922 673 431 0 0 1 2
10 1892 650 1922 673 432 0 0 1 2
10 1892 650 1922 673 433 0 0 1 2
10 1892 650 1922 673 434 0 0 1 2
10 1892 650 1922 673 435 0 0 1 2
10 1892 650 1922 673 436 0 0 1 2
10 1892 650 1922 673 437 0 0 1 2
10 1892 650 1922 673 438 0 0 1 2
10 1892 650 1922 673 439 0 0 1 2
10 1892 650 1922 673 440 0 0 1 2
10 1889 650 1919 673 441 0 0 1 2
10 1889 650 1919 673 442 0 0 1 2
10 1889 650 1919 673 443 0 0 1 2
10 1889 650 1919 673 444 0 0 1 2
10 1889 650 1919 673 445 0 0 1 2
10 1889 650 1919 673 446 0 0 1 2
10 1889 650 1919 673 447 0 0 1 2
10 1889 650 1919 673 448 0 0 1 2
10 1889 650 1919 673 449 0 0 1 2
10 1889 650 1919 673 450 0 0 1 2
10 1889 650 1919 673 451 0 0 1 2
10 1889 648 1919 670 452 0 0 1 2
10 1889 648 1919 670 453 0 0 1 2
10 1889 648 1919 670 454 0 0 1 2
10 1889 648 1919 670 455 0 0 1 2
10 1889 648 1919 670 456 0 0 1 2
10 1889 648 1919 670 457 0 0 1 2
10 1886 648 1916 670 458 0 0 1 2
10 1886 648 1916 670 459 0 0 1 2
10 1886 648 1916 670 460 0 0 1 2
10 1886 648 1916 670 461 0 0 1 2
10 1886 648 1916 670 462 0 0 1 2
10 1886 648 1916 670 463 0 0 1 2
10 1886 648 1916 670 464 0 0 1 2
10 1886 648 1916 670 465 0 0 1 2
10 1886 648 1916 670 466 0 0 1 2
10 1886 648 1916 670 467 0 0 1 2
10 1886 648 1916 670 468 0 0 1 2
10 1886 648 1916 670 469 0 0 1 2
10 1886 648 1916 670 470 0 0 1 2
10 1886 648 1916 670 471 0 0 1 2
10 1886 648 1916 670 472 0 0 1 2
10 1886 648 1916 670 473 0 0 1 2
10 1886 648 1916 670 474 0 0 1 2
10 1883 648 1914 670 475 0 0 1 2
10 1883 648 1914 670 476 0 0 1 2
10 1883 648 1914 670 477 0 0 1 2
10 1883 648 1914 670 478 0 0 1 2
10 1883 648 1914 670 479 0 0 1 2
10 1883 648 1914 670 480 0 0 1 2
10 1883 648 1914 670 481 0 0 1 2
10 1883 648 1914 670 482 0 0 1 2
10 1883 648 1914 670 483 0 0 1 2
10 1883 648 1914 670 484 0 0 1 2
10 1883 648 1914 670 485 0 0 1 2
10 1883 648 1914 670 486 0 0 1 2
10 1883 648 1914 670 487 0 0 1 2
10 1883 648 1914 670 488 0 0 1 2
10 1883 648 1914 670 489 0 0 1 2
10 1883 648 1914 670 490 0 0 1 2
10 1883 648 1914 670 491 0 0 1 2
10 1881 648 1911 670 492 0 0 1 2
10 1881 648 1911 670 493 0 0 1 2
10 1881 648 1911 670 494 0 0 1 2
10 1881 648 1911 670 495 0 0 1 2
10 1881 648 1911 670 496 0 0 1 2
10 1881 648 1911 670 497 0 0 1 2
10 1881 648 1911 670 498 0 0 1 2
10 1881 648 1911 670 499 0 0 1 2
10 1881 648 1911 670 500 0 0 1 2
10 1881 648 1911 670 501 0 0 1 2
10 1881 648 1911 670 502 0 0 1 2
10 1881 648 1911 670 503 0 0 1 2
10 1881 648 1911 670 504 0 0 1 2
10 1881 648 1911 670 505 0 0 1 2
10 1881 648 1911 670 506 0 0 1 2
10 1881 648 1911 670 507 0 0 1 2
10 1881 648 1911 670 508 0 0 0 2
14 1897 741 1927 772 0 0 0 0 2
14 1897 741 1927 772 1 0 0 1 2
14 1897 741 1927 772 2 0 0 1 2
14 1897 741 1927 772 3 0 0 1 2
14 1897 741 1927 772 4 0 0 1 2
14 1900 741 1930 772 5 0 0 1 2
14 1900 741 1930 772 6 0 0 1 2
14 1900 741 1930 772 7 0 0 1 2
14 1900 741 1930 772 8 0 0 1 2
14 1903 741 1933 772 9 0 0 1 2
14 1903 743 1933 775 10 0 0 1 2
14 1903 743 1933 775 11 0 0 1 2
14 1903 743 1933 775 12 0 0 1 2
14 1903 743 1933 775 13 0 0 1 2
14 1905 743 1936 775 14 0 0 1 2
14 1905 743 1936 775 15 0 0 1 2
14 1905 743 1936 775 16 0 0 1 2
14 1905 743 1936 775 17 0 0 1 2
14 1908 743 1938 775 18 0 0 1 2
14 1908 743 1938 775 19 0 0 1 2
14 1908 745 1938 777 20 0 0 1 2
14 1908 745 1938 777 21 0 0 1 2
14 1908 745 1938 777 22 0 0 1 2
14 1911 745 1941 777 23 0 0 1 2
14 1911 745 1941 777 24 0 0 1 2
14 1911 745 1941 777 25 0 0 1 2
14 1911 745 1941 777 26 0 0 1 2
14 1914 745 1944 777 27 0 0 1 2
14 1914 745 1944 777 28 0 0 1 2
14 1914 745 1944 777 29 0 0 1 2
14 1914 748 1944 779 30 0 0 1 2
14 1914 748 1944 779 31 0 0 1 2
14 1916 748 1947 779 32 0 0 1 2
14 1916 748 1947 779 33 0 0 1 2
14 1916 748 1947 779 34 0 0 1 2
14 1916 748 1947 779 35 0 0 1 2
14 1919 748 1949 779 36 0 0 1 2
14 1919 748 1949 779 37 0 0 1 2
14 1919 748 1949 779 38 0 0 1 2
14 1919 748 1949 779 39 0 0 1 2
14 1922 750 1952 782 508 0 0 0 2
15 1870 859 1919 890 0 0 0 0 2
15 1870 856 1919 888 1 0 0 1 2
15 1870 856 1919 888 2 0 0 1 2
15 1872 856 1922 888 3 0 0 1 2
15 1872 856 1922 888 4 0 0 1 2
15 1872 856 1922 888 5 0 0 1 2
15 1875 856 1925 888 6 0 0 1 2
15 1875 856 1925 888 7 0 0 1 2
15 1875 856 1925 888 8 0 0 1 2
15 1878 854 1927 886 9 0 0 1 2
15 1878 854 1927 886 10 0 0 1 2
15 1878 854 1927 886 11 0 0 1 2
15 1881 854 1930 886 12 0 0 1 2
15 1881 854 1930 886 13 0 0 1 2
15 1881 854 1930 886 14 0 0 1 2
15 1883 854 1933 886 15 0 0 1 2
15 1883 854 1933 886 16 0 0 1 2
15 1883 854 1933 886 17 0 0 1 2
15 1886 852 1936 884 18 0 0 1 2
15 1886 852 1936 884 19 0 0 1 2
15 1886 852 1936 884 20 0 0 1 2
15 1889 852 1938 884 21 0 0 1 2
15 1889 852 1938 884 22 0 0 1 2
15 1889 852 1938 884 23 0 0 1 2
15 1892 852 1941 884 24 0 0 1 2
15 1892 852 1941 884 25 0 0 1 2
15 1892 850 1941 881 26 0 0 1 2
15 1894 850 1944 881 27 0 0 1 2
15 1894 850 1944 881 28 0 0 1 2
15 1894 850 1944 881 29 0 0 1 2
15 1897 850 1947 881 30 0 0 1 2
15 1897 850 1947 881 31 0 0 1 2
15 1897 850 1947 881 32 0 0 1 2
15 1900 850 1949 881 33 0 0 1 2
15 1900 850 1949 881 34 0 0 1 2
15 1900 847 1949 879 35 0 0 1 2
15 1903 847 1952 879 36 0 0 1 2
15 1903 847 1952 879 37 0 0 1 2
15 1903 847 1952 879 38 0 0 1 2
15 1905 847 1955 879 39 0 0 1 2
15 1905 847 1955 879 40 0 0 1 2
15 1905 847 1955 879 41 0 0 1 2
15 1908 847 1958 879 42 0 0 1 2
15 1908 845 1958 877 43 0 0 1 2
15 1908 845 1958 877 44 0 0 1 2
15 1911 845 1960 877 45 0 0 1 2
15 1911 845 1960 877 46 0 0 1 2
15 1911 845 1960 877 47 0 0 1 2
15 1914 845 1963 877 48 0 0 1 2
15 1914 845 1963 877 49 0 0 1 2
15 1914 845 1963 877 50 0 0 1 2
15 1916 845 1966 877 51 0 0 1 2
15 1916 843 1966 874 52 0 0 1 2
15 1916 843 1966 874 53 0 0 1 2
15 1919 843 1969 874 54 0 0 1 2
15 1919 843 1969 874 55 0 0 1 2
15 1919 843 1969 874 56 0 0 1 2
15 1922 843 1971 874 57 0 0 1 2
15 1922 843 1971 874 58 0 0 1 2
15 1922 843 1971 874 59 0 0 1 2
16 1933 822 1969 854 0 0 0 0 2
16 1933 820 1969 852 1 0 0 1 2
16 1933 820 1969 852 2 0 0 1 2
16 1933 820 1969 852 3 0 0 1 2
16 1936 820 1969 852 4 0 0 1 2
16 1936 820 1969 852 5 0 0 1 2
16 1936 820 1969 852 6 0 0 1 2
16 1936 820 1969 852 7 0 0 1 2
16 1938 820 1971 852 8 0 0 1 2
16 1938 820 1971 852 9 0 0 1 2
16 1938 820 1971 852 10 0 0 1 2
16 1938 820 1971 852 11 0 0 1 2
16 1941 820 1971 852 12 0 0 1 2
16 1941 820 1971 852 13 0 0 1 2
16 1941 820 1971 852 14 0 0 1 2
16 1944 820 1974 852 15 0 0 1 2
16 1944 818 1974 850 16 0 0 1 2
16 1944 818 1974 850 17 0 0 1 2
16 1944 818 1974 850 18 0 0 1 2
16 1947 818 1974 850 19 0 0 1 2
16 1947 818 1974 850 20 0 0 1 2
16 1947 818 1974 850 21 0 0 1 2
16 1947 818 1974 850 22 0 0 1 2
16 1949 818 1977 850 23 0 0 1 2
16 1949 818 1977 850 24 0 0 1 2
16 1949 818 1977 850 25 0 0 1 2
16 1949 818 1977 850 26 0 0 1 2
16 1952 818 1977 850 27 0 0 1 2
16 1952 818 1977 850 28 0 0 1 2
16 1952 818 1977 850 29 0 0 1 2
22 1925 482 1963 516 0 0 0 0 2
22 1925 482 1963 516 1 0 0 1 2
22 1925 482 1963 516 2 0 0 1 2
22 1925 482 1963 516 3 0 0 1 2
22 1925 482 1963 516 4 0 0 1 2
22 1925 482 1963 516 5 0 0 1 2
22 1925 482 1963 516 6 0 0 1 2
22 1925 482 1963 516 7 0 0 1 2
22 1925 482 1963 516 8 0 0 1 2
22 1925 482 1963 516 9 0 0 1 2
22 1925 482 1963 516 10 0 0 1 2
22 1925 482 1963 516 11 0 0 1 2
22 1925 482 1963 516 12 0 0 1 2
22 1925 482 1963 516 13 0 0 1 2
22 1925 482 1963 516 14 0 0 1 2
22 1925 482 1963 516 15 0 0 1 2
22 1925 482 1963 516 16 0 0 1 2
22 1925 482 1963 516 17 0 0 1 2
22 1925 482 1963 516 18 0 0 1 2
22 1925 482 1963 516 19 0 0 1 2
22 1925 482 1963 516 20 0 0 1 2
22 1925 482 1963 516 21 0 0 1 2
22 1925 482 1963 516 22 0 0 1 2
22 1925 482 1963 516 23 0 0 1 2
22 1925 482 1963 516 24 0 0 1 2
22 1925 485 1963 519 25 0 0 1 2
22 1925 485 1963 519 26 0 0 1 2
22 1925 485 1963 519 27 0 0 1 2
22 1925 485 1963 519 28 0 0 1 2
22 1925 485 1963 519 29 0 0 1 2
22 1925 485 1963 519 30 0 0 1 2
22 1925 485 1963 519 31 0 0 1 2
22 1925 485 1963 519 32 0 0 1 2
22 1925 485 1963 519 33 0 0 1 2
22 1925 485 1963 519 34 0 0 1 2
22 1925 485 1963 519 35 0 0 1 2
22 1925 485 1963 519 36 0 0 1 2
22 1925 485 1963 519 37 0 0 1 2
22 1925 485 1963 519 38 0 0 1 2
22 1925 485 1963 519 39 0 0 1 2
22 1925 485 1963 519 40 0 0 1 2
22 1925 485 1963 519 41 0 0 1 2
22 1925 485 1963 519 42 0 0 1 2
22 1925 485 1963 519 43 0 0 1 2
22 1925 485 1963 519 44 0 0 1 2
22 1925 485 1963 519 45 0 0 1 2
22 1925 485 1963 519 46 0 0 1 2
22 1925 485 1963 519 47 0 0 1 2
22 1925 485 1963 519 48 0 0 1 2
22 1927 487 1963 521 49 0 0 1 2
22 1927 487 1963 521 50 0 0 1 2
22 1927 487 1963 521 51 0 0 1 2
22 1927 487 1963 521 52 0 0 1 2
22 1927 487 1963 521 53 0 0 1 2
22 1927 487 1963 521 54 0 0 1 2
22 1927 487 1963 521 55 0 0 1 2
22 1927 487 1963 521 56 0 0 1 2
22 1927 487 1963 521 57 0 0 1 2
22 1927 487 1963 521 58 0 0 1 2
22 1927 487 1963 521 59 0 0 1 2
22 1927 487 1963 521 60 0 0 1 2
22 1927 487 1963 521 61 0 0 1 2
22 1927 487 1963 521 62 0 0 1 2
22 1927 487 1963 521 63 0 0 1 2
22 1927 487 1963 521 64 0 0 1 2
22 1927 487 1963 521 65 0 0 1 2
22 1927 487 1963 521 66 0 0 1 2
22 1927 487 1963 521 67 0 0 1 2
22 1927 487 1963 521 68 0 0 1 2
22 1927 487 1963 521 69 0 0 1 2
22 1927 487 1963 521 70 0 0 1 2
22 1927 487 1963 521 71 0 0 1 2
22 1927 487 1963 521 72 0 0 1 2
22 1927 489 1966 523 73 0 0 1 2
22 1927 489 1966 523 74 0 0 1 2
22 1927 489 1966 523 75 0 0 1 2
22 1927 489 1966 523 76 0 0 1 2
22 1927 489 1966 523 77 0 0 1 2
22 1927 489 1966 523 78 0 0 1 2
22 1927 489 1966 523 79 0 0 1 2
22 1927 489 1966 523 80 0 0 1 2
22 1927 489 1966 523 81 0 0 1 2
22 1927 489 1966 523 82 0 0 1 2
22 1927 489 1966 523 83 0 0 1 2
22 1927 489 1966 523 84 0 0 1 2
22 1927 489 1966 523 85 0 0 1 2
22 1927 489 1966 523 86 0 0 1 2
22 1927 489 1966 523 87 0 0 1 2
22 1927 489 1966 523 88 0 0 1 2
22 1927 489 1966 523 89 0 0 1 2
22 1927 489 1966 523 90 0 0 1 2
22 1927 489 1966 523 91 0 0 1 2
22 1927 489 1966 523 92 0 0 1 2
22 1927 489 1966 523 93 0 0 1 2
22 1927 489 1966 523 94 0 0 1 2
22 1927 489 1966 523 95 0 0 1 2
22 1927 489 1966 523 96 0 0 1 2
22 1927 489 1966 523 97 0 0 1 2
22 1930 491 1966 525 98 0 0 1 2
22 1930 491 1966 525 99 0 0 1 2
22 1930 491 1966 525 100 0 0 1 2
22 1930 491 1966 525 101 0 0 1 2
22 1930 491 1966 525 102 0 0 1 2
22 1930 491 1966 525 103 0 0 1 2
22 1930 491 1966 525 104 0 0 1 2
22 1930 491 1966 525 105 0 0 1 2
22 1930 491 1966 525 106 0 0 1 2
22 1930 491 1966 525 107 0 0 1 2
22 1930 491 1966 525 108 0 0 1 2
22 1930 491 1966 525 109 0 0 1 2
22 1930 491 1966 525 110 0 0 1 2
22 1930 491 1966 525 111 0 0 1 2
22 1930 491 1966 525 112 0 0 1 2
22 1930 491 1966 525 113 0 0 1 2
22 1930 491 1966 525 114 0 0 1 2
22 1930 491 1966 525 115 0 0 1 2
22 1930 491 1966 525 116 0 0 1 2
22 1930 491 1966 525 117 0 0 1 2
22 1930 491 1966 525 118 0 0 1 2
22 1930 491 1966 525 119 0 0 1 2
22 1930 491 1966 525 120 0 0 1 2
22 1930 491 1966 525 121 0 0 1 2
22 1930 494 1966 528 122 0 0 1 2
22 1930 494 1966 528 123 0 0 1 2
22 1930 494 1966 528 124 0 0 1 2
22 1930 494 1966 528 125 0 0 1 2
22 1930 494 1966 528 126 0 0 1 2
22 1930 494 1966 528 127 0 0 1 2
22 1930 494 1966 528 128 0 0 1 2
22 1930 494 1966 528 129 0 0 1 2
22 1930 494 1966 528 130 0 0 1 2
22 1930 494 1966 528 131 0 0 1 2
22 1930 494 1966 528 132 0 0 1 2
22 1930 494 1966 528 133 0 0 1 2
22 1930 494 1966 528 134 0 0 1 2
22 1930 494 1966 528 135 0 0 1 2
22 1930 494 1966 528 136 0 0 1 2
22 1930 494 1966 528 137 0 0 1 2
22 1930 494 1966 528 138 0 0 1 2
22 1930 494 1966 528 139 0 0 1 2
22 1930 494 1966 528 140 0 0 1 2
22 1930 494 1966 528 141 0 0 1 2
22 1930 494 1966 528 142 0 0 1 2
22 1930 494 1966 528 143 0 0 1 2
22 1930 494 1966 528 144 0 0 1 2
22 1930 494 1966 528 145 0 0 1 2
22 1933 496 1969 530 146 0 0 1 2
22 1933 496 1969 530 147 0 0 1 2
22 1933 496 1969 530 148 0 0 1 2
22 1933 496 1969 530 149 0 0 1 2
22 1933 496 1969 530 150 0 0 1 2
22 1933 496 1969 530 151 0 0 1 2
22 1933 496 1969 530 152 0 0 1 2
22 1933 496 1969 530 153 0 0 1 2
22 1933 496 1969 530 154 0 0 1 2
22 1933 496 1969 530 155 0 0 1 2
22 1933 496 1969 530 156 0 0 1 2
22 1933 496 1969 530 157 0 0 1 2
22 1933 496 1969 530 158 0 0 1 2
22 1933 496 1969 530 159 0 0 1 2
22 1933 496 1969 530 160 0 0 1 2
22 1933 496 1969 530 161 0 0 1 2
22 1933 496 1969 530 162 0 0 1 2
22 1933 496 1969 530 163 0 0 1 2
22 1933 496 1969 530 164 0 0 1 2
22 1933 496 1969 530 165 0 0 1 2
22 1933 496 1969 530 166 0 0 1 2
22 1933 496 1969 530 167 0 0 1 2
22 1933 496 1969 530 168 0 0 1 2
22 1933 496 1969 530 169 0 0 1 2
22 1933 496 1969 530 170 0 0 1 2
22 1933 498 1969 532 171 0 0 1 2
22 1933 498 1969 532 172 0 0 1 2
22 1933 498 1969 532 173 0 0 1 2
22 1933 498 1969 532 174 0 0 1 2
22 1933 498 1969 532 175 0 0 1 2
22 1933 498 1969 532 176 0 0 1 2
22 1933 498 1969 532 177 0 0 1 2
22 1933 498 1969 532 178 0 0 1 2
22 1933 498 1969 532 179 0 0 1 2
22 1933 498 1969 532 180 0 0 1 2
22 1933 498 1969 532 181 0 0 1 2
22 1933 498 1969 532 182 0 0 1 2
22 1933 498 1969 532 183 0 0 1 2
22 1933 498 1969 532 184 0 0 1 2
22 1933 498 1969 532 185 0 0 1 2
22 1933 498 1969 532 186 0 0 1 2
22 1933 498 1969 532 187 0 0 1 2
22 1933 498 1969 532 188 0 0 1 2
22 1933 498 1969 532 189 0 0 1 2
22 1933 498 1969 532 190 0 0 1 2
22 1933 498 1969 532 191 0 0 1 2
22 1933 498 1969 532 192 0 0 1 2
22 1933 498 1969 532 193 0 0 1 2
22 1933 498 1969 532 194 0 0 1 2
22 1936 500 1969 534 195 0 0 1 2
22 1936 500 1969 534 196 0 0 1 2
22 1936 500 1969 534 197 0 0 1 2
22 1936 500 1969 534 198 0 0 1 2
22 1936 500 1969 534 199 0 0 1 2
22 1936 500 1969 534 200 0 0 1 2
22 1936 500 1969 534 201 0 0 1 2
22 1936 500 1969 534 202 0 0 1 2
22 1936 500 1969 534 203 0 0 1 2
22 1936 500 1969 534 204 0 0 1 2
22 1936 500 1969 534 205 0 0 1 2
22 1936 500 1969 534 206 0 0 1 2
22 1936 500 1969 534 207 0 0 1 2
22 1936 500 1969 534 208 0 0 1 2
22 1936 500 1969 534 209 0 0 1 2
22 1936 500 1969 534 210 0 0 1 2
22 1936 500 1969 534 211 0 0 1 2
22 1936 500 1969 534 212 0 0 1 2
22 1936 500 1969 534 213 0 0 1 2
22 1936 500 1969 534 214 0 0 1 2
22 1936 500 1969 534 215 0 0 1 2
22 1936 500 1969 534 216 0 0 1 2
22 1936 500 1969 534 217 0 0 1 2
22 1936 500 1969 534 218 0 0 1 2
22 1936 503 1971 537 219 0 0 1 2
22 1936 503 1971 537 220 0 0 1 2
22 1936 503 1971 537 221 0 0 1 2
22 1936 503 1971 537 222 0 0 1 2
22 1936 503 1971 537 223 0 0 1 2
22 1936 503 1971 537 224 0 0 1 2
22 1936 503 1971 537 225 0 0 1 2
22 1936 503 1971 537 226 0 0 1 2
22 1936 503 1971 537 227 0 0 1 2
22 1936 503 1971 537 228 0 0 1 2
22 1936 503 1971 537 229 0 0 1 2
22 1936 503 1971 537 230 0 0 1 2
22 1936 503 1971 537 231 0 0 1 2
22 1936 503 1971 537 232 0 0 1 2
22 1936 503 1971 537 233 0 0 1 2
22 1936 503 1971 537 234 0 0 1 2
22 1936 503 1971 537 235 0 0 1 2
22 1936 503 1971 537 236 0 0 1 2
22 1936 503 1971 537 237 0 0 1 2
22 1936 503 1971 537 238 0 0 1 2
22 1936 503 1971 537 239 0 0 1 2
22 1936 503 1971 537 240 0 0 1 2
22 1936 503 1971 537 241 0 0 1 2
22 1936 503 1971 537 242 0 0 1 2
22 1936 503 1971 537 243 0 0 1 2
22 1938 505 1971 539 244 0 0 1 2
22 1938 505 1971 539 245 0 0 1 2
22 1938 505 1971 539 246 0 0 1 2
22 1938 505 1971 539 247 0 0 1 2
22 1938 505 1971 539 248 0 0 1 2
22 1938 505 1971 539 249 0 0 1 2
22 1938 505 1971 539 250 0 0 1 2
22 1938 505 1971 539 251 0 0 1 2
22 1938 505 1971 539 252 0 0 1 2
22 1938 505 1971 539 253 0 0 1 2
22 1938 505 1971 539 254 0 0 1 2
22 1938 505 1971 539 255 0 0 1 2
22 1938 505 1971 539 256 0 0 1 2
22 1938 505 1971 539 257 0 0 1 2
22 1938 505 1971 539 258 0 0 1 2
22 1938 505 1971 539 259 0 0 1 2
22 1938 505 1971 539 260 0 0 1 2
22 1938 505 1971 539 261 0 0 1 2
22 1938 505 1971 539 262 0 0 1 2
22 1938 505 1971 539 263 0 0 1 2
22 1938 505 1971 539 264 0 0 1 2
22 1938 505 1971 539 265 0 0 1 2
22 1938 505 1971 539 266 0 0 1 2
22 1938 505 1971 539 267 0 0 1 2
22 1938 507 1971 541 268 0 0 1 2
22 1938 507 1971 541 269 0 0 1 2
22 1938 507 1971 541 270 0 0 1 2
22 1938 507 1971 541 271 0 0 1 2
22 1938 507 1971 541 272 0 0 1 2
22 1938 507 1971 541 273 0 0 1 2
22 1938 507 1971 541 274 0 0 1 2
22 1938 507 1971 541 275 0 0 1 2
22 1938 507 1971 541 276 0 0 1 2
22 1938 507 1971 541 277 0 0 1 2
22 1938 507 1971 541 278 0 0 1 2
22 1938 507 1971 541 279 0 0 1 2
22 1938 507 1971 541 280 0 0 1 2
22 1938 507 1971 541 281 0 0 1 2
22 1938 507 1971 541 282 0 0 1 2
22 1938 507 1971 541 283 0 0 1 2
22 1938 507 1971 541 284 0 0 1 2
22 1938 507 1971 541 285 0 0 1 2
22 1938 507 1971 541 286 0 0 1 2
22 1938 507 1971 541 287 0 0 1 2
22 1938 507 1971 541 288 0 0 1 2
22 1938 507 1971 541 289 0 0 1 2
22 1938 507 1971 541 290 0 0 1 2
22 1938 507 1971 541 291 0 0 1 2
22 1941 510 1974 544 292 0 0 1 2
22 1941 510 1974 544 293 0 0 1 2
22 1941 510 1974 544 294 0 0 1 2
22 1941 510 1974 544 295 0 0 1 2
22 1941 510 1974 544 296 0 0 1 2
22 1941 510 1974 544 297 0 0 1 2
22 1941 510 1974 544 298 0 0 1 2
22 1941 510 1974 544 299 0 0 1 2
22 1941 510 1974 544 300 0 0 1 2
22 1941 510 1974 544 301 0 0 1 2
22 1941 510 1974 544 302 0 0 1 2
22 1941 510 1974 544 303 0 0 1 2
22 1941 510 1974 544 304 0 0 1 2
22 1941 510 1974 544 305 0 0 1 2
22 1941 510 1974 544 306 0 0 1 2
22 1941 510 1974 544 307 0 0 1 2
22 1941 510 1974 544 308 0 0 1 2
22 1941 510 1974 544 309 0 0 1 2
22 1941 510 1974 544 310 0 0 1 2
22 1941 510 1974 544 311 0 0 1 2
22 1941 510 1974 544 312 0 0 1 2
22 1941 510 1974 544 313 0 0 1 2
22 1941 510 1974 544 314 0 0 1 2
22 1941 510 1974 544 315 0 0 1 2
22 1941 510 1974 544 316 0 0 1 2
22 1941 512 1974 546 317 0 0 1 2
22 1941 512 1974 546 318 0 0 1 2
22 1941 512 1974 546 319 0 0 1 2
22 1941 512 1974 546 320 0 0 1 2
22 1941 512 1974 546 321 0 0 1 2
22 1941 512 1974 546 322 0 0 1 2
22 1941 512 1974 546 323 0 0 1 2
22 1941 512 1974 546 324 0 0 1 2
22 1941 512 1974 546 325 0 0 1 2
22 1941 512 1974 546 326 0 0 1 2
22 1941 512 1974 546 327 0 0 1 2
22 1941 512 1974 546 328 0 0 1 2
22 1941 512 1974 546 329 0 0 1 2
22 1941 512 1974 546 330 0 0 1 2
22 1941 512 1974 546 331 0 0 1 2
22 1941 512 1974 546 332 0 0 1 2
22 1941 512 1974 546 333 0 0 1 2
22 1941 512 1974 546 334 0 0 1 2
22 1941 512 1974 546 335 0 0 1 2
22 1941 512 1974 546 336 0 0 1 2
22 1941 512 1974 546 337 0 0 1 2
22 1941 512 1974 546 338 0 0 1 2
22 1941 512 1974 546 339 0 0 1 2
22 1941 512 1974 546 340 0 0 1 2
22 1944 514 1974 548 341 0 0 1 2
22 1944 514 1974 548 342 0 0 1 2
22 1944 514 1974 548 343 0 0 1 2
22 1944 514 1974 548 344 0 0 1 2
22 1944 514 1974 548 345 0 0 1 2
22 1944 514 1974 548 346 0 0 1 2
22 1944 514 1974 548 347 0 0 1 2
22 1944 514 1974 548 348 0 0 1 2
22 1944 514 1974 548 349 0 0 1 2
22 1944 514 1974 548 350 0 0 1 2
22 1944 514 1974 548 351 0 0 1 2
22 1944 514 1974 548 352 0 0 1 2
22 1944 514 1974 548 353 0 0 1 2
22 1944 514 1974 548 354 0 0 1 2
22 1944 514 1974 548 355 0 0 1 2
22 1944 514 1974 548 356 0 0 1 2
22 1944 514 1974 548 357 0 0 1 2
22 1944 514 1974 548 358 0 0 1 2
22 1944 514 1974 548 359 0 0 1 2
22 1944 514 1974 548 360 0 0 1 2
22 1944 514 1974 548 361 0 0 1 2
22 1944 514 1974 548 362 0 0 1 2
22 1944 514 1974 548 363 0 0 1 2
22 1944 514 1974 548 364 0 0 1 2
22 1944 516 1977 550 365 0 0 1 2
22 1944 516 1977 550 366 0 0 1 2
22 1944 516 1977 550 367 0 0 1 2
22 1944 516 1977 550 368 0 0 1 2
22 1944 516 1977 550 369 0 0 1 2
22 1944 516 1977 550 370 0 0 1 2
22 1944 516 1977 550 371 0 0 1 2
22 1944 516 1977 550 372 0 0 1 2
22 1944 516 1977 550 373 0 0 1 2
22 1944 516 1977 550 374 0 0 1 2
22 1944 516 1977 550 375 0 0 1 2
22 1944 516 1977 550 376 0 0 1 2
22 1944 516 1977 550 377 0 0 1 2
22 1944 516 1977 550 378 0 0 1 2
22 1944 516 1977 550 379 0 0 1 2
22 1944 516 1977 550 380 0 0 1 2
22 1944 516 1977 550 381 0 0 1 2
22 1944 516 1977 550 382 0 0 1 2
22 1944 516 1977 550 383 0 0 1 2
22 1944 516 1977 550 384 0 0 1 2
22 1944 516 1977 550 385 0 0 1 2
22 1944 516 1977 550 386 0 0 1 2
22 1944 516 1977 550 387 0 0 1 2
22 1944 516 1977 550 388 0 0 1 2
22 1944 516 1977 550 389 0 0 1 2
22 1947 519 1977 553 390 0 0 1 2
22 1947 519 1977 553 391 0 0 1 2
22 1947 519 1977 553 392 0 0 1 2
22 1947 519 1977 553 393 0 0 1 2
22 1947 519 1977 553 394 0 0 1 2
22 1947 519 1977 553 395 0 0 1 2
22 1947 519 1977 553 396 0 0 1 2
22 1947 519 1977 553 397 0 0 1 2
22 1947 519 1977 553 398 0 0 1 2
22 1947 519 1977 553 399 0 0 1 2
22 1947 519 1977 553 400 0 0 1 2
22 1947 519 1977 553 401 0 0 1 2
22 1947 519 1977 553 402 0 0 1 2
22 1947 519 1977 553 403 0 0 1 2
22 1947 519 1977 553 404 0 0 1 2
22 1947 519 1977 553 405 0 0 1 2
22 1947 519 1977 553 406 0 0 1 2
22 1947 519 1977 553 407 0 0 1 2
22 1947 519 1977 553 408 0 0 1 2
22 1947 519 1977 553 409 0 0 1 2
22 1947 519 1977 553 410 0 0 1 2
22 1947 519 1977 553 411 0 0 1 2
22 1947 519 1977 553 412 0 0 1 2
22 1947 519 1977 553 413 0 0 1 2
22 1947 521 1977 555 414 0 0 1 2
22 1947 521 1977 555 415 0 0 1 2
22 1947 521 1977 555 416 0 0 1 2
22 1947 521 1977 555 417 0 0 1 2
22 1947 521 1977 555 418 0 0 1 2
22 1947 521 1977 555 419 0 0 1 2
22 1947 521 1977 555 420 0 0 1 2
22 1947 521 1977 555 421 0 0 1 2
22 1947 521 1977 555 422 0 0 1 2
22 1947 521 1977 555 423 0 0 1 2
22 1947 521 1977 555 424 0 0 1 2
22 1947 521 1977 555 425 0 0 1 2
22 1947 521 1977 555 426 0 0 1 2
22 1947 521 1977 555 427 0 0 1 2
22 1947 521 1977 555 428 0 0 1 2
22 1947 521 1977 555 429 0 0 1 2
22 1947 521 1977 555 430 0 0 1 2
22 1947 521 1977 555 431 0 0 1 2
22 1947 521 1977 555 432 0 0 1 2
22 1947 521 1977 555 433 0 0 1 2
22 1947 521 1977 555 434 0 0 1 2
22 1947 521 1977 555 435 0 0 1 2
22 1947 521 1977 555 436 0 0 1 2
22 1947 521 1977 555 437 0 0 1 2
22 1949 523 1980 557 438 0 0 0 2
22 1949 523 1980 557 439 0 0 1 2
22 1949 523 1980 557 440 0 0 1 2
22 1949 523 1980 557 441 0 0 1 2
22 1949 523 1980 557 442 0 0 1 2
22 1949 523 1980 557 443 0 0 1 2
22 1949 525 1980 559 444 0 0 1 2
22 1949 525 1980 559 445 0 0 1 2
22 1949 525 1980 559 446 0 0 1 2
22 1949 525 1980 559 447 0 0 1 2
22 1949 525 1980 559 448 0 0 1 2
22 1949 525 1980 559 449 0 0 1 2
22 1949 528 1980 562 450 0 0 1 2
22 1949 528 1980 562 451 0 0 1 2
22 1949 528 1980 562 452 0 0 1 2
22 1949 528 1980 562 453 0 0 1 2
22 1949 528 1980 562 454 0 0 1 2
22 1949 528 1980 562 455 0 0 1 2
22 1949 530 1980 564 456 0 0 1 2
22 1949 530 1980 564 457 0 0 1 2
22 1952 530 1980 564 458 0 0 1 2
22 1952 530 1980 564 459 0 0 1 2
22 1952 530 1980 564 460 0 0 1 2
22 1952 532 1980 566 461 0 0 1 2
22 1952 532 1980 566 462 0 0 1 2
22 1952 532 1980 566 463 0 0 1 2
22 1952 532 1980 566 464 0 0 1 2
22 1952 532 1980 566 465 0 0 1 2
22 1952 532 1980 566 466 0 0 1 2
22 1952 534 1980 568 467 0 0 1 2
22 1952 534 1980 568 468 0 0 1 2
22 1952 534 1980 568 469 0 0 1 2
22 1952 534 1980 568 470 0 0 1 2
22 1952 534 1980 568 471 0 0 1 2
22 1952 534 1980 568 472 0 0 1 2
22 1952 537 1980 571 473 0 0 1 2
22 1952 537 1980 571 474 0 0 1 2
22 1952 537 1980 571 475 0 0 1 2
22 1952 537 1980 571 476 0 0 1 2
22 1952 537 1980 571 477 0 0 1 2
23 966 20 1010 47 0 0 0 0 2
23 966 18 1010 45 1 0 0 1 2
23 966 18 1010 45 2 0 0 1 2
23 966 18 1010 45 3 0 0 1 2
23 966 18 1010 45 4 0 0 1 2
23 966 18 1010 45 5 0 0 1 2
23 969 18 1013 45 6 0 0 1 2
23 969 18 1013 45 7 0 0 1 2
23 969 18 1013 43 8 0 0 1 2
23 969 15 1013 43 9 0 0 1 2
23 969 15 1013 43 10 0 0 1 2
23 972 15 1016 43 11 0 0 1 2
23 972 15 1016 43 12 0 0 1 2
23 972 15 1016 43 13 0 0 1 2
23 972 15 1016 43 14 0 0 1 2
23 972 15 1016 40 15 0 0 1 2
23 974 15 1019 40 16 0 0 1 2
23 974 15 1019 40 17 0 0 1 2
23 974 13 1019 40 18 0 0 1 2
23 974 13 1019 40 19 0 0 1 2
23 974 13 1019 40 20 0 0 1 2
23 974 13 1019 40 21 0 0 1 2
23 977 13 1021 38 22 0 0 1 2
23 977 13 1021 38 23 0 0 1 2
23 977 13 1021 38 24 0 0 1 2
23 977 13 1021 38 25 0 0 1 2
23 977 13 1021 38 26 0 0 1 2
23 980 11 1024 38 27 0 0 1 2
23 980 11 1024 38 28 0 0 1 2
23 980 11 1024 38 29 0 0 1 2
23 980 11 1024 36 30 0 0 1 2
23 980 11 1024 36 31 0 0 1 2
23 983 11 1027 36 32 0 0 1 2
23 983 11 1027 36 33 0 0 1 2
23 983 11 1027 36 34 0 0 1 2
23 983 11 1027 36 35 0 0 1 2
23 983 9 1027 36 36 0 0 1 2
23 983 9 1027 34 37 0 0 1 2
23 985 9 1030 34 38 0 0 1 2
23 985 9 1030 34 39 0 0 1 2
23 985 9 1030 34 40 0 0 1 2
23 985 9 1030 34 41 0 0 1 2
23 985 9 1030 34 42 0 0 1 2
23 988 9 1032 34 43 0 0 1 2
23 988 9 1032 31 44 0 0 1 2
23 988 6 1032 31 45 0 0 1 2
23 988 6 1032 31 46 0 0 1 2
23 988 6 1032 31 47 0 0 1 2
23 991 6 1035 31 48 0 0 1 2
23 991 6 1035 31 49 0 0 1 2
23 991 6 1035 31 50 0 0 1 2
23 991 6 1035 29 51 0 0 1 2
23 991 6 1035 29 52 0 0 1 2
23 991 6 1035 29 53 0 0 1 2
23 994 4 1038 29 54 0 0 1 2
23 994 4 1038 29 55 0 0 1 2
23 994 4 1038 29 56 0 0 1 2
23 994 4 1038 29 57 0 0 1 2
23 994 4 1038 29 58 0 0 1 2
23 997 4 1041 27 59 0 0 1 2
23 997 4 1041 27 60 0 0 1 2
23 997 4 1041 27 61 0 0 1 2
23 997 4 1041 27 62 0 0 1 2
23 997 2 1041 27 63 0 0 1 2
23 999 2 1043 27 64 0 0 1 2
23 999 2 1043 27 65 0 0 1 2
23 999 2 1043 24 66 0 0 1 2
23 999 2 1043 24 67 0 0 1 2
23 999 2 1043 24 68 0 0 1 2
23 999 2 1043 24 69 0 0 1 2
23 1002 2 1046 24 70 0 0 1 2
23 1002 2 1046 24 71 0 0 1 2
23 1002 0 1046 24 72 0 0 1 2
23 1002 0 1046 22 73 0 0 1 2
23 1002 0 1046 22 74 0 0 1 2
23 1005 0 1049 22 75 0 0 1 2
23 1005 0 1049 22 76 0 0 1 2
23 1005 0 1049 22 77 0 0 1 2
23 1005 0 1049 22 78 0 0 1 2
23 1005 0 1049 22 79 0 0 1 2
23 1008 0 1052 22 508 0 0 0 2
