0 305 2 360 31 280 0 0 0 2
0 374 2 429 31 300 0 0 1 2
0 443 4 498 34 320 0 0 0 2
0 520 6 575 36 340 0 0 1 2
0 597 9 652 38 360 0 0 1 2
0 674 11 729 40 380 0 0 1 2
0 754 15 809 45 400 0 0 0 2
0 826 20 881 49 420 0 0 1 2
0 900 27 955 56 440 0 0 1 2
0 972 31 1027 61 460 0 0 1 2
0 1046 38 1101 68 480 0 0 1 2
0 1120 45 1176 74 500 0 0 0 2
1 415 27 473 68 71 0 0 1 2
1 495 74 553 115 91 0 0 1 2
1 572 122 630 163 111 0 0 1 2
1 644 183 702 224 131 0 0 1 2
1 716 247 773 287 151 0 0 1 2
1 787 308 845 349 171 0 0 1 2
1 862 364 919 405 191 0 0 1 2
1 936 423 994 464 211 0 0 1 2
1 1010 480 1068 521 231 0 0 1 2
1 1085 530 1142 571 251 0 0 1 2
1 1162 575 1220 616 271 0 0 1 2
1 1236 618 1294 659 291 0 0 1 2
1 1310 661 1368 702 311 0 0 1 2
1 1366 695 1423 736 331 0 0 1 2
1 1423 727 1481 768 351 0 0 1 2
1 1478 759 1536 800 371 0 0 1 2
1 1536 793 1594 834 391 0 0 1 2
1 1591 825 1649 865 411 0 0 1 2
1 1608 859 1666 899 431 0 0 1 2
1 1624 893 1682 933 451 0 0 1 2
11 1759 768 1795 797 28 0 0 1 2
11 1751 788 1787 818 48 0 0 1 2
11 1748 809 1784 838 68 0 0 1 2
11 1746 825 1781 854 88 0 0 1 2
11 1746 843 1781 872 108 0 0 1 2
11 1748 859 1784 888 128 0 0 1 2
11 1754 872 1790 902 148 0 0 1 2
11 1759 890 1795 920 168 0 0 1 2
11 1759 913 1795 942 188 0 0 1 2
11 1759 933 1795 963 208 0 0 1 2
11 1759 949 1795 979 228 0 0 1 2
14 1903 741 1933 772 9 0 0 1 2
14 1914 745 1944 777 29 0 0 1 2
15 1875 856 1925 888 8 0 0 1 2
15 1894 850 1944 881 28 0 0 1 2
15 1914 845 1963 877 48 0 0 1 2
16 1938 820 1971 852 8 0 0 1 2
16 1952 818 1977 850 28 0 0 1 2
22 1925 482 1963 516 18 0 0 1 2
22 1925 485 1963 519 38 0 0 1 2
22 1927 487 1963 521 58 0 0 1 2
22 1927 489 1966 523 78 0 0 1 2
22 1930 491 1966 525 98 0 0 1 2
22 1930 491 1966 525 118 0 0 1 2
22 1930 494 1966 528 138 0 0 1 2
22 1933 496 1969 530 158 0 0 1 2
22 1933 498 1969 532 178 0 0 1 2
22 1936 500 1969 534 198 0 0 1 2
22 1936 500 1969 534 218 0 0 1 2
22 1936 503 1971 537 238 0 0 1 2
22 1938 505 1971 539 258 0 0 1 2
22 1938 507 1971 541 278 0 0 1 2
22 1941 510 1974 544 298 0 0 1 2
22 1941 512 1974 546 318 0 0 1 2
22 1941 512 1974 546 338 0 0 1 2
22 1944 514 1974 548 358 0 0 1 2
22 1944 516 1977 550 378 0 0 1 2
22 1947 519 1977 553 398 0 0 1 2
22 1947 521 1977 555 418 0 0 1 2
22 1949 523 1980 557 438 0 0 0 2
22 1952 530 1980 564 458 0 0 1 2
23 966 20 1010 47 0 0 0 0 2
23 974 13 1019 40 20 0 0 1 2
23 985 9 1030 34 40 0 0 1 2
23 997 4 1041 27 60 0 0 1 2
23 1008 0 1052 22 508 0 0 0 2
