0 1286 609 1316 654 5351 0 0 0 2
0 1286 609 1316 654 5371 0 0 0 2
0 1268 612 1297 657 5391 0 0 0 2
0 1250 631 1279 676 5411 0 0 0 2
0 1235 643 1264 688 5431 0 0 0 2
0 1219 657 1248 702 5451 0 0 0 2
0 1197 673 1226 718 5471 0 0 0 2
0 1186 688 1215 733 5491 0 0 0 2
0 1164 705 1193 743 5511 0 0 1 2
0 1155 718 1188 746 5531 0 0 1 2
1 1277 375 1312 433 5591 0 0 1 2
1 1277 359 1308 417 5611 0 0 1 2
1 1270 341 1297 398 5631 0 0 1 2
1 1268 321 1294 380 5651 0 0 1 2
1 1261 292 1286 352 5671 0 0 1 2
1 1259 278 1284 338 5691 0 0 1 2
1 1252 260 1284 317 5711 0 0 1 2
1 1242 235 1275 292 5731 0 0 1 2
1 1231 222 1264 280 5751 0 0 1 2
1 1220 210 1252 268 5771 0 0 1 2
1 1209 197 1239 255 5791 0 0 1 2
1 1200 183 1228 243 5811 0 0 1 2
1 1189 171 1215 230 5831 0 0 1 2
1 1171 162 1199 219 5851 0 0 1 2
1 1151 157 1184 213 5871 0 0 1 2
1 1133 151 1169 205 5891 0 0 1 2
2 1171 561 1217 603 5501 0 0 1 3
2 1186 570 1231 612 5521 0 1 1 3
2 1200 584 1246 626 5541 0 1 1 3
2 1215 596 1261 638 5561 0 1 1 3
2 1230 610 1275 652 5581 0 1 1 3
2 1244 626 1290 668 5601 0 0 1 3
2 1255 634 1301 676 5621 0 0 1 3
2 1264 642 1310 684 5641 0 0 1 3
2 1270 652 1314 695 5661 0 0 1 3
2 1270 659 1314 701 5681 0 0 1 3
2 1272 666 1314 709 5701 0 0 1 3
5 1189 716 1224 744 6598 0 0 1 2
5 1197 704 1231 732 6618 0 0 1 2
5 1206 690 1241 718 6638 0 0 1 2
5 1220 676 1255 704 6658 0 0 1 2
5 1239 671 1272 699 6678 0 0 1 2
5 1255 670 1286 696 6698 0 0 1 2
5 1273 668 1301 693 6718 0 0 1 2
5 1292 668 1312 693 6738 0 0 1 2
6 1169 517 1209 546 2514 0 0 1 2
6 1164 497 1208 534 2534 0 0 1 2
6 1164 476 1208 514 2554 0 0 1 2
6 1166 458 1209 495 2574 0 0 1 2
6 1169 439 1213 476 2594 0 0 1 2
6 1173 422 1217 459 2614 0 0 1 2
6 1177 405 1220 442 2634 0 0 1 2
6 1182 389 1226 426 2654 0 0 1 2
6 1195 374 1239 411 2674 0 0 1 2
6 1200 356 1244 394 2694 0 0 1 2
6 1206 336 1250 374 2714 0 0 1 2
6 1209 319 1253 356 2734 0 0 1 2
6 1209 303 1253 341 2754 0 0 1 2
6 1209 288 1253 325 2774 0 0 1 2
6 1213 269 1257 306 2794 0 0 1 2
6 1219 249 1262 286 2814 0 0 1 2
6 1219 225 1262 263 2834 0 0 1 2
6 1220 210 1264 247 2854 0 0 1 2
6 1219 199 1262 236 2874 0 0 1 2
6 1217 183 1261 221 2894 0 0 1 2
6 1215 160 1259 197 2914 0 0 1 2
6 1213 141 1257 179 2934 0 0 1 2
6 1213 126 1257 163 2954 0 0 1 2
6 1213 109 1257 146 2974 0 0 1 2
6 1213 91 1257 129 2994 0 0 1 2
6 1215 76 1255 112 3014 0 0 1 2
6 1220 62 1255 93 3034 0 0 1 2
6 1224 48 1255 77 3054 0 0 1 2
6 1224 34 1255 63 3074 0 0 1 2
6 1222 20 1253 48 3094 0 0 1 2
6 1215 3 1246 24 3114 0 0 1 2
6 1208 0 1239 18 3134 0 0 1 2
7 1288 116 1314 149 3014 0 0 1 2
7 1292 76 1312 109 3034 0 0 1 2
7 1292 31 1312 63 3054 0 0 1 2
7 1286 0 1305 24 3074 0 0 1 2
8 1235 1 1283 37 9588 0 0 1 2
8 1239 18 1286 54 9608 0 0 1 2
8 1244 35 1292 71 9628 0 0 1 2
8 1244 52 1292 88 9648 0 0 1 2
8 1244 71 1292 107 9668 0 0 1 2
8 1244 90 1292 126 9688 0 0 1 2
8 1244 110 1292 146 9708 0 0 1 2
8 1244 132 1292 168 9728 0 0 1 2
8 1246 154 1294 190 9748 0 0 1 2
8 1248 176 1295 211 9768 0 0 1 2
8 1252 191 1299 227 9788 0 0 1 2
8 1257 205 1305 241 9808 0 0 1 2
8 1262 221 1308 257 9828 0 0 1 2
8 1270 239 1314 275 9848 0 0 1 2
8 1277 260 1314 296 9868 0 0 1 2
9 0 646 31 688 6821 0 0 1 2
9 5 646 45 688 6841 0 0 1 2
9 23 637 63 679 6861 0 0 1 2
9 42 635 82 677 6881 0 0 1 2
9 63 632 104 674 6901 0 0 1 2
9 84 628 124 670 6921 0 0 1 2
9 106 623 146 665 6941 0 0 1 2
9 126 620 166 662 6961 0 0 1 2
9 148 615 188 657 6981 0 0 1 2
9 168 610 208 652 7001 0 0 1 2
9 188 607 235 648 7021 0 0 1 2
9 206 603 263 645 7041 0 0 1 2
9 226 599 288 640 7061 0 0 1 2
9 246 596 316 635 7081 0 0 1 2
9 261 598 334 637 7101 0 0 1 2
9 272 603 345 642 7121 0 0 1 2
9 290 596 363 635 7141 0 0 1 2
9 308 599 382 638 7161 0 0 1 2
9 325 604 398 643 7181 0 0 1 2
9 345 607 418 646 7201 0 0 1 2
9 365 610 438 649 7221 0 0 1 2
9 389 609 462 648 7241 0 0 1 2
9 414 603 488 643 7261 0 0 1 2
9 418 598 491 638 7281 0 0 1 2
9 424 593 497 634 7301 0 0 1 2
9 458 590 531 631 7321 0 0 1 2
11 498 562 542 599 9479 0 1 1 2
11 477 562 520 599 9499 0 1 1 2
11 453 568 500 607 9519 0 1 1 2
11 429 573 478 615 9539 0 1 1 2
11 403 579 458 621 9559 0 1 1 2
11 380 585 438 629 9579 0 1 1 2
11 358 589 418 634 9599 0 0 1 2
11 341 589 402 634 9619 0 0 1 2
11 325 590 385 635 9639 0 0 1 2
11 316 590 376 635 9659 0 0 1 2
11 312 590 372 635 9679 0 0 1 2
11 308 589 369 634 9699 0 0 1 2
11 305 587 365 632 9719 0 0 1 2
11 301 587 361 632 9739 0 0 1 2
11 294 587 354 632 9759 0 0 1 2
11 281 589 341 634 9779 0 0 1 2
11 268 589 329 634 9799 0 0 1 2
11 255 590 316 635 9819 0 0 1 2
11 243 592 303 637 9839 0 0 1 2
11 230 593 290 638 9859 0 0 1 2
11 217 593 277 638 9879 0 0 1 2
11 204 595 265 640 9899 0 0 1 2
11 188 598 248 643 9919 0 0 1 2
12 1281 213 1314 246 2972 0 0 1 1
12 1281 166 1314 199 2992 0 0 1 1
12 1283 126 1314 158 3012 0 0 1 1
13 1286 163 1314 205 8521 0 0 0 2
13 1281 155 1308 197 8541 0 0 1 2
13 1266 158 1294 201 8561 0 0 1 2
13 1252 158 1279 201 8581 0 0 1 2
13 1228 158 1255 201 8601 0 0 1 2
13 1217 163 1244 205 8621 0 0 1 2
13 1199 162 1226 204 8641 0 0 1 2
13 1180 168 1208 210 8661 0 0 1 2
13 1167 163 1195 205 8681 0 0 1 2
13 1151 163 1178 205 8701 0 0 1 2
13 1136 163 1164 205 8721 0 0 1 2
13 1133 163 1160 205 8741 0 0 1 2
13 1133 160 1160 202 8761 0 0 1 2
13 1133 154 1160 196 8781 0 0 0 2
16 619 716 667 743 3586 0 0 1 2
16 621 713 668 740 3606 0 0 1 2
16 636 702 683 729 3626 0 0 1 2
16 652 690 700 716 3646 0 0 1 2
16 670 677 718 704 3666 0 0 1 2
16 683 668 731 695 3686 0 0 1 2
16 698 657 745 684 3706 0 0 1 2
16 712 646 760 673 3726 0 0 1 2
16 729 635 776 662 3746 0 0 1 2
16 745 624 793 651 3766 0 0 1 2
16 764 618 811 645 3786 0 0 1 2
16 776 612 824 638 3806 0 0 1 2
16 787 604 835 631 3826 0 0 1 2
16 804 595 851 621 3846 0 0 1 2
16 822 584 870 610 3866 0 0 1 2
16 840 573 888 599 3886 0 0 1 2
16 855 564 902 590 3906 0 0 1 2
16 871 554 919 581 3926 0 0 1 2
16 886 546 933 573 3946 0 0 1 2
16 901 534 948 561 3966 0 0 1 2
16 917 531 965 557 3986 0 0 1 2
16 928 517 976 543 4006 0 0 1 2
16 944 509 988 534 4026 0 0 1 2
16 961 501 1003 525 4046 0 0 1 2
16 977 492 1018 517 4066 0 0 1 2
16 985 486 1023 509 4086 0 0 1 2
18 1184 0 1219 18 3703 0 0 1 2
18 1199 0 1233 18 3723 0 0 1 2
18 1213 4 1246 28 3743 0 0 1 2
18 1224 17 1257 42 3763 0 0 1 2
18 1230 32 1262 57 3783 0 0 1 2
18 1239 49 1272 74 3803 0 0 1 2
18 1257 59 1290 84 3823 0 0 1 2
18 1266 71 1299 96 3843 0 0 1 2
18 1275 84 1305 109 3863 0 0 1 2
18 1284 95 1310 119 3883 0 0 1 2
18 1288 112 1314 137 3903 0 0 1 2
18 1290 129 1314 154 3923 0 0 1 2
18 1294 144 1314 169 3943 0 0 1 2
18 1297 160 1314 185 3963 0 0 1 2
18 1295 174 1314 197 3983 0 0 1 2
18 1292 188 1314 210 4003 0 0 1 2
18 1286 201 1314 230 4023 0 0 1 2
18 1284 215 1312 246 4043 0 0 1 2
18 1284 227 1312 258 4063 0 0 1 2
18 1284 239 1312 271 4083 0 0 1 2
18 1284 258 1312 289 4103 0 0 1 2
18 1283 274 1310 305 4123 0 0 1 2
18 1281 288 1308 319 4143 0 0 1 2
18 1281 303 1308 335 4163 0 0 1 2
18 1281 319 1308 350 4183 0 0 1 2
18 1281 335 1308 366 4203 0 0 1 2
18 1281 347 1308 378 4223 0 0 1 2
18 1281 359 1308 391 4243 0 0 1 2
18 1281 378 1308 409 4263 0 0 1 2
18 1281 392 1308 423 4283 0 0 1 2
18 1283 402 1310 433 4303 0 0 1 2
18 1284 412 1312 444 4323 0 0 1 2
18 1284 428 1312 459 4343 0 0 1 2
19 1281 7 1314 45 4243 0 0 1 1
19 1279 62 1312 99 4263 0 0 1 1
19 1279 116 1312 154 4283 0 0 1 1
19 1279 169 1312 207 4303 0 0 1 1
19 1281 229 1314 266 4323 0 0 1 1
19 1281 294 1314 331 4343 0 0 1 1
20 868 483 917 517 7312 0 0 1 2
20 866 481 915 515 7332 0 0 1 2
20 868 490 917 525 7352 0 0 1 2
20 868 501 917 536 7372 0 0 1 2
20 860 514 910 548 7392 0 0 1 2
20 853 525 902 559 7412 0 0 1 2
20 846 539 895 573 7432 0 0 1 2
20 840 557 888 592 7452 0 0 1 2
20 833 578 880 612 7472 0 0 1 2
20 837 590 884 624 7492 0 0 1 2
20 848 598 895 631 7512 0 0 1 2
20 857 606 904 637 7532 0 0 1 2
20 870 615 915 646 7552 0 0 1 2
20 884 628 930 659 7572 0 0 1 2
20 891 635 939 666 7592 0 0 1 2
20 888 648 935 679 7612 0 0 1 2
20 879 665 926 696 7632 0 0 1 2
20 866 674 913 705 7652 0 0 1 2
20 855 680 902 712 7672 0 0 1 2
20 846 684 893 715 7692 0 0 1 2
20 844 684 891 715 7712 0 0 1 2
20 844 685 891 716 7732 0 0 1 2
20 844 685 891 716 7752 0 0 1 2
20 844 685 891 716 7772 0 0 1 2
20 844 685 891 716 7792 0 0 1 2
20 844 685 891 716 7812 0 0 1 2
20 844 685 891 716 7832 0 0 1 2
20 844 685 891 716 7852 0 0 1 2
20 844 685 891 716 7872 0 0 1 2
20 844 685 891 716 7892 0 0 1 2
20 844 685 891 716 7912 0 0 1 2
20 844 685 891 716 7932 0 0 1 2
20 844 685 891 716 7952 0 0 1 2
20 844 685 891 716 7972 0 0 1 2
20 844 685 891 716 7992 0 0 1 2
20 844 684 891 715 8012 0 0 1 2
20 844 684 891 715 8032 0 0 1 2
20 846 684 891 715 8052 0 0 1 2
20 846 682 891 715 8072 0 0 1 2
20 848 682 891 715 8092 0 0 1 2
20 848 682 891 715 8112 0 0 1 2
20 849 680 891 715 8132 0 0 1 2
20 849 680 891 715 8152 0 0 1 2
20 851 680 893 715 8172 0 0 1 2
20 851 680 893 715 8192 0 0 1 2
20 853 679 893 715 8212 0 0 1 2
20 853 679 893 715 8232 0 0 1 2
20 855 679 893 715 8252 0 0 1 2
20 855 677 893 715 8272 0 0 1 2
20 857 677 893 715 8292 0 0 1 2
20 857 677 893 715 8312 0 0 1 2
20 853 676 890 713 8332 0 0 1 2
20 849 676 886 713 8352 0 0 1 2
20 848 676 884 713 8372 0 0 1 2
20 846 677 882 715 8392 0 0 1 2
20 844 677 880 715 8412 0 0 1 2
20 842 679 879 716 8432 0 0 1 2
20 842 677 879 715 8452 0 0 1 2
20 842 668 879 705 8472 0 0 1 2
20 842 657 879 695 8492 0 0 1 2
20 848 651 879 691 8512 0 0 1 2
20 848 642 879 682 8532 0 0 1 2
20 848 631 879 671 8552 0 0 1 2
20 849 621 880 662 8572 0 0 1 2
20 853 609 884 649 8592 0 0 1 2
20 859 596 890 637 8612 0 0 1 2
20 862 585 893 626 8632 0 0 1 2
20 868 576 899 617 8652 0 0 1 2
20 873 565 904 606 8672 0 0 1 2
20 877 554 908 595 8692 0 0 1 2
20 886 542 917 582 8712 0 0 1 2
20 891 536 923 576 8732 0 0 1 2
20 890 532 921 573 8752 0 0 1 2
20 890 531 921 571 8772 0 0 1 2
20 890 529 921 570 8792 0 0 1 2
20 890 528 921 568 8812 0 0 1 2
20 890 526 921 567 8832 0 0 1 2
20 897 522 928 562 8852 0 0 1 2
20 902 515 933 556 8872 0 0 1 2
20 912 504 943 545 8892 0 0 1 2
20 917 497 948 537 8912 0 0 1 2
20 904 489 935 529 8932 0 0 1 2
20 908 486 939 526 8952 0 0 1 2
20 915 495 950 534 9272 0 0 1 2
20 908 503 943 540 9292 0 0 1 2
20 899 511 935 548 9312 0 0 1 2
20 891 517 928 554 9332 0 0 1 2
20 882 522 919 559 9352 0 0 1 2
20 870 532 908 570 9372 0 0 1 2
20 864 540 902 578 9392 0 0 1 2
20 857 546 895 584 9412 0 0 1 2
20 846 556 884 593 9432 0 0 1 2
20 833 564 871 601 9452 0 0 1 2
20 820 573 859 610 9472 0 0 1 2
20 809 582 848 620 9492 0 0 1 2
20 798 593 838 631 9512 0 0 1 2
20 785 604 829 643 9532 0 0 1 2
20 773 613 822 656 9552 0 0 1 2
20 762 624 815 668 9572 0 0 1 2
20 749 635 806 680 9592 0 0 1 2
20 742 645 798 690 9612 0 0 1 2
20 732 654 789 699 9632 0 0 1 2
20 725 662 782 707 9652 0 0 1 2
20 716 671 773 716 9672 0 0 1 2
21 721 490 754 526 9014 0 0 1 2
21 723 500 756 536 9034 0 0 1 2
21 723 515 756 551 9054 0 0 1 2
21 718 523 751 559 9074 0 0 1 2
21 711 529 743 565 9094 0 0 1 2
21 705 536 738 571 9114 0 0 1 2
21 698 540 731 576 9134 0 0 1 2
21 694 546 727 582 9154 0 0 1 2
21 696 551 729 587 9174 0 0 1 2
21 696 553 729 589 9194 0 0 1 2
21 696 553 729 589 9214 0 0 1 2
21 696 551 729 587 9234 0 0 1 2
21 696 551 729 587 9254 0 0 1 2
21 694 550 727 585 9274 0 0 1 2
21 694 550 727 585 9294 0 0 1 2
21 694 548 727 584 9314 0 0 1 2
21 692 546 725 582 9334 0 0 1 2
21 689 545 721 581 9354 0 0 1 2
21 683 542 716 578 9374 0 0 1 2
21 681 540 714 576 9394 0 0 1 2
21 676 546 709 582 9414 0 0 1 2
21 672 545 705 581 9434 0 0 1 2
21 670 540 703 576 9454 0 0 1 2
21 663 545 696 581 9474 0 0 1 2
21 659 548 692 584 9494 0 0 1 2
21 659 546 694 582 9514 0 0 1 2
21 659 545 700 581 9534 0 0 1 2
21 659 543 705 581 9554 0 0 1 2
21 659 542 709 579 9574 0 0 1 2
21 661 542 714 579 9594 0 0 1 2
21 663 542 716 579 9614 0 0 1 2
21 665 542 718 579 9634 0 0 1 2
21 667 542 720 579 9654 0 0 1 2
21 668 543 721 581 9674 0 0 1 2
21 670 543 723 581 9694 0 0 1 2
21 672 543 725 581 9714 0 0 1 2
21 674 545 727 582 9734 0 0 1 2
21 676 545 729 582 9754 0 0 1 2
21 678 545 731 582 9774 0 0 1 2
21 679 545 732 582 9794 0 0 1 2
21 681 546 734 584 9814 0 0 1 2
21 683 546 736 584 9834 0 0 1 2
21 685 546 738 584 9854 0 0 1 2
21 685 546 738 584 9874 0 0 1 2
21 681 542 734 579 9894 0 0 1 2
21 679 537 732 575 9914 0 0 1 2
22 915 539 950 578 1006 0 0 1 2
22 915 539 950 578 1026 0 0 1 2
22 915 540 950 579 1046 0 0 1 2
22 913 540 948 579 1066 0 0 1 2
22 913 542 948 581 1086 0 0 1 2
22 913 542 948 581 1106 0 0 1 2
22 912 542 946 581 1126 0 0 1 2
22 912 543 946 582 1146 0 0 1 2
22 912 543 946 582 1166 0 0 1 2
22 910 543 944 582 1186 0 0 1 2
22 910 542 944 581 1206 0 0 1 2
22 908 540 943 579 1226 0 0 1 2
22 908 540 943 579 1246 0 0 1 2
22 908 539 943 578 1266 0 0 1 2
22 908 537 943 576 1286 0 0 1 2
22 908 537 943 576 1306 0 0 1 2
22 908 536 943 575 1326 0 0 1 2
22 908 536 943 575 1346 0 0 1 2
22 902 534 937 573 1366 0 0 1 2
22 899 532 933 571 1386 0 0 1 2
22 893 532 928 571 1406 0 0 1 2
22 886 518 921 557 1426 0 0 1 2
22 880 514 913 553 1446 0 0 1 2
22 875 508 908 546 1466 0 0 1 2
22 871 495 904 534 1486 0 0 1 2
22 868 479 901 518 1506 0 0 1 2
24 1279 81 1314 121 866 0 0 1 2
24 1279 98 1314 138 886 0 0 1 2
24 1279 119 1312 160 906 0 0 1 2
24 1279 141 1312 182 926 0 0 1 2
24 1279 158 1312 199 946 0 0 1 2
24 1279 177 1312 218 966 0 0 1 2
24 1281 196 1314 236 986 0 0 1 2
24 1288 211 1314 257 1006 0 0 1 2
24 1295 227 1314 275 1026 0 0 1 2
24 1295 247 1314 296 1046 0 0 1 2
24 1295 264 1314 313 1066 0 0 1 2
24 1295 280 1314 328 1086 0 0 1 2
24 1295 294 1314 342 1106 0 0 1 2
24 1295 310 1314 358 1126 0 0 1 2
24 1295 330 1314 378 1146 0 0 1 2
24 1295 350 1314 398 1166 0 0 1 2
24 1295 370 1314 419 1186 0 0 1 2
24 1295 392 1314 441 1206 0 0 1 2
24 1294 408 1312 456 1226 0 0 1 2
28 1120 149 1177 191 4781 0 0 1 3
28 1124 151 1180 193 4801 0 0 1 3
28 1125 152 1182 194 4821 0 0 1 3
28 1129 152 1186 194 4841 0 0 1 3
28 1131 154 1188 196 4861 0 0 1 3
28 1135 155 1191 197 4881 0 0 1 3
28 1136 157 1193 199 4901 0 0 1 3
28 1142 158 1199 201 4921 0 0 1 3
28 1151 162 1208 204 4941 0 0 1 3
28 1160 165 1217 207 4961 0 0 1 3
28 1167 168 1224 210 4981 0 0 1 3
28 1180 171 1237 213 5001 0 0 1 3
28 1195 174 1253 216 5021 0 0 1 3
28 1211 177 1270 219 5041 0 0 1 3
28 1224 187 1284 227 5061 0 0 1 3
28 1235 197 1295 238 5081 0 0 1 3
28 1239 215 1299 255 5101 0 0 1 3
28 1241 235 1301 275 5121 0 0 1 3
28 1242 257 1303 297 5141 0 0 1 3
28 1244 277 1305 317 5161 0 0 1 3
28 1244 299 1305 339 5181 0 0 1 3
28 1241 317 1301 358 5201 0 0 1 3
28 1233 338 1294 378 5221 0 0 1 3
28 1228 349 1288 389 5241 0 0 1 3
28 1215 356 1275 397 5261 0 0 1 3
28 1199 363 1259 403 5281 0 0 1 3
28 1186 375 1246 416 5301 0 0 1 3
28 1175 391 1235 431 5321 0 0 1 3
28 1167 414 1228 455 5341 0 0 1 3
28 1164 430 1224 470 5361 0 0 1 3
28 1164 450 1224 490 5381 0 0 1 3
28 1164 473 1224 514 5401 0 0 1 3
28 1164 497 1224 537 5421 0 0 1 3
28 1162 514 1222 554 5441 0 0 1 3
28 1162 529 1222 570 5461 0 0 1 3
28 1162 553 1222 593 5481 0 0 1 3
30 888 565 915 593 1019 0 0 1 2
30 888 564 915 593 1039 0 0 1 2
30 888 564 915 593 1059 0 0 1 2
30 886 562 915 592 1079 0 0 1 2
30 886 562 915 592 1099 0 0 1 2
30 886 561 915 592 1119 0 0 1 2
30 884 561 915 590 1139 0 0 1 2
30 884 559 915 590 1159 0 0 1 2
30 884 559 915 590 1179 0 0 1 2
30 882 557 915 589 1199 0 0 1 2
30 882 557 915 589 1219 0 0 1 2
30 882 556 915 589 1239 0 0 1 2
30 880 556 915 587 1259 0 0 1 2
30 880 554 915 587 1279 0 0 1 2
30 880 554 915 587 1299 0 0 1 2
30 879 550 913 582 1319 0 0 1 2
30 875 540 910 573 1339 0 0 1 2
30 873 532 908 565 1359 0 0 1 2
30 868 522 901 554 1379 0 0 1 2
30 875 511 908 543 1399 0 0 1 2
30 879 504 912 537 1419 0 0 1 2
30 880 495 913 528 1439 0 0 1 2
30 880 490 913 523 1459 0 0 1 2
30 882 487 915 520 1479 0 0 1 2
30 882 487 915 520 1499 0 0 1 2
30 880 486 915 518 1519 0 0 1 2
30 880 486 915 518 1539 0 0 1 2
30 880 486 917 518 1559 0 0 1 2
30 880 486 917 518 1579 0 0 1 2
30 880 486 917 518 1599 0 0 1 2
30 880 486 919 518 1619 0 0 1 2
30 879 486 919 518 1639 0 0 1 2
30 879 486 919 518 1659 0 0 1 2
30 879 486 921 518 1679 0 0 1 2
30 879 486 921 518 1699 0 0 1 2
30 879 486 921 517 1719 0 0 1 2

