0 574 726 629 813 0 0 0 0 1
0 609 701 665 788 20 0 0 1 1
0 639 693 694 776 40 0 0 1 1
0 663 693 718 776 60 0 0 1 1
0 687 693 742 776 80 0 0 1 1
0 711 693 767 776 100 0 0 0 1
0 715 693 770 776 120 0 0 1 1
0 718 693 774 776 140 0 0 1 1
0 722 693 778 776 160 0 0 1 1
0 735 693 791 776 180 0 0 1 1
0 754 693 809 776 200 0 0 1 1
0 772 693 828 776 220 0 0 0 1
0 802 693 857 776 240 0 0 1 1
0 831 697 887 780 260 0 0 1 1
0 861 697 917 780 280 0 0 1 1
0 894 701 950 784 300 0 0 1 1
0 933 701 989 788 320 0 0 1 1
0 972 701 1028 788 340 0 0 1 1
0 1009 701 1065 788 360 0 0 1 1
0 1048 697 1104 784 380 0 0 1 1
0 1087 697 1143 784 400 0 0 0 1
0 1122 693 1178 780 420 0 0 1 1
0 1159 689 1215 776 440 0 0 1 1
0 1191 693 1246 780 460 0 0 0 1
0 1237 718 1293 805 480 0 0 0 1
0 1243 714 1298 801 500 0 0 1 1
0 1237 710 1293 796 520 0 0 1 1
1 513 1065 565 1131 8 0 0 1 2
1 498 1036 550 1098 28 0 0 1 2
1 481 1007 533 1069 48 0 0 1 2
1 470 986 522 1048 68 0 0 1 2
1 461 966 513 1028 88 0 0 1 2
1 450 945 502 1007 108 0 0 1 2
1 439 924 490 986 128 0 0 1 2
1 429 900 481 962 148 0 0 1 2
1 418 871 470 933 168 0 0 1 2
1 409 842 461 904 188 0 0 1 2
1 400 821 452 883 208 0 0 1 2
1 392 805 444 867 228 0 0 1 2
1 385 792 437 854 248 0 0 1 2
1 377 776 429 838 268 0 0 1 2
1 372 759 424 821 288 0 0 1 2
1 364 739 416 801 308 0 0 1 2
1 359 722 411 784 328 0 0 1 2
1 353 701 405 763 348 0 0 1 2
1 348 685 400 747 368 0 0 1 2
1 340 673 392 734 388 0 0 1 2
2 5 751 51 842 428 0 0 1 2
2 22 755 68 846 448 0 0 1 2
2 38 763 85 854 468 0 0 1 2
2 53 768 100 858 488 0 0 1 2
2 72 776 118 867 508 0 0 1 2
2 96 784 142 875 528 0 0 1 2
3 565 941 613 1024 16 0 0 1 2
3 602 924 650 1007 36 0 0 1 2
3 626 916 674 999 56 0 0 1 2
3 648 904 696 986 76 0 0 1 2
3 663 896 711 978 96 0 0 1 2
3 667 896 715 978 116 0 0 1 2
3 670 891 718 978 136 0 0 1 2
3 674 887 722 974 156 0 0 1 2
3 676 887 724 974 176 0 0 1 2
3 678 883 726 970 196 0 0 1 2
3 679 879 728 966 216 0 0 1 2
3 683 879 731 966 236 0 0 1 2
3 685 875 733 962 256 0 0 1 2
3 691 871 739 957 276 0 0 1 2
3 705 867 754 953 296 0 0 1 2
3 722 862 770 949 316 0 0 1 2
3 737 862 785 949 336 0 0 1 2
3 752 858 800 945 356 0 0 1 2
3 768 854 817 941 376 0 0 1 2
3 796 846 844 933 396 0 0 1 2
3 826 834 874 920 416 0 0 1 2
3 855 817 904 904 436 0 0 1 2
3 885 796 933 883 456 0 0 1 2
3 917 780 965 867 476 0 0 1 2
3 956 755 1004 850 496 0 0 1 2
3 987 730 1035 821 516 0 0 1 2
4 522 1032 570 1098 4 0 0 1 2
4 529 1032 578 1098 24 0 0 1 2
4 537 1036 585 1098 44 0 0 1 2
4 544 1040 592 1102 64 0 0 1 2
4 553 1044 602 1106 84 0 0 1 2
4 563 1052 611 1114 104 0 0 1 2
4 570 1061 618 1123 124 0 0 1 2
4 579 1065 628 1127 144 0 0 1 2
4 589 1073 637 1135 164 0 0 1 2
4 607 1073 655 1135 184 0 0 1 2
4 622 1077 670 1139 204 0 0 1 2
4 622 1077 670 1139 224 0 1 1 2
4 635 1077 683 1139 244 0 1 1 2
4 657 1077 705 1139 264 0 1 1 2
4 678 1077 726 1139 284 0 1 1 2
4 700 1077 748 1139 304 0 1 1 2
4 720 1077 768 1139 324 0 1 1 2
4 742 1077 791 1139 344 0 1 1 2
4 763 1077 811 1139 364 0 1 1 2
4 785 1077 833 1139 384 0 1 1 2
4 805 1077 854 1139 404 0 1 1 2
4 828 1077 876 1139 424 0 1 1 2
4 848 1077 896 1139 444 0 1 1 2
4 878 1081 926 1143 464 0 0 1 2
4 907 1090 956 1152 484 0 0 1 2
4 926 1090 974 1152 504 0 0 1 2
4 950 1090 998 1152 524 0 0 1 2
5 896 1065 948 1127 12 0 0 1 1
5 837 1069 889 1131 32 0 0 1 1
5 789 1069 841 1131 52 0 1 1 1
5 711 1077 761 1135 72 0 1 1 1
5 631 1081 683 1139 92 0 1 1 1
5 565 1081 613 1139 112 0 0 1 1
5 498 1081 546 1139 132 0 0 1 1
5 450 1081 498 1139 152 0 1 1 1
5 353 1081 402 1139 172 0 1 1 1
5 257 1081 305 1139 192 0 1 1 1
5 198 1077 246 1135 212 0 1 1 1
5 96 1085 144 1143 232 0 0 1 1
6 1265 1048 1317 1123 1 0 0 1 1
6 1243 1048 1293 1123 21 0 0 1 1
6 1222 1048 1271 1123 41 0 0 1 1
6 1202 1048 1250 1123 61 0 0 1 1
6 1182 1048 1230 1123 81 0 0 1 1
6 1167 1052 1215 1127 101 0 0 1 1
6 1152 1057 1200 1131 121 0 0 1 1
6 1137 1061 1185 1135 141 0 0 1 1
6 1113 1061 1161 1135 161 0 0 1 1
6 1089 1065 1137 1139 181 0 0 1 1
6 1065 1065 1113 1139 201 0 0 1 1
6 1046 1065 1094 1139 221 0 0 1 1
6 1031 1057 1080 1131 241 0 0 1 1
6 1017 1048 1065 1123 261 0 0 1 1
6 1000 1044 1048 1119 281 0 0 1 1
6 983 1044 1031 1119 301 0 0 1 1
6 967 1044 1015 1119 321 0 0 1 1
6 950 1044 998 1119 341 0 0 1 1
6 931 1044 980 1119 361 0 0 1 1
6 913 1044 961 1119 381 0 0 1 1
6 894 1044 943 1119 401 0 0 1 1
6 876 1044 924 1119 421 0 0 1 1
6 859 1044 907 1119 441 0 0 1 1
6 841 1040 889 1114 461 0 0 1 1
6 824 1036 872 1110 481 0 0 1 1
6 805 1036 854 1110 501 0 0 1 1
6 794 1036 843 1110 521 0 0 1 1
7 1287 1057 1321 1123 39 0 0 1 1
7 1269 1065 1302 1131 59 0 0 1 1
7 1248 1073 1282 1139 79 0 0 1 1
7 1226 1065 1267 1127 99 0 0 1 1
7 1215 1065 1256 1127 119 0 1 1 1
7 1195 1065 1235 1127 139 0 1 1 1
7 1172 1065 1213 1127 159 0 1 1 1
7 1152 1065 1193 1127 179 0 1 1 1
7 1130 1069 1170 1131 199 0 1 1 1
7 1109 1069 1150 1131 219 0 1 1 1
7 1087 1069 1128 1131 239 0 1 1 1
7 1067 1073 1107 1135 259 0 1 1 1
7 1044 1073 1085 1135 279 0 1 1 1
7 1024 1073 1065 1135 299 0 1 1 1
7 1004 1077 1044 1139 319 0 0 1 1
7 985 1077 1026 1139 339 0 0 1 1
7 967 1077 1007 1139 359 0 0 1 1
7 948 1077 989 1139 379 0 0 1 1
7 930 1077 970 1139 399 0 0 1 1
7 911 1077 952 1139 419 0 0 1 1
7 896 1073 937 1135 439 0 0 1 1
7 883 1073 924 1135 459 0 0 1 1
7 865 1077 906 1139 479 0 0 1 1
7 850 1077 891 1139 499 0 0 1 1
7 835 1077 876 1139 519 0 0 1 1
8 674 1069 726 1135 225 0 0 1 1
8 668 1065 720 1131 245 0 0 1 1
8 654 1065 705 1131 265 0 0 1 1
8 639 1065 691 1131 285 0 0 1 1
8 624 1065 676 1127 305 0 0 1 1
8 609 1065 661 1127 325 0 0 1 1
8 594 1065 646 1127 345 0 0 1 1
8 570 1069 622 1131 365 0 0 1 1
8 544 1077 596 1139 385 0 0 1 1
8 518 1081 570 1143 405 0 0 1 1
8 492 1090 544 1152 425 0 0 1 1
8 466 1085 518 1147 445 0 0 1 1
8 442 1085 494 1147 465 0 0 1 1
11 183 966 237 1040 3 0 0 1 1
11 146 970 200 1044 23 0 0 1 1
11 107 974 161 1048 43 0 0 1 1
11 68 978 122 1052 63 0 0 1 1
11 31 978 83 1052 83 0 0 1 1
11 0 974 44 1044 103 0 0 1 1
12 1283 1073 1322 1143 123 0 0 1 1
12 1282 1069 1321 1139 143 0 0 1 1
12 1267 1061 1308 1131 163 0 0 1 1
12 1258 1057 1298 1127 183 0 0 1 1
12 1241 1057 1282 1127 203 0 0 1 1
12 1226 1057 1267 1127 223 0 0 1 1
12 1209 1065 1250 1135 243 0 0 1 1
12 1191 1061 1232 1131 263 0 0 1 1
12 1182 1061 1222 1131 283 0 0 1 1
12 1174 1061 1215 1131 303 0 0 1 1
12 1154 1065 1195 1135 323 0 1 1 1
12 1135 1073 1176 1143 343 0 0 1 1
12 1124 1069 1165 1139 363 0 0 1 1
12 1111 1069 1152 1139 383 0 0 1 1
12 1102 1069 1143 1139 403 0 0 1 1
12 1085 1065 1126 1135 423 0 1 1 1
12 1059 1061 1100 1131 443 0 1 1 1
12 1035 1061 1076 1131 463 0 0 1 1
12 1028 1061 1069 1131 483 0 0 1 1
12 1019 1065 1059 1135 503 0 0 1 1
12 1000 1069 1041 1139 523 0 0 1 1
18 1285 1065 1321 1143 212 0 0 1 1
18 1272 1077 1308 1156 232 0 0 1 1
18 1256 1073 1289 1152 252 0 0 1 1
18 1246 1073 1280 1152 272 0 0 1 1
18 1233 1073 1267 1152 292 0 0 1 1
18 1228 1069 1261 1147 312 0 0 1 1
18 1224 1061 1258 1139 332 0 0 1 1
18 1222 1061 1256 1139 352 0 1 1 1
18 1198 1061 1232 1139 372 0 1 1 1
18 1174 1061 1208 1139 392 0 1 1 1
18 1150 1061 1183 1139 412 0 0 1 1
18 1126 1065 1159 1143 432 0 0 1 1
18 1111 1069 1145 1147 452 0 0 1 1
19 939 1090 985 1160 11 0 0 1 1
19 987 1094 1035 1160 31 0 0 1 1
19 1035 1098 1083 1164 51 0 0 1 1
19 1065 1094 1113 1160 71 0 1 1 1
19 1120 1090 1169 1156 91 0 1 1 1
19 1178 1085 1226 1152 111 0 1 1 1
19 1233 1081 1282 1147 131 0 0 1 1
21 1024 714 1082 792 9 0 0 1 2
21 998 714 1056 788 29 0 0 1 2
21 974 710 1031 784 49 0 0 1 2
21 950 710 1007 780 69 0 0 1 2
21 933 710 991 780 89 0 0 1 2
21 917 710 974 780 109 0 0 1 2
21 896 706 952 776 129 0 0 1 2
21 872 697 928 768 149 0 0 1 2
21 846 693 902 763 169 0 0 1 2
21 830 693 885 763 189 0 0 1 2
21 813 693 868 763 209 0 0 1 2
21 792 697 848 768 229 0 0 1 2
21 772 701 828 772 249 0 0 1 2
21 750 701 805 772 269 0 0 1 2
21 735 697 791 768 289 0 0 1 2
21 713 693 768 763 309 0 0 1 2
21 691 693 746 763 329 0 0 1 2
21 668 701 724 772 349 0 0 1 2
21 648 710 704 780 369 0 0 1 2
21 628 710 683 780 389 0 0 1 2
21 607 710 663 780 409 0 0 1 2
21 589 710 644 780 429 0 0 1 2
21 570 714 626 784 449 0 0 1 2
21 553 722 609 792 469 0 0 1 2
21 531 722 587 792 489 0 0 1 2
21 505 722 561 792 509 0 0 1 2
21 485 730 541 796 529 0 0 1 2
21 463 734 518 801 549 0 0 1 2
21 442 739 498 805 569 0 0 1 2
21 420 747 476 809 589 0 0 1 2
21 400 751 455 813 609 0 0 1 2
21 381 751 435 813 629 0 0 1 2
21 361 755 413 817 649 0 0 1 2
21 342 755 392 821 669 0 0 1 2
21 322 759 372 821 689 0 0 1 2
21 303 763 352 825 709 0 0 1 2
21 285 763 329 829 729 0 0 1 2
21 264 768 309 829 749 0 0 1 2
21 246 768 289 834 769 0 0 1 2
21 226 772 266 838 789 0 0 1 2
21 207 776 246 838 809 0 0 1 2
21 187 776 226 842 829 0 0 1 2
21 168 780 205 842 849 0 0 1 2
21 148 780 183 846 869 0 0 1 2
21 129 784 163 850 889 0 0 1 2
21 109 784 142 850 909 0 0 1 2
21 90 788 122 854 929 0 0 1 2
21 72 784 101 854 949 0 0 1 2
21 33 801 59 862 969 0 0 1 2
21 24 784 51 854 989 0 0 1 2
21 9 784 29 850 1009 0 0 1 2
21 0 788 16 850 1029 0 0 1 2
22 7 838 53 900 1003 0 0 1 2
23 307 1044 352 1102 681 0 0 1 2
23 303 1019 348 1077 701 0 0 1 2
23 298 995 342 1052 721 0 0 1 2
23 292 970 337 1028 741 0 0 1 2
23 287 941 331 999 761 0 0 1 2
23 283 916 327 974 781 0 0 1 2
23 277 891 322 949 801 0 0 1 2
23 272 871 316 929 821 0 0 1 2
23 263 850 307 908 841 0 0 1 2
23 255 834 300 891 861 0 0 1 2
23 248 817 292 875 881 0 0 1 2
23 240 801 285 858 901 0 0 1 2
23 231 780 276 838 921 0 0 1 2
23 224 763 268 821 941 0 0 1 2
23 216 747 261 805 961 0 0 1 2
23 209 730 253 788 981 0 0 1 2
25 878 768 911 842 1001 0 0 1 2
25 898 759 931 834 1021 0 0 1 2
25 920 747 954 821 1041 0 0 1 2
25 941 739 974 813 1061 0 0 1 2
25 959 726 993 801 1081 0 0 1 2
25 972 726 1006 801 1101 0 0 1 2
25 983 722 1017 796 1121 0 0 1 2
25 993 714 1026 788 1141 0 0 1 2
25 1000 710 1033 784 1161 0 0 1 2
25 1009 701 1043 776 1181 0 0 1 2
25 1011 677 1044 751 1201 0 0 1 2
25 1013 656 1044 730 1221 0 0 1 2
25 1015 623 1046 697 1241 0 0 1 2
25 1017 619 1048 693 1261 0 0 1 2
25 1017 619 1048 693 1281 0 0 1 2
25 1017 619 1048 693 1301 0 0 1 2
25 1017 619 1048 693 1321 0 0 1 2
25 1017 619 1048 693 1341 0 0 1 2
25 1017 619 1048 693 1361 0 0 1 2
25 1017 619 1048 693 1381 0 0 1 2
25 1017 619 1048 693 1401 0 0 1 2
25 1017 619 1048 693 1421 0 0 1 2
25 1017 619 1048 693 1441 0 0 1 2
25 1017 619 1048 693 1461 0 0 1 2
25 1017 619 1048 693 1481 0 0 1 2
25 1017 619 1048 693 1501 0 0 1 2
25 1017 619 1048 693 1521 0 0 1 2
26 607 1057 642 1135 1047 0 0 1 3
26 594 1057 629 1135 1067 0 0 1 3
26 581 1057 616 1135 1087 0 0 1 3
26 570 1057 604 1135 1107 0 0 1 3
26 557 1057 591 1135 1127 0 0 1 3
26 546 1057 579 1135 1147 0 0 1 3
26 539 1057 572 1135 1167 0 0 1 3
26 522 1061 555 1139 1187 0 0 1 3
26 503 1065 537 1143 1207 0 0 1 3
26 492 1069 526 1147 1227 0 0 1 3
26 487 1073 520 1152 1247 0 0 1 3
26 481 1081 515 1156 1267 0 0 1 3
26 476 1085 509 1160 1287 0 0 1 3
26 450 1081 483 1156 1307 0 0 1 3
26 422 1073 455 1147 1327 0 0 1 3
26 407 1069 440 1143 1347 0 0 1 3
26 390 1069 424 1143 1367 0 0 1 3
26 355 1069 389 1143 1387 0 0 1 3
27 724 1024 765 1077 605 0 0 1 1
27 713 1040 754 1094 625 0 0 1 1
27 694 1032 737 1085 645 0 0 1 1
27 674 1032 717 1085 665 0 0 1 1
27 652 1032 694 1085 685 0 0 1 1
27 626 1028 668 1081 705 0 0 1 1
27 600 1024 642 1077 725 0 0 1 1
27 576 1019 618 1073 745 0 0 1 1
27 550 1011 592 1065 765 0 0 1 1
27 524 1007 566 1061 785 0 0 1 1
27 498 1003 541 1057 805 0 0 1 1
27 463 966 503 1036 825 0 0 1 1
27 422 953 463 1028 845 0 0 1 1
27 383 953 424 1028 865 0 0 1 1
27 342 957 385 1024 885 0 0 1 1
27 302 962 344 1019 905 0 0 1 1
27 263 962 305 1019 925 0 0 1 1
27 220 966 263 1019 945 0 0 1 1
27 172 966 214 1019 965 0 0 1 1
27 122 966 164 1019 985 0 0 1 1
27 74 966 114 1019 1005 0 0 1 1
28 705 1019 731 1069 1000 0 0 0 2
28 689 1011 715 1061 1020 0 0 1 2
28 672 1007 698 1057 1040 0 0 1 2
28 661 1007 687 1057 1060 0 0 1 2
28 655 1007 681 1057 1080 0 0 1 2
28 652 1011 678 1061 1100 0 0 1 2
28 648 1011 674 1061 1120 0 0 1 2
28 644 1015 670 1065 1140 0 0 1 2
28 641 1019 667 1069 1160 0 0 0 2
28 635 1015 661 1065 1180 0 0 1 2
28 631 1011 657 1065 1200 0 0 1 2
28 628 1011 654 1061 1220 0 0 1 2
28 624 1007 650 1061 1240 0 0 1 2
28 620 1007 646 1061 1260 0 0 1 2
28 615 995 641 1052 1280 0 0 1 2
28 609 982 635 1040 1300 0 0 1 2
28 604 970 629 1032 1320 0 0 0 2
28 583 966 609 1032 1340 0 0 1 2
28 563 966 589 1036 1360 0 0 1 2
28 539 966 565 1040 1380 0 0 1 2
28 498 970 524 1044 1400 0 0 1 2
28 461 966 487 1040 1420 0 0 1 2
28 426 953 452 1028 1440 0 0 1 2
28 387 945 413 1019 1460 0 0 0 2
28 333 949 359 1024 1480 0 0 1 2
28 281 949 307 1024 1500 0 0 1 2
28 246 949 270 1024 1520 0 0 1 2
29 904 1069 952 1135 1096 0 0 1 1
29 922 1077 970 1143 1116 0 0 1 1
29 941 1081 989 1152 1136 0 0 1 1
29 970 1081 1019 1156 1156 0 0 1 1
29 1017 1069 1065 1143 1176 0 0 1 1
29 1041 1069 1089 1143 1196 0 0 1 1
29 1067 1069 1115 1143 1216 0 0 1 1
29 1091 1069 1139 1143 1236 0 0 1 1
29 1117 1069 1165 1143 1256 0 0 1 1
29 1141 1065 1189 1139 1276 0 0 1 1
29 1167 1065 1215 1139 1296 0 0 1 1
29 1191 1065 1239 1139 1316 0 0 1 1
29 1217 1065 1265 1139 1336 0 0 1 1
29 1239 1061 1278 1135 1356 0 0 1 1
29 1263 1048 1291 1123 1376 0 0 1 1
29 1302 1007 1330 1081 1396 0 0 1 1
29 1302 1007 1330 1081 1416 0 0 1 1
30 961 1065 1007 1143 1413 0 0 1 1
30 944 1065 991 1143 1433 0 0 1 1
30 926 1061 972 1139 1453 0 0 1 1
30 909 1057 956 1135 1473 0 0 1 1
30 891 1052 937 1131 1493 0 0 1 1
30 874 1052 920 1131 1513 0 0 1 1
31 707 986 731 1036 1001 0 0 1 2
31 692 986 720 1032 1021 0 0 1 2
31 676 986 707 1032 1041 0 0 1 2
31 676 995 707 1040 1061 0 0 1 2
31 676 1003 707 1048 1081 0 0 1 2
31 674 1011 705 1057 1101 0 0 1 2
31 672 1007 702 1057 1121 0 0 1 2
31 668 1003 698 1052 1141 0 0 1 2
31 665 999 694 1052 1161 0 0 1 2
31 661 995 691 1048 1181 0 0 1 2
31 657 991 687 1048 1201 0 0 1 2
31 654 986 683 1044 1221 0 0 1 2
31 650 982 679 1040 1241 0 0 1 2
31 646 978 676 1040 1261 0 0 1 2
31 637 962 667 1024 1281 0 0 1 2
31 622 937 652 999 1301 0 0 1 2
31 607 916 637 978 1321 0 0 1 2
31 585 920 615 982 1341 0 0 1 2
31 557 920 587 982 1361 0 0 1 2
31 528 920 557 982 1381 0 0 1 2
31 498 920 528 982 1401 0 0 1 2
31 461 916 490 978 1421 0 0 1 2
31 426 912 455 974 1441 0 0 1 2
31 385 912 415 974 1461 0 0 1 2
31 327 916 357 978 1481 0 0 1 2
31 283 912 313 974 1501 0 0 1 2
31 246 912 276 974 1521 0 0 0 2
32 618 1065 646 1139 1069 0 0 1 2
32 615 1065 642 1139 1089 0 0 1 2
32 613 1065 641 1139 1109 0 0 1 2
32 609 1065 637 1139 1129 0 0 1 2
32 605 1065 633 1139 1149 0 0 1 2
32 604 1065 631 1139 1169 0 0 1 2
32 600 1065 628 1139 1189 0 0 1 2
32 598 1065 626 1139 1209 0 0 1 2
32 594 1065 622 1139 1229 0 0 1 2
32 592 1065 620 1139 1249 0 0 1 2
32 574 1069 602 1143 1269 0 0 1 2
32 559 1065 587 1139 1289 0 0 1 2
32 542 1061 570 1135 1309 0 0 1 2
32 526 1065 553 1139 1329 0 0 1 2
32 509 1065 537 1139 1349 0 0 1 2
32 492 1061 520 1135 1369 0 0 1 2
32 476 1065 503 1139 1389 0 0 1 2
32 457 1069 485 1143 1409 0 0 1 2
33 705 1019 735 1081 1339 0 0 1 2
33 700 1011 728 1073 1359 0 0 1 2
33 694 1007 722 1069 1379 0 0 1 2
33 689 999 717 1061 1399 0 0 1 2
33 685 999 713 1061 1419 0 0 1 2
33 681 999 709 1061 1439 0 0 1 2
33 678 995 705 1057 1459 0 0 1 2
33 674 995 702 1057 1479 0 0 1 2
33 663 986 691 1048 1499 0 0 1 2
33 644 974 672 1036 1519 0 0 1 2
34 276 871 326 995 1507 0 0 1 1
34 227 871 277 995 1527 0 0 1 1
34 176 867 226 991 1547 0 0 1 1
34 127 875 177 999 1567 0 0 1 1
34 88 904 138 1028 1587 0 0 1 1
34 40 896 90 1019 1607 0 0 1 1
34 3 904 29 1028 1627 0 0 1 1
35 624 933 674 1048 1517 0 0 1 1
35 607 929 657 1044 1537 0 0 1 1
35 591 920 641 1036 1557 0 0 1 1
35 568 916 618 1032 1577 0 0 1 1
35 541 908 589 1024 1597 0 0 1 1
35 511 900 559 1015 1617 0 0 1 1
35 481 896 531 1011 1637 0 0 1 1
35 453 887 502 1003 1657 0 0 1 1
35 413 896 461 1011 1677 0 0 1 1
35 376 904 424 1019 1697 0 0 1 1
35 352 904 400 1019 1717 0 0 1 1
35 313 908 361 1024 1737 0 0 1 1
35 274 904 322 1019 1757 0 0 1 1
35 239 887 287 1003 1777 0 0 1 1
35 192 887 240 1003 1797 0 0 1 1
35 150 891 198 1007 1817 0 0 1 1
35 114 896 163 1011 1837 0 0 1 1
35 72 904 120 1019 1857 0 0 1 1
35 33 908 81 1024 1877 0 0 1 1
35 3 912 42 1028 1897 0 0 1 1
36 1180 693 1211 772 1174 0 0 1 2
36 1159 693 1191 772 1194 0 0 1 2
36 1139 693 1170 772 1214 0 0 1 2
36 1119 693 1150 772 1234 0 0 1 2
36 1098 693 1130 772 1254 0 0 1 2
36 1078 689 1109 768 1274 0 0 1 2
36 1056 685 1087 763 1294 0 0 1 2
36 1033 685 1065 763 1314 0 0 1 2
36 1011 681 1044 759 1334 0 0 1 2
36 989 677 1022 755 1354 0 0 1 2
36 969 677 1000 755 1374 0 0 1 2
36 946 673 980 751 1394 0 0 1 2
36 922 673 956 751 1414 0 0 1 2
36 894 673 928 751 1434 0 0 1 2
36 868 673 902 751 1454 0 0 1 2
36 843 673 876 751 1474 0 0 1 2
36 817 673 850 751 1494 0 0 1 2
36 794 673 828 755 1514 0 0 1 2
36 776 677 807 768 1534 0 0 1 2
36 754 681 787 772 1554 0 0 1 2
36 731 681 765 772 1574 0 0 1 2
36 709 681 742 772 1594 0 0 1 2
36 685 677 718 768 1614 0 0 1 2
36 661 677 694 768 1634 0 0 1 2
36 639 673 672 763 1654 0 0 1 2
36 616 664 650 755 1674 0 0 1 2
36 596 664 629 755 1694 0 0 1 2
36 568 656 602 747 1714 0 0 1 2
36 539 652 572 743 1734 0 0 1 2
36 513 652 546 743 1754 0 0 1 2
36 502 648 535 739 1774 0 0 1 2
36 490 644 524 734 1794 0 0 1 2
36 472 644 505 734 1814 0 0 1 2
37 566 829 598 887 1004 0 0 1 2
37 585 829 616 887 1024 0 0 1 2
37 602 834 633 891 1044 0 0 1 2
37 618 842 650 900 1064 0 0 1 2
37 637 846 668 904 1084 0 0 1 2
37 657 842 689 900 1104 0 0 1 2
37 676 842 707 900 1124 0 0 1 2
37 692 846 724 904 1144 0 0 1 2
37 707 850 739 908 1164 0 0 1 2
37 724 854 755 912 1184 0 0 1 2
37 741 854 772 912 1204 0 0 1 2
37 757 854 789 912 1224 0 0 1 2
37 776 854 807 912 1244 0 0 0 2
37 791 846 822 904 1264 0 0 1 2
37 807 842 839 900 1284 0 0 1 2
37 824 834 855 891 1304 0 0 1 2
37 841 829 872 887 1324 0 0 1 2
37 855 821 887 879 1344 0 0 1 2
37 868 809 900 867 1364 0 0 1 2
37 880 796 911 854 1384 0 0 1 2
37 891 784 922 842 1404 0 0 1 2
37 906 780 937 838 1424 0 0 1 2
37 920 776 952 834 1444 0 0 1 2
37 937 772 969 829 1464 0 0 1 2
37 952 768 983 825 1484 0 0 1 2
37 967 763 998 821 1504 0 0 1 2
37 980 755 1015 817 1524 0 0 1 2
37 991 743 1031 813 1544 0 0 1 2
37 1004 734 1048 809 1564 0 0 1 2
37 1022 722 1067 796 1584 0 0 1 2
37 1037 714 1082 788 1604 0 0 1 2
37 1052 706 1096 780 1624 0 0 1 2
37 1067 693 1111 768 1644 0 0 1 2
37 1085 697 1130 772 1664 0 0 1 2
37 1106 701 1150 776 1684 0 0 1 2
37 1120 693 1165 768 1704 0 0 1 2
37 1139 693 1183 768 1724 0 0 1 2
37 1157 701 1202 776 1744 0 0 1 2
37 1182 701 1226 776 1764 0 0 1 2
37 1196 701 1241 776 1784 0 0 1 2
37 1220 706 1263 780 1804 0 0 1 2
37 1230 710 1274 784 1824 0 0 1 2
37 1245 714 1289 784 1844 0 0 1 2
37 1246 710 1291 784 1864 0 0 1 2
39 939 1065 969 1156 1517 0 0 1 2
39 922 1061 954 1152 1537 0 0 1 2
39 906 1061 937 1152 1557 0 0 1 2
39 889 1061 920 1152 1577 0 0 1 2
39 872 1061 906 1152 1597 0 0 1 2
39 620 1098 654 1185 1818 0 0 1 2
39 605 1094 639 1180 1838 0 0 1 2
39 589 1090 622 1176 1858 0 0 1 2
39 574 1085 607 1172 1878 0 0 1 2
39 557 1081 591 1168 1898 0 0 1 2
39 539 1081 572 1168 1918 0 0 1 2
39 518 1077 552 1164 1938 0 0 1 2
39 500 1077 533 1164 1958 0 0 1 2
39 476 1065 509 1152 1978 0 0 1 2
39 453 1061 487 1147 1998 0 0 1 2
40 887 1052 935 1147 1508 0 0 1 2
40 878 1052 926 1147 1528 0 0 1 2
40 865 1048 913 1143 1548 0 0 1 2
40 850 1044 898 1139 1568 0 0 1 2
40 835 1040 883 1135 1588 0 0 1 2
40 818 1040 867 1135 1608 0 0 1 2
40 780 1036 828 1131 1628 0 0 1 2
40 739 1036 787 1131 1648 0 0 1 2
40 728 1032 776 1127 1668 0 0 1 2
40 720 1032 768 1127 1688 0 0 1 2
40 715 1032 763 1127 1708 0 0 1 2
40 707 1032 755 1127 1728 0 0 1 2
40 700 1032 748 1127 1748 0 0 1 2
40 694 1032 742 1127 1768 0 0 1 2
40 679 1028 728 1123 1788 0 0 1 2
40 654 1024 702 1119 1808 0 0 1 2
40 633 1024 681 1119 1828 0 0 1 2
40 622 1024 670 1119 1848 0 0 1 2
40 611 1024 659 1119 1868 0 0 1 2
40 600 1024 644 1114 1888 0 0 1 2
40 585 1024 622 1114 1908 0 0 1 2
40 568 1028 602 1114 1928 0 0 1 2
40 548 1028 581 1114 1948 0 0 1 2
40 533 1032 566 1119 1968 0 0 1 2
40 511 1036 544 1127 1988 0 0 1 2
40 494 1040 528 1131 2008 0 0 1 2
40 479 1040 513 1131 2028 0 0 1 2
41 498 1102 524 1152 1323 0 0 1 2
41 516 1102 542 1152 1343 0 0 1 2
41 537 1098 563 1147 1363 0 0 1 2
41 561 1098 587 1147 1383 0 0 1 2
41 583 1094 609 1143 1403 0 0 1 2
41 602 1094 628 1143 1423 0 0 1 2
41 872 1081 920 1172 1717 0 0 1 2
41 894 1081 943 1172 1737 0 0 1 2
41 935 1081 983 1172 1757 0 0 1 2
42 672 1044 717 1119 1517 0 0 1 2
42 661 1048 705 1123 1537 0 0 1 2
42 650 1052 694 1127 1557 0 0 1 2
42 639 1057 683 1131 1577 0 0 1 2
42 628 1061 672 1135 1597 0 0 1 2
42 615 1061 659 1135 1617 0 0 1 2
42 594 1061 639 1135 1637 0 0 1 2
42 572 1061 616 1135 1657 0 0 1 2
42 552 1057 596 1131 1677 0 0 1 2
42 531 1057 576 1131 1697 0 0 1 2
42 511 1057 555 1131 1717 0 0 1 2
42 490 1057 535 1131 1737 0 0 1 2
42 466 1057 511 1131 1757 0 0 1 2
42 442 1061 487 1135 1777 0 0 1 2
42 418 1061 463 1135 1797 0 0 1 2
42 366 1052 411 1127 1917 0 0 1 2
42 329 1048 374 1123 1937 0 0 1 2
42 292 1048 337 1123 1957 0 0 1 2
42 255 1044 300 1119 1977 0 0 1 2
42 216 1040 261 1114 1997 0 0 1 2
42 179 1036 224 1110 2017 0 0 1 2
48 1026 660 1067 739 1958 0 0 1 2
48 1037 660 1078 739 1978 0 0 1 2
48 1048 660 1089 739 1998 0 0 1 2
48 1061 664 1102 747 2018 0 0 1 2
48 1076 668 1117 751 2038 0 0 1 2
48 1094 673 1135 755 2058 0 0 1 2
48 1115 673 1156 755 2078 0 0 1 2
48 1132 673 1172 755 2098 0 0 1 2
48 1146 677 1187 759 2118 0 0 1 2
48 1169 685 1209 768 2138 0 0 0 2
48 1185 685 1226 768 2158 0 0 1 2
48 1206 685 1246 768 2178 0 0 1 2
48 1220 697 1261 780 2198 0 0 1 2
53 7 949 29 1007 1399 0 0 1 2
53 22 953 50 1007 1419 0 0 1 2
53 40 957 70 1011 1439 0 0 1 2
53 61 966 90 1019 1459 0 0 1 2
53 81 974 111 1028 1479 0 0 1 2
53 100 978 129 1032 1499 0 0 1 2
53 118 978 150 1032 1519 0 0 1 2
53 138 974 168 1032 1539 0 0 1 2
53 157 970 188 1032 1559 0 0 1 2
53 177 966 209 1032 1579 0 0 1 2
53 196 962 229 1032 1599 0 0 1 2
53 216 957 248 1032 1619 0 0 1 2
53 235 957 268 1032 1639 0 0 1 2
53 244 974 277 1048 1659 0 0 1 2
53 251 995 285 1069 1679 0 0 1 2
53 272 1007 305 1098 1699 0 0 1 2
53 296 1011 329 1114 1719 0 0 1 2
53 314 1011 348 1114 1739 0 0 1 2
53 335 1011 368 1114 1759 0 0 1 2
53 353 1011 387 1114 1779 0 0 1 2
53 376 1007 409 1110 1799 0 0 1 2
53 396 1003 429 1106 1819 0 0 1 2
53 416 999 450 1102 1839 0 0 1 2
53 435 995 468 1098 1859 0 0 1 2
53 452 991 485 1094 1879 0 0 1 2
53 470 986 503 1090 1899 0 0 1 2
53 489 986 522 1090 1919 0 0 1 2
53 509 986 542 1090 1939 0 0 1 2
53 529 986 563 1090 1959 0 0 1 2
53 552 991 585 1094 1979 0 0 1 2
53 572 991 605 1094 1999 0 0 1 2
53 587 1036 618 1110 2019 0 0 1 2
53 602 1052 633 1127 2039 0 0 1 2
53 613 1065 644 1139 2059 0 0 1 2
53 628 1065 659 1139 2079 0 0 1 2
53 683 1069 715 1143 2129 0 1 1 2
53 691 1065 722 1139 2149 0 1 1 2
55 135 701 179 759 799 0 0 1 2
55 133 714 177 772 819 0 0 1 2
55 133 730 177 788 839 0 0 1 2
55 137 747 181 805 859 0 0 1 2
55 146 768 190 825 879 0 0 1 2
55 153 792 198 850 899 0 0 1 2
55 161 813 205 871 919 0 0 1 2
55 170 834 214 891 939 0 0 1 2
55 177 858 222 916 959 0 0 1 2
55 185 879 229 937 979 0 0 1 2
55 192 900 237 957 999 0 0 1 2
55 205 920 248 982 1019 0 0 1 2
55 220 945 259 1007 1039 0 0 1 2
55 233 966 272 1032 1059 0 0 1 2
55 246 986 283 1057 1079 0 0 1 2
55 259 1007 294 1081 1099 0 0 1 2
55 270 1032 303 1106 1119 0 0 1 2
55 277 1061 311 1135 1139 0 0 1 2
55 251 1065 294 1147 1605 0 0 1 2
55 239 1069 281 1156 1625 0 0 1 2
55 224 1069 266 1160 1645 0 0 1 2
55 94 1065 135 1156 1855 0 0 1 2
55 100 1077 125 1135 2108 0 0 1 2
55 83 1081 109 1139 2128 0 0 1 2
56 72 1073 120 1139 2189 0 1 1 1
57 466 1098 496 1152 2168 0 0 1 1
57 489 1102 518 1156 2188 0 0 1 1
58 490 1077 535 1143 2006 0 0 1 1
58 470 1073 515 1139 2026 0 0 1 1
58 452 1065 496 1131 2046 0 0 1 1
58 444 1065 489 1131 2066 0 0 1 1
58 418 1073 463 1139 2086 0 1 1 1
64 16 801 68 908 401 0 0 1 2
64 35 768 88 875 421 0 0 1 2
64 42 739 96 846 441 0 0 1 2
64 48 714 101 821 461 0 0 1 2
64 59 677 113 784 481 0 0 1 2
65 3 962 46 1057 150 0 0 1 1
65 62 953 105 1048 170 0 0 1 1
65 124 945 166 1040 190 0 0 1 1
65 183 941 226 1036 210 0 0 1 1
65 229 933 272 1028 230 0 0 1 1
65 268 916 311 1011 250 0 0 1 1
65 298 912 340 1007 270 0 0 1 1
65 326 908 368 1003 290 0 0 1 1
65 329 908 372 1003 310 0 0 1 1
65 335 908 377 1003 330 0 0 1 1
65 339 908 381 1003 350 0 0 1 1
65 348 904 390 999 370 0 0 1 1
65 359 896 402 991 390 0 0 1 1
65 370 887 413 982 410 0 0 1 1
65 381 879 424 974 430 0 0 1 1
65 390 875 433 970 450 0 0 1 1
65 402 867 444 962 470 0 0 1 1
65 411 858 453 953 490 0 0 1 1
65 427 854 470 945 510 0 0 1 1
65 450 854 494 937 530 0 0 1 1
65 474 854 516 929 550 0 0 1 1
65 496 854 541 920 570 0 0 1 1
65 520 854 565 912 590 0 0 1 1
65 555 850 600 908 610 0 0 1 1
65 594 846 639 904 630 0 0 1 1
65 633 842 678 900 650 0 0 1 1
65 672 838 717 896 670 0 0 0 1
65 724 821 768 879 690 0 0 1 1
65 778 805 822 862 710 0 0 1 1
65 830 788 874 846 730 0 0 1 1
65 883 776 928 834 750 0 0 1 1
65 937 759 981 817 770 0 0 1 1
65 991 747 1035 805 790 0 0 1 1
65 1061 755 1106 813 810 0 0 1 1
65 1107 722 1152 780 830 0 0 1 1
65 1165 706 1209 763 850 0 0 1 1
66 713 656 763 763 401 0 0 0 2
66 696 660 746 768 421 0 0 1 2
66 679 668 729 772 441 0 0 1 2
66 665 677 713 780 461 0 0 0 2
66 644 668 692 772 481 0 0 1 2
66 624 668 672 768 501 0 0 1 2
66 616 685 644 763 521 0 0 1 2
66 594 681 622 759 541 0 0 1 2
66 574 677 602 755 561 0 0 1 2
66 552 673 579 751 581 0 0 1 2
66 529 668 557 747 601 0 0 1 2
66 509 664 537 743 621 0 0 1 2
66 487 660 515 739 641 0 0 1 2
66 466 656 494 734 661 0 0 1 2
66 444 652 472 730 681 0 0 1 2
66 433 648 461 726 701 0 0 1 2
66 420 652 448 730 721 0 0 1 2
66 405 660 431 739 741 0 0 1 2
66 392 656 418 734 761 0 0 1 2
67 33 966 72 1069 203 0 0 1 1
67 96 945 135 1048 223 0 0 1 1
67 168 937 207 1040 243 0 0 1 1
67 231 933 270 1036 263 0 0 1 1
67 287 933 326 1036 283 0 0 1 1
67 322 937 361 1040 303 0 0 1 1
67 344 941 383 1044 323 0 0 1 1
67 366 941 405 1044 343 0 0 1 1
67 370 941 409 1044 363 0 0 1 1
67 376 937 415 1044 383 0 0 1 1
67 379 937 418 1040 403 0 0 1 1
67 385 933 424 1040 423 0 0 1 1
67 389 933 427 1040 443 0 0 1 1
67 400 924 439 1032 463 0 0 1 1
67 413 916 452 1024 483 0 0 1 1
67 435 924 478 1003 503 0 0 1 1
67 452 929 496 986 523 0 0 1 1
67 465 920 509 978 543 0 0 1 1
67 476 908 520 966 563 0 0 1 1
67 489 900 533 957 583 0 0 1 1
67 505 891 550 949 603 0 0 1 1
67 522 883 566 941 623 0 0 1 1
67 539 875 583 933 643 0 0 1 1
67 555 867 600 924 663 0 0 1 1
67 574 858 618 916 683 0 0 1 1
67 592 854 637 912 703 0 0 1 1
67 613 850 657 908 723 0 0 1 1
67 631 842 676 900 743 0 0 1 1
67 652 842 696 900 763 0 0 1 1
67 676 842 720 900 783 0 0 1 1
67 698 842 742 900 803 0 0 1 1
67 722 842 767 900 823 0 0 1 1
67 744 842 789 900 843 0 0 1 1
67 763 834 807 891 863 0 0 1 1
67 780 825 824 883 883 0 0 1 1
67 796 813 841 871 903 0 0 1 1
67 815 805 859 862 923 0 0 1 1
67 831 796 876 854 943 0 0 1 1
67 848 788 893 846 963 0 0 1 1
67 867 784 911 842 983 0 0 1 1
67 885 776 930 834 1003 0 0 1 1
67 900 768 944 825 1023 0 0 1 1
68 974 743 1019 829 511 0 0 1 1
68 1011 718 1056 805 531 0 0 1 1
68 1050 697 1094 784 551 0 0 1 1
68 1093 693 1137 780 571 0 0 1 1
68 1137 685 1182 772 591 0 0 1 1
68 1180 677 1224 763 611 0 0 1 1
68 1224 673 1269 759 631 0 0 0 1
68 1248 668 1287 755 651 0 0 1 1
68 1272 668 1306 755 671 0 0 1 1
68 1298 668 1326 755 691 0 0 1 1
69 88 801 133 854 519 0 0 1 6
69 105 809 150 862 539 0 0 1 6
69 124 813 168 867 559 0 0 1 6
69 140 821 185 875 579 0 0 1 6
69 159 829 203 883 599 0 0 1 6
69 176 834 220 887 619 0 0 1 6
69 194 838 239 891 639 0 0 1 6
69 214 838 259 891 659 0 0 1 6
69 233 842 277 896 679 0 0 1 6
69 253 842 298 896 699 0 0 1 6
69 276 842 320 896 719 0 0 1 6
69 298 838 342 891 739 0 0 1 6
69 320 838 364 891 759 0 0 1 6
69 340 838 385 891 779 0 0 1 6
69 361 838 405 891 799 0 0 1 6
69 381 834 426 887 819 0 0 1 6
69 402 829 446 883 839 0 0 1 6
69 422 829 466 883 859 0 0 1 6
69 439 796 481 896 879 0 0 1 6
69 457 817 500 912 899 0 0 1 6
69 476 825 518 916 919 0 0 1 6
69 498 817 541 900 939 0 0 1 6
69 518 813 561 887 959 0 0 1 6
69 537 829 579 896 979 0 0 1 6
69 553 829 596 891 999 0 0 1 6
69 572 817 615 908 1019 0 0 1 6
70 179 924 224 982 7 0 0 1 1
70 140 924 185 982 27 0 0 1 1
70 101 929 146 982 47 0 0 1 1
70 61 929 105 982 67 0 0 1 1
70 24 933 66 986 87 0 0 1 1
70 0 937 42 991 107 0 0 1 1
70 29 891 72 949 564 0 0 1 1
70 81 900 124 957 584 0 0 1 1
70 135 904 177 962 604 0 0 1 1
70 188 912 231 970 624 0 0 1 1
70 239 929 281 986 644 0 0 1 1
70 285 957 327 1015 664 0 0 1 1
70 329 986 374 1044 684 0 0 1 1
70 381 1003 426 1061 704 0 0 1 1
70 435 1011 479 1069 724 0 0 1 1
70 490 1019 535 1077 744 0 0 1 1
70 539 1024 583 1081 764 0 0 1 1
70 581 1028 626 1085 784 0 0 1 1
70 626 1032 670 1090 804 0 0 1 1
70 650 1032 694 1090 824 0 0 1 1
70 670 1032 715 1090 844 0 0 1 1
70 691 1028 735 1085 864 0 0 1 1
70 711 1028 755 1085 884 0 0 1 1
70 731 1024 776 1081 904 0 0 1 1
70 752 1024 796 1081 924 0 0 1 1
70 772 1019 817 1077 944 0 0 1 1
70 794 1019 839 1077 964 0 0 0 1
70 809 1036 854 1094 984 0 0 1 1
70 826 1052 870 1110 1004 0 0 1 1
70 831 1057 881 1114 1024 0 0 1 1
71 572 1077 618 1152 752 0 0 1 1
71 539 1073 583 1147 772 0 0 1 1
71 503 1069 550 1143 792 0 0 1 1
71 470 1065 516 1139 812 0 0 1 1
71 437 1061 481 1135 832 0 0 1 1
71 416 1061 461 1135 852 0 0 1 1
71 398 1065 442 1139 872 0 0 1 1
71 348 1065 392 1139 892 0 0 1 1
71 292 1061 337 1135 912 0 0 1 1
71 237 1061 281 1135 932 0 0 1 1
72 5 780 57 846 832 0 0 1 2
72 16 755 68 821 852 0 0 1 2
72 27 730 79 796 872 0 0 1 2
72 37 710 88 776 892 0 0 1 2
72 48 685 100 751 912 0 0 1 2
72 59 660 111 726 932 0 0 1 2
73 3 627 50 718 110 0 0 1 2
73 14 615 61 706 130 0 0 1 2
73 33 611 79 697 150 0 0 1 2
73 14 619 46 673 945 0 0 1 2
73 5 635 35 689 965 0 0 1 2
75 218 1073 259 1131 598 0 0 1 1
75 176 1077 213 1131 640 0 0 1 1
77 931 1069 976 1119 787 0 0 1 1
77 913 1069 957 1123 807 0 0 1 1
77 891 1073 935 1127 827 0 0 1 1
77 872 1073 917 1127 847 0 0 1 1
77 859 1073 904 1127 867 0 0 1 1
77 837 1069 881 1123 887 0 0 1 1
77 807 1069 852 1123 907 0 0 1 1
77 776 1069 820 1123 927 0 0 1 1
77 746 1069 791 1123 947 0 0 1 1
77 715 1065 759 1123 967 0 0 1 1
77 685 1065 729 1123 987 0 0 1 1
77 654 1065 698 1123 1007 0 0 1 1
77 624 1065 668 1123 1027 0 0 1 1
79 1020 1073 1052 1123 503 0 0 1 2
79 1006 1073 1037 1123 523 0 0 1 2
79 991 1073 1022 1123 543 0 0 1 2
79 976 1073 1007 1123 563 0 0 1 2
79 961 1073 993 1123 583 0 0 1 2
79 948 1073 980 1123 603 0 0 1 2
79 933 1073 965 1123 623 0 0 1 2
79 918 1073 950 1123 643 0 0 1 2
79 900 1073 931 1123 663 0 0 1 2
79 885 1073 917 1123 683 0 0 1 2
79 870 1073 902 1123 703 0 0 1 2
79 689 1073 720 1123 932 0 0 1 2
79 670 1069 702 1119 952 0 0 1 2
79 654 1061 685 1110 972 0 0 1 2
79 637 1061 668 1110 992 0 0 1 2
79 622 1069 654 1119 1012 0 0 1 2
80 1096 1110 1150 1180 0 0 0 0 1
80 1146 1102 1200 1172 20 0 1 0 1
80 1217 1085 1271 1156 40 0 1 1 1
80 1306 1052 1328 1114 971 0 0 0 1
80 1295 1057 1317 1119 991 0 0 1 1
80 1283 1061 1306 1123 1011 0 0 1 1
80 1265 1061 1302 1119 1031 0 0 0 1
