4 1269 1580 1307 1704 2014 0 0 1 4
4 1256 1494 1307 1679 2034 0 0 1 4
4 1256 1448 1305 1630 2054 0 0 1 4
4 1234 1399 1303 1572 2074 0 0 0 4
4 1201 1353 1285 1510 2094 0 0 1 4
4 1145 1337 1250 1485 2114 0 0 1 4
4 1085 1328 1199 1473 2134 0 0 0 4
4 1016 1328 1130 1473 2154 0 0 1 4
4 943 1328 1057 1473 2174 0 0 1 4
4 866 1320 981 1465 2194 0 0 1 4
4 782 1320 897 1465 2214 0 0 1 4
4 699 1320 813 1465 2234 0 0 1 4
4 611 1320 726 1465 2254 0 0 1 4
4 524 1328 639 1473 2274 0 0 1 4
4 438 1333 553 1477 2294 0 0 1 4
4 358 1328 473 1473 2314 0 0 1 4
4 282 1320 396 1465 2334 0 0 1 4
4 202 1316 316 1460 2354 0 0 1 4
4 121 1312 236 1456 2374 0 0 1 4
4 50 1308 165 1452 2394 0 0 1 4
4 1 1308 103 1452 2414 0 0 1 4
5 47 1002 109 1093 2020 0 0 0 1
5 123 994 185 1085 2040 0 0 1 1
5 198 994 260 1085 2060 0 0 1 1
5 267 994 329 1085 2080 0 0 1 1
5 336 994 398 1085 2100 0 0 0 1
5 402 990 464 1081 2120 0 0 1 1
5 467 986 529 1077 2140 0 0 1 1
5 535 986 597 1077 2160 0 0 0 1
5 604 986 666 1077 2180 0 0 1 1
5 673 986 735 1077 2200 0 0 0 1
5 739 990 801 1081 2220 0 0 1 1
5 804 998 866 1089 2240 0 0 1 1
5 870 1002 932 1093 2260 0 0 1 1
5 934 1011 995 1101 2280 0 0 1 1
5 997 1019 1059 1110 2300 0 0 1 1
5 1054 1007 1116 1097 2320 0 0 1 1
5 1103 973 1165 1064 2340 0 0 0 1
5 1116 916 1178 1007 2360 0 0 1 1
5 1132 850 1176 936 2380 0 0 0 1
8 9 912 41 978 1810 0 0 1 2
8 30 912 63 978 1830 0 0 1 2
8 52 912 85 978 1850 0 0 1 2
8 74 907 107 973 1870 0 0 1 2
8 98 907 131 973 1890 0 0 1 2
8 120 907 152 973 1910 0 0 1 2
8 142 907 174 973 1930 0 0 1 2
8 163 903 196 969 1950 0 0 1 2
8 185 903 218 969 1970 0 0 1 2
8 207 903 240 969 1990 0 0 1 2
8 229 903 262 969 2010 0 0 1 2
8 247 903 284 978 2030 0 0 1 2
8 267 907 305 986 2050 0 0 1 2
8 287 907 327 990 2070 0 0 1 2
8 311 907 351 990 2090 0 0 1 2
8 335 907 375 990 2110 0 0 1 2
8 358 907 398 990 2130 0 0 1 2
8 382 907 422 990 2150 0 0 1 2
8 406 907 446 990 2170 0 0 1 2
8 431 907 471 990 2190 0 0 1 2
8 455 912 495 994 2210 0 0 1 2
8 480 912 520 994 2230 0 0 1 2
8 504 912 544 994 2250 0 0 1 2
8 526 916 566 998 2270 0 0 1 2
8 548 916 588 998 2290 0 0 1 2
8 569 916 609 998 2310 0 0 1 2
8 591 916 631 998 2330 0 0 1 2
8 615 916 655 998 2350 0 0 1 2
8 640 920 680 1002 2370 0 0 1 2
8 664 924 704 1007 2390 0 0 1 2
8 690 928 730 1011 2410 0 0 1 2
8 713 928 753 1011 2430 0 0 1 2
8 735 928 775 1011 2450 0 0 1 2
8 757 928 797 1011 2470 0 0 1 2
8 781 924 821 1007 2490 0 0 1 2
8 799 903 839 986 2510 0 0 1 2
8 823 895 861 973 2530 0 0 1 2
8 848 895 886 973 2550 0 0 1 2
8 877 907 915 986 2570 0 0 0 2
8 901 907 939 986 2590 0 0 0 2
8 928 924 966 1002 2610 0 0 0 2
8 963 912 1001 990 2630 0 0 0 2
8 977 912 1016 990 2650 0 0 1 2
8 994 912 1032 990 2670 0 0 1 2
8 1014 912 1052 990 2690 0 0 1 2
8 1036 912 1074 990 2710 0 0 0 2
8 1052 912 1090 990 2730 0 0 1 2
8 1070 912 1108 990 2750 0 0 1 2
8 1088 912 1127 990 2770 0 0 1 2
8 1107 912 1145 990 2790 0 0 1 2
8 1125 912 1163 990 2810 0 0 0 2
8 1150 916 1189 994 2830 0 0 1 2
8 1170 920 1209 998 2850 0 0 1 2
8 1181 920 1219 998 2870 0 0 0 2
8 1209 916 1247 994 2890 0 0 0 2
8 1232 916 1270 994 2910 0 0 0 2
8 1254 920 1292 998 2930 0 0 0 2
8 1274 924 1309 1002 2950 0 0 0 2
9 16 1060 60 1134 1540 0 0 1 2
9 38 1060 81 1134 1560 0 0 0 2
9 61 1060 105 1134 1580 0 0 1 2
9 85 1060 129 1134 1600 0 0 1 2
9 105 1064 149 1139 1620 0 0 1 2
9 121 1068 165 1143 1640 0 0 1 2
9 136 1068 180 1143 1660 0 0 1 2
9 156 1068 200 1143 1680 0 0 1 2
9 180 1060 223 1134 1700 0 0 1 2
9 200 1056 243 1130 1720 0 0 1 2
9 216 1056 260 1130 1740 0 0 1 2
9 233 1056 276 1130 1760 0 0 1 2
9 249 1056 293 1130 1780 0 0 0 2
9 271 1056 315 1130 1800 0 0 1 2
9 293 1060 336 1134 1820 0 0 0 2
9 313 1060 356 1134 1840 0 0 1 2
9 333 1060 376 1134 1860 0 0 1 2
9 353 1064 396 1139 1880 0 0 0 2
9 373 1060 416 1134 1900 0 0 1 2
9 393 1060 437 1134 1920 0 0 1 2
9 415 1060 458 1134 1940 0 0 0 2
9 433 1060 477 1134 1960 0 0 1 2
9 451 1060 495 1134 1980 0 0 1 2
9 471 1064 515 1139 2000 0 0 0 2
9 489 1064 533 1139 2020 0 0 1 2
9 509 1064 553 1143 2040 0 0 1 2
9 528 1068 573 1147 2060 0 0 1 2
9 548 1068 591 1151 2080 0 0 1 2
9 566 1068 611 1155 2100 0 0 1 2
9 586 1073 631 1159 2120 0 0 0 2
9 606 1073 651 1159 2140 0 0 1 2
9 626 1073 671 1159 2160 0 0 1 2
9 646 1073 691 1159 2180 0 0 1 2
9 666 1073 711 1159 2200 0 0 1 2
9 686 1073 731 1159 2220 0 0 1 2
9 706 1068 752 1155 2240 0 0 1 2
9 724 1064 770 1151 2260 0 0 1 2
9 742 1060 788 1147 2280 0 0 1 2
9 761 1056 806 1143 2300 0 0 1 2
9 779 1056 824 1143 2320 0 0 1 2
9 797 1056 843 1143 2340 0 0 1 2
9 815 1060 861 1147 2360 0 0 1 2
9 833 1060 879 1147 2380 0 0 1 2
9 852 1060 897 1147 2400 0 0 1 2
9 875 1056 917 1143 2420 0 0 1 2
9 899 1056 937 1139 2440 0 0 1 2
9 923 1052 957 1134 2460 0 0 1 2
9 945 1052 977 1134 2480 0 0 1 2
9 965 1052 997 1134 2500 0 0 0 2
9 979 1064 1019 1143 2520 0 0 1 2
9 995 1077 1041 1151 2540 0 0 0 2
9 1012 1073 1057 1147 2560 0 0 1 2
9 1028 1068 1074 1143 2580 0 0 1 2
9 1046 1064 1092 1139 2600 0 0 0 2
9 1057 1060 1103 1134 2620 0 0 0 2
9 1077 1060 1123 1134 2640 0 0 1 2
9 1097 1060 1143 1134 2660 0 0 1 2
9 1116 1060 1161 1134 2680 0 0 1 2
9 1134 1064 1179 1139 2700 0 0 1 2
9 1154 1068 1199 1143 2720 0 0 1 2
9 1176 1068 1221 1143 2740 0 0 1 2
9 1199 1073 1245 1147 2760 0 0 0 2
9 1216 1068 1261 1143 2780 0 0 1 2
9 1232 1064 1278 1139 2800 0 0 1 2
9 1249 1064 1294 1139 2820 0 0 1 2
9 1263 1068 1309 1143 2840 0 0 0 2
9 1283 1068 1309 1143 2860 0 0 1 2
10 637 214 670 305 2700 0 0 1 2
10 646 218 684 309 2720 0 0 1 2
10 657 226 699 313 2740 0 0 0 2
10 668 235 710 321 2760 0 0 1 2
10 679 243 721 330 2780 0 0 1 2
10 690 247 731 334 2800 0 0 1 2
10 699 251 741 338 2820 0 0 1 2
10 710 260 752 346 2840 0 0 1 2
10 722 264 764 350 2860 0 0 1 2
10 735 272 777 359 2880 0 0 1 2
10 737 276 779 363 2900 0 0 0 2
10 759 284 801 371 2920 0 0 1 2
11 3 1399 41 1473 9880 0 0 1 2
11 12 1390 50 1465 9900 0 0 1 2
11 34 1390 74 1465 9920 0 0 1 2
11 58 1390 96 1465 9940 0 0 1 2
11 80 1390 120 1465 9960 0 0 1 2
11 101 1390 142 1465 9980 0 0 1 2
11 125 1390 165 1465 10000 0 0 0 2
11 142 1386 189 1460 10020 0 0 1 2
11 160 1382 213 1460 10040 0 0 1 2
11 178 1378 236 1460 10060 0 0 1 2
11 194 1374 260 1460 10080 0 0 1 2
11 213 1374 285 1460 10100 0 0 1 2
11 231 1370 309 1460 10120 0 0 1 2
11 251 1370 333 1460 10140 0 0 1 2
11 273 1374 355 1465 10160 0 0 1 2
11 294 1378 376 1469 10180 0 0 1 2
11 316 1382 398 1473 10200 0 0 1 2
11 344 1390 427 1481 10220 0 0 1 2
11 369 1394 453 1485 10240 0 0 1 2
11 389 1394 473 1485 10260 0 0 1 2
11 409 1399 493 1489 10280 0 0 1 2
11 429 1399 513 1489 10300 0 0 1 2
11 451 1403 535 1494 10320 0 0 0 2
11 473 1399 557 1489 10340 0 0 1 2
11 497 1394 580 1485 10360 0 0 1 2
11 520 1390 604 1481 10380 0 0 1 2
11 542 1386 626 1477 10400 0 0 1 2
11 566 1382 650 1473 10420 0 0 1 2
11 589 1382 673 1473 10440 0 0 0 2
11 611 1382 695 1473 10460 0 0 1 2
11 635 1382 719 1473 10480 0 0 1 2
11 659 1386 742 1477 10500 0 0 0 2
11 686 1386 762 1473 10520 0 0 1 2
11 713 1386 784 1469 10540 0 0 1 2
11 741 1390 806 1465 10560 0 0 1 2
11 768 1390 828 1460 10580 0 0 1 2
11 797 1394 850 1460 10600 0 0 1 2
11 824 1394 872 1456 10620 0 0 1 2
11 850 1399 894 1456 10640 0 0 1 2
11 872 1399 915 1456 10660 0 0 1 2
11 894 1399 937 1456 10680 0 0 1 2
11 917 1403 961 1460 10700 0 0 1 2
11 939 1403 983 1460 10720 0 0 1 2
11 961 1403 1005 1460 10740 0 0 1 2
11 983 1407 1026 1465 10760 0 0 1 2
11 1006 1407 1050 1465 10780 0 0 1 2
11 1028 1407 1072 1465 10800 0 0 1 2
11 1050 1411 1094 1469 10820 0 0 1 2
11 1074 1411 1117 1469 10840 0 0 1 2
11 1096 1411 1139 1469 10860 0 0 1 2
11 1117 1415 1161 1473 10880 0 0 1 2
11 1139 1415 1183 1473 10900 0 0 1 2
11 1163 1415 1207 1473 10920 0 0 1 2
11 1185 1419 1229 1477 10940 0 0 1 2
11 1207 1419 1250 1477 10960 0 0 1 2
11 1230 1419 1274 1477 10980 0 0 1 2
11 1252 1419 1296 1477 11000 0 0 1 2
12 1256 1510 1309 1667 2640 0 0 1 4
12 1247 1460 1301 1617 2660 0 0 1 4
12 1230 1407 1285 1564 2680 0 0 1 4
12 1172 1374 1256 1514 2700 0 0 1 4
12 1112 1341 1225 1460 2720 0 0 1 4
12 1063 1341 1178 1460 2740 0 0 1 4
12 1003 1341 1117 1460 2760 0 0 1 4
12 932 1349 1046 1469 2780 0 0 1 4
12 839 1341 954 1460 2800 0 0 1 4
12 762 1328 877 1448 2820 0 0 1 4
12 684 1324 799 1444 2840 0 0 1 4
12 617 1320 731 1440 2860 0 0 1 4
12 555 1324 670 1444 2880 0 0 1 4
12 497 1345 611 1465 2900 0 0 1 4
12 453 1378 568 1498 2920 0 0 1 4
12 422 1427 537 1547 2940 0 0 1 4
12 391 1477 506 1597 2960 0 0 1 4
12 380 1535 495 1654 2980 0 0 1 4
12 365 1584 478 1716 3000 0 0 0 4
12 356 1609 451 1766 3020 0 0 1 4
12 331 1650 424 1815 3040 0 0 1 4
12 291 1696 393 1861 3060 0 0 1 4
12 253 1737 340 1906 3080 0 0 1 4
12 196 1741 300 1906 3100 0 0 1 4
12 120 1758 238 1923 3120 0 0 1 4
12 34 1774 165 1939 3140 0 0 1 4
12 0 1766 87 1935 3160 0 0 1 4
13 1249 969 1280 1019 2205 0 0 1 2
13 1227 969 1258 1019 2225 0 0 1 2
13 1207 969 1238 1019 2245 0 0 1 2
13 1187 969 1218 1019 2265 0 0 1 2
13 1167 969 1198 1019 2285 0 0 1 2
13 1145 969 1176 1019 2305 0 0 1 2
13 1125 969 1156 1019 2325 0 0 1 2
13 1105 969 1136 1019 2345 0 0 1 2
13 1085 969 1116 1019 2365 0 0 1 2
13 1063 969 1094 1019 2385 0 0 1 2
13 1043 969 1074 1019 2405 0 0 1 2
13 1023 969 1054 1019 2425 0 0 1 2
13 1003 969 1034 1019 2445 0 0 1 2
13 981 969 1012 1019 2465 0 0 1 2
13 961 969 992 1019 2485 0 0 1 2
13 939 965 972 1015 2505 0 0 1 2
13 915 965 950 1015 2525 0 0 1 2
13 892 965 928 1015 2545 0 0 1 2
13 877 965 914 1015 2565 0 0 1 2
13 852 973 886 1027 2585 0 0 1 2
13 828 982 861 1035 2605 0 0 1 2
13 813 982 844 1048 2625 0 0 1 2
13 797 982 828 1048 2645 0 0 1 2
13 779 982 810 1048 2665 0 0 1 2
13 757 982 788 1048 2685 0 0 1 2
13 735 982 766 1048 2705 0 0 1 2
13 713 986 744 1052 2725 0 0 1 2
13 690 986 721 1052 2745 0 0 1 2
13 666 986 697 1052 2765 0 0 1 2
13 644 990 675 1052 2785 0 0 1 2
13 626 990 659 1052 2805 0 0 1 2
13 609 990 642 1052 2825 0 0 1 2
13 589 990 624 1052 2845 0 0 1 2
13 568 990 602 1052 2865 0 0 1 2
13 544 990 579 1052 2885 0 0 1 2
13 522 986 557 1048 2905 0 0 1 2
13 504 986 538 1048 2925 0 0 1 2
13 484 986 518 1048 2945 0 0 1 2
13 466 986 502 1044 2965 0 0 1 2
13 446 986 486 1044 2985 0 0 1 2
13 427 986 467 1044 3005 0 0 1 2
13 406 990 446 1048 3025 0 0 1 2
13 384 994 422 1052 3045 0 0 1 2
13 362 994 400 1052 3065 0 0 1 2
13 342 994 380 1052 3085 0 0 1 2
13 324 994 362 1052 3105 0 0 1 2
13 305 994 344 1052 3125 0 0 1 2
13 287 994 325 1052 3145 0 0 1 2
13 269 994 307 1052 3165 0 0 1 2
13 249 994 287 1052 3185 0 0 1 2
13 229 994 267 1052 3205 0 0 1 2
13 207 994 245 1052 3225 0 0 1 2
13 187 994 225 1052 3245 0 0 1 2
13 167 994 205 1052 3265 0 0 1 2
13 147 994 185 1052 3285 0 0 1 2
13 127 994 165 1052 3305 0 0 1 2
13 107 998 145 1056 3325 0 0 1 2
13 87 998 125 1056 3345 0 0 1 2
13 67 1002 105 1060 3365 0 0 1 2
13 47 1002 85 1060 3385 0 0 1 2
13 25 1002 63 1060 3405 0 0 1 2
14 930 940 970 1002 2506 0 0 1 2
14 910 936 950 998 2526 0 0 1 2
14 890 936 930 998 2546 0 0 1 2
14 872 936 912 998 2566 0 0 1 2
14 848 940 888 1002 2586 0 0 1 2
14 826 945 866 1007 2606 0 0 1 2
14 808 949 848 1011 2626 0 0 1 2
14 790 957 830 1019 2646 0 0 1 2
14 770 961 810 1023 2666 0 0 1 2
14 750 961 790 1023 2686 0 0 1 2
14 728 961 768 1023 2706 0 0 1 2
14 708 961 748 1023 2726 0 0 1 2
14 684 961 724 1023 2746 0 0 1 2
14 660 961 701 1023 2766 0 0 1 2
14 639 965 679 1027 2786 0 0 1 2
14 620 965 660 1027 2806 0 0 1 2
14 602 965 642 1027 2826 0 0 1 2
14 584 965 624 1027 2846 0 0 1 2
14 562 961 602 1023 2866 0 0 1 2
14 540 957 580 1019 2886 0 0 1 2
14 518 957 558 1019 2906 0 0 1 2
14 498 957 538 1019 2926 0 0 1 2
14 480 957 520 1019 2946 0 0 1 2
14 462 953 502 1015 2966 0 0 1 2
14 444 945 484 1007 2986 0 0 1 2
14 424 945 464 1007 3006 0 0 1 2
14 404 953 440 1011 3026 0 0 1 2
14 382 961 416 1015 3046 0 0 1 2
14 362 965 393 1015 3066 0 0 1 2
14 345 969 376 1019 3086 0 0 1 2
14 329 969 360 1019 3106 0 0 1 2
14 311 969 342 1019 3126 0 0 1 2
14 294 969 325 1019 3146 0 0 1 2
14 278 969 309 1019 3166 0 0 1 2
14 258 969 289 1019 3186 0 0 1 2
14 236 969 267 1019 3206 0 0 1 2
14 216 969 247 1019 3226 0 0 1 2
14 194 969 225 1019 3246 0 0 1 2
14 174 969 205 1019 3266 0 0 1 2
14 154 969 185 1019 3286 0 0 1 2
14 136 969 167 1019 3306 0 0 1 2
14 118 969 149 1019 3326 0 0 1 2
14 100 969 131 1019 3346 0 0 1 2
14 81 969 112 1019 3366 0 0 1 2
14 63 969 94 1019 3386 0 0 1 2
14 47 969 78 1019 3406 0 0 1 2
15 1210 945 1263 1027 8284 0 0 1 1
15 1116 945 1168 1027 8304 0 0 1 1
15 1021 940 1074 1023 8324 0 0 1 1
15 928 940 981 1023 8344 0 0 1 1
15 835 940 888 1023 8364 0 0 1 1
15 744 945 797 1027 8384 0 0 1 1
15 659 945 711 1027 8404 0 0 1 1
15 573 945 626 1027 8424 0 0 1 1
15 487 945 540 1027 8444 0 0 1 1
15 402 945 455 1027 8464 0 0 1 1
15 316 940 369 1023 8484 0 0 1 1
15 233 936 285 1023 8504 0 0 1 1
15 152 936 211 1027 8524 0 0 1 1
15 71 936 134 1031 8544 0 0 1 1
18 3 1366 72 1452 3547 0 0 1 4
18 30 1366 123 1448 3567 0 0 1 4
18 81 1366 178 1452 3587 0 0 1 4
18 134 1366 233 1452 3607 0 0 1 4
18 196 1366 289 1452 3627 0 0 1 4
18 262 1366 347 1448 3647 0 0 1 4
18 315 1366 415 1456 3667 0 0 1 4
18 365 1370 486 1469 3687 0 0 1 4
18 415 1370 557 1481 3707 0 0 1 4
18 497 1374 633 1481 3727 0 0 1 4
18 586 1378 711 1477 3747 0 0 1 4
18 675 1382 792 1473 3767 0 0 1 4
18 766 1382 870 1473 3787 0 0 1 4
18 855 1386 948 1469 3807 0 0 1 4
18 932 1403 1016 1481 3827 0 0 1 4
18 979 1444 1052 1531 3847 0 0 1 4
18 1021 1485 1087 1580 3867 0 0 1 4
18 1026 1527 1105 1642 3887 0 0 1 4
18 1034 1568 1123 1704 3907 0 0 1 4
18 1052 1609 1148 1758 3927 0 0 1 4
18 1096 1663 1189 1799 3947 0 0 1 4
18 1136 1712 1201 1807 3967 0 0 1 4
18 1176 1716 1285 1811 3987 0 0 1 4
18 1223 1725 1300 1815 4007 0 0 1 4
18 1267 1733 1307 1824 4027 0 0 1 4
19 890 524 915 581 3601 0 0 1 2
19 890 532 915 590 3621 0 0 1 2
19 890 544 915 602 3641 0 0 1 2
19 890 553 915 610 3661 0 0 1 2
19 897 553 923 610 3681 0 0 1 2
19 906 544 932 602 3701 0 0 1 2
19 919 544 945 602 3721 0 0 1 2
19 930 544 955 602 3741 0 0 1 2
19 945 544 970 602 3761 0 0 1 2
19 959 544 985 602 3781 0 0 1 2
20 864 553 894 610 3617 0 0 1 2
20 874 561 903 619 3637 0 0 1 2
20 881 569 910 627 3657 0 0 1 2
21 1112 850 1139 920 10865 0 0 1 2
21 1114 866 1141 936 10885 0 0 1 2
21 1108 879 1136 949 10905 0 0 1 2
21 1099 891 1125 965 10925 0 0 1 2
21 1081 907 1107 982 10945 0 0 1 2
21 1059 920 1085 994 10965 0 0 1 2
21 1041 932 1070 1007 10985 0 0 1 2
21 1023 940 1056 1015 11005 0 0 1 2
21 1005 953 1037 1027 11025 0 0 1 2
21 986 965 1017 1035 11045 0 0 1 2
21 966 982 999 1048 11065 0 0 1 2
21 948 994 981 1056 11085 0 0 1 2
21 930 1007 963 1068 11105 0 0 1 2
21 912 1019 943 1077 11125 0 0 1 2
21 894 1031 924 1089 11145 0 0 1 2
21 875 1044 906 1097 11165 0 0 1 2
21 855 1056 886 1110 11185 0 0 1 2
21 833 1060 864 1114 11205 0 0 1 2
21 813 1064 844 1118 11225 0 0 1 2
21 792 1068 823 1122 11245 0 0 1 2
21 770 1073 801 1126 11265 0 0 1 2
21 748 1077 779 1130 11285 0 0 1 2
21 724 1073 755 1126 11305 0 0 1 2
21 702 1073 733 1126 11325 0 0 1 2
21 679 1068 710 1122 11345 0 0 1 2
21 655 1064 686 1118 11365 0 0 1 2
21 631 1060 662 1114 11385 0 0 1 2
21 611 1060 642 1114 11405 0 0 1 2
21 591 1060 622 1114 11425 0 0 1 2
21 571 1060 602 1114 11445 0 0 1 2
21 551 1060 582 1114 11465 0 0 1 2
22 16 1068 54 1143 3434 0 0 1 2
22 41 1073 80 1147 3454 0 0 1 2
22 67 1081 105 1155 3474 0 0 1 2
22 92 1085 131 1159 3494 0 0 1 2
22 118 1085 156 1155 3514 0 0 1 2
22 145 1085 183 1155 3534 0 0 1 2
22 171 1085 209 1155 3554 0 0 1 2
22 198 1085 236 1155 3574 0 0 1 2
22 225 1085 264 1155 3594 0 0 1 2
22 251 1085 291 1155 3614 0 0 1 2
22 278 1085 316 1155 3634 0 0 1 2
22 305 1085 344 1155 3654 0 0 1 2
22 333 1085 371 1155 3674 0 0 1 2
22 358 1085 398 1155 3694 0 0 1 2
22 386 1085 424 1155 3714 0 0 1 2
22 413 1085 451 1155 3734 0 0 1 2
22 438 1085 478 1151 3754 0 0 1 2
22 466 1085 506 1151 3774 0 0 1 2
22 493 1085 531 1151 3794 0 0 1 2
22 520 1085 558 1151 3814 0 0 1 2
22 546 1085 586 1151 3834 0 0 1 2
22 573 1085 613 1151 3854 0 0 1 2
22 600 1085 640 1151 3874 0 0 1 2
22 626 1085 666 1151 3894 0 0 1 2
22 653 1085 693 1151 3914 0 0 1 2
22 680 1085 721 1151 3934 0 0 1 2
22 708 1085 748 1151 3954 0 0 1 2
22 733 1085 773 1151 3974 0 0 1 2
22 761 1085 801 1151 3994 0 0 1 2
22 784 1073 830 1151 4014 0 0 1 2
22 804 1060 861 1155 4034 0 0 1 2
22 837 1056 895 1155 4054 0 0 1 2
22 872 1052 930 1151 4074 0 0 1 2
22 895 1052 954 1151 4094 0 0 1 2
22 919 1048 977 1147 4114 0 0 1 2
22 941 1048 999 1147 4134 0 0 1 2
22 959 1048 1017 1147 4154 0 0 1 2
22 975 1048 1034 1147 4174 0 0 1 2
22 1010 1048 1068 1147 4194 0 0 1 2
22 1050 1052 1108 1151 4214 0 0 1 2
22 1072 1052 1130 1151 4234 0 0 1 2
22 1094 1052 1152 1151 4254 0 0 1 2
22 1110 1056 1170 1155 4274 0 0 1 2
22 1125 1060 1187 1159 4294 0 0 1 2
22 1148 1064 1210 1163 4314 0 0 1 2
22 1176 1064 1239 1163 4334 0 0 1 2
22 1210 1064 1267 1163 4354 0 0 1 2
22 1247 1064 1296 1163 4374 0 0 1 2
22 1258 1073 1309 1172 4394 0 0 1 2
22 1256 1060 1307 1159 4414 0 0 1 2
22 1260 1048 1307 1147 4434 0 0 1 2
22 1252 1056 1309 1155 4454 0 0 1 2
22 1249 1064 1309 1163 4474 0 0 1 2
22 1256 1064 1307 1163 4494 0 0 1 2
22 1256 1048 1309 1147 4514 0 0 1 2
24 1278 1432 1294 1489 11013 0 0 1 2
26 983 532 1048 635 4009 0 0 1 2
26 986 532 1052 635 4029 0 0 1 2
26 990 532 1056 635 4049 0 0 1 2
26 994 532 1057 635 4069 0 0 1 2
26 997 532 1061 635 4089 0 0 1 2
26 1001 532 1065 635 4109 0 0 1 2
26 1003 532 1068 635 4129 0 0 1 2
26 1008 532 1072 635 4149 0 0 1 2
26 1016 532 1079 635 4169 0 0 1 2
26 1023 536 1087 635 4189 0 0 1 2
26 1028 536 1092 639 4209 0 0 1 2
26 1036 540 1099 639 4229 0 0 1 2
26 1043 540 1107 639 4249 0 0 1 2
26 1048 540 1112 639 4269 0 0 1 2
26 1065 548 1128 647 4289 0 0 1 2
26 1081 557 1145 656 4309 0 0 1 2
27 1185 945 1229 1019 4029 0 0 1 1
27 1148 920 1192 994 4049 0 0 1 1
27 1132 866 1176 940 4069 0 0 1 1
27 1132 821 1176 895 4089 0 0 1 1
28 1156 891 1194 953 4039 0 0 1 1
28 1134 833 1172 895 4059 0 0 1 1
32 1247 920 1303 1027 8994 0 0 1 2
32 1229 916 1280 1019 9014 0 0 1 2
32 1210 912 1256 1011 9034 0 0 1 2
32 1192 907 1232 1002 9054 0 0 1 2
32 1174 903 1209 990 9074 0 0 1 2
32 1152 903 1185 990 9094 0 0 1 2
32 1127 903 1159 990 9114 0 0 1 2
32 1101 903 1134 990 9134 0 0 1 2
32 1077 903 1110 990 9154 0 0 1 2
32 1048 899 1081 986 9174 0 0 1 2
32 1021 895 1054 982 9194 0 0 1 2
32 994 895 1026 982 9214 0 0 1 2
32 966 903 999 990 9234 0 0 1 2
32 939 912 972 998 9254 0 0 1 2
32 914 916 946 1002 9274 0 0 1 2
32 886 916 919 1002 9294 0 0 1 2
32 859 916 892 1002 9314 0 0 1 2
32 835 912 868 998 9334 0 0 1 2
32 812 907 844 994 9354 0 0 0 2
32 775 907 808 994 9374 0 0 1 2
32 748 903 781 990 9394 0 0 1 2
32 726 903 759 990 9414 0 0 1 2
32 702 899 735 986 9434 0 0 1 2
32 675 899 708 986 9454 0 0 1 2
32 648 899 680 986 9474 0 0 1 2
32 615 912 648 998 9494 0 0 1 2
32 584 903 617 990 9514 0 0 1 2
33 1 1035 56 1081 7722 0 0 1 2
33 18 1031 72 1077 7742 0 0 1 2
33 32 1031 87 1077 7762 0 0 1 2
33 47 1031 101 1077 7782 0 0 1 2
33 65 1031 120 1077 7802 0 0 1 2
33 85 1031 140 1077 7822 0 0 1 2
33 105 1031 160 1077 7842 0 0 1 2
33 123 1031 178 1077 7862 0 0 1 2
33 140 1031 194 1077 7882 0 0 1 2
33 156 1031 211 1077 7902 0 0 1 2
33 172 1031 227 1077 7922 0 0 1 2
33 191 1031 245 1077 7942 0 0 1 2
33 211 1031 265 1077 7962 0 0 1 2
33 233 1031 287 1077 7982 0 0 1 2
33 254 1035 309 1081 8002 0 0 1 2
33 273 1035 327 1081 8022 0 0 1 2
33 291 1035 345 1081 8042 0 0 1 2
33 311 1035 364 1085 8062 0 0 1 2
33 329 1035 382 1085 8082 0 0 1 2
33 347 1035 400 1089 8102 0 0 1 2
33 367 1035 418 1089 8122 0 0 1 2
33 386 1035 437 1093 8142 0 0 1 2
33 406 1035 455 1093 8162 0 0 1 2
33 424 1035 473 1097 8182 0 0 1 2
33 442 1035 491 1097 8202 0 0 1 2
33 462 1035 509 1101 8222 0 0 1 2
33 480 1035 528 1101 8242 0 0 1 2
33 500 1035 546 1101 8262 0 0 1 2
33 518 1035 564 1106 8282 0 0 1 2
33 537 1035 582 1106 8302 0 0 1 2
33 555 1035 600 1110 8322 0 0 1 2
33 571 1035 617 1110 8342 0 0 1 2
33 589 1035 635 1110 8362 0 0 1 2
33 606 1035 651 1110 8382 0 0 1 2
33 624 1035 670 1110 8402 0 0 1 2
33 640 1035 686 1110 8422 0 0 1 2
33 657 1035 702 1110 8442 0 0 1 2
33 675 1035 721 1110 8462 0 0 1 2
33 691 1035 737 1110 8482 0 0 1 2
33 710 1035 753 1106 8502 0 0 1 2
33 730 1035 762 1093 8522 0 0 1 2
33 748 1035 781 1093 8542 0 0 1 2
33 766 1035 799 1093 8562 0 0 1 2
33 781 1035 813 1093 8582 0 0 1 2
33 797 1035 830 1093 8602 0 0 1 2
33 817 1031 850 1089 8622 0 0 1 2
33 835 1031 868 1089 8642 0 0 1 2
33 852 1035 884 1093 8662 0 0 1 2
33 872 1040 904 1097 8682 0 0 1 2
33 895 1040 928 1097 8702 0 0 1 2
33 910 1031 943 1089 8722 0 0 1 2
33 924 1031 957 1089 8742 0 0 1 2
33 941 1035 974 1093 8762 0 0 1 2
33 957 1035 990 1093 8782 0 0 1 2
33 977 1040 1010 1097 8802 0 0 1 2
33 995 1044 1028 1101 8822 0 0 1 2
33 1012 1040 1045 1097 8842 0 0 1 2
33 1032 1040 1065 1097 8862 0 0 1 2
33 1048 1040 1081 1097 8882 0 0 1 2
33 1063 1040 1096 1097 8902 0 0 1 2
33 1083 1040 1116 1097 8922 0 0 1 2
33 1105 1035 1138 1093 8942 0 0 1 2
33 1123 1035 1156 1093 8962 0 0 1 2
33 1141 1035 1174 1093 8982 0 0 1 2
33 1158 1031 1192 1093 9002 0 0 1 2
33 1168 1031 1216 1093 9022 0 0 1 2
33 1187 1031 1238 1093 9042 0 0 1 2
33 1210 1031 1261 1093 9062 0 0 1 2
33 1219 1031 1270 1093 9082 0 0 1 2
33 1236 1035 1287 1097 9102 0 0 1 2
33 1247 1035 1298 1097 9122 0 0 1 2
33 1256 1023 1305 1085 9142 0 0 1 2
34 815 1093 866 1147 9020 0 0 1 2
34 821 1093 872 1147 9040 0 0 1 2
34 830 1089 881 1143 9060 0 0 1 2
34 846 1081 897 1134 9080 0 0 1 2
34 863 1081 914 1134 9100 0 0 1 2
34 879 1081 930 1134 9120 0 0 1 2
34 897 1081 948 1134 9140 0 0 1 2
34 915 1081 966 1134 9160 0 0 1 2
34 930 1081 981 1134 9180 0 0 1 2
34 943 1081 994 1134 9200 0 0 1 2
34 954 1081 1005 1134 9220 0 0 1 2
34 970 1077 1021 1130 9240 0 0 1 2
34 986 1073 1037 1126 9260 0 0 1 2
34 1001 1073 1052 1126 9280 0 0 1 2
34 1012 1073 1063 1126 9300 0 0 1 2
34 1026 1073 1077 1126 9320 0 0 1 2
34 1043 1073 1094 1126 9340 0 0 1 2
34 1059 1073 1110 1126 9360 0 0 1 2
34 1072 1073 1123 1126 9380 0 0 1 2
34 1079 1073 1130 1126 9400 0 0 1 2
34 1088 1077 1139 1130 9420 0 0 1 2
34 1097 1081 1148 1134 9440 0 0 1 2
34 1117 1085 1168 1139 9460 0 0 0 2
34 1152 1077 1203 1130 9480 0 0 1 2
34 1161 1081 1212 1134 9500 0 0 1 2
34 1170 1085 1221 1139 9520 0 0 0 2
37 1241 1555 1305 1708 4245 0 0 1 4
37 1241 1547 1305 1700 4265 0 0 1 4
37 1241 1527 1305 1679 4285 0 0 1 4
37 1249 1485 1307 1638 4305 0 0 1 4
37 1241 1444 1307 1605 4325 0 0 1 4
37 1227 1407 1307 1580 4345 0 0 1 4
37 1210 1382 1294 1560 4365 0 0 1 4
37 1192 1357 1276 1539 4385 0 0 1 4
37 1136 1333 1239 1514 4405 0 0 1 4
37 1063 1308 1194 1489 4425 0 0 1 4
37 1005 1300 1136 1481 4445 0 0 1 4
37 941 1291 1074 1473 4465 0 0 1 4
37 874 1283 1008 1465 4485 0 0 1 4
37 799 1291 932 1465 4505 0 0 1 4
37 721 1320 844 1452 4525 0 0 1 4
37 642 1345 757 1436 4545 0 0 1 4
37 558 1353 671 1436 4565 0 0 1 4
37 473 1353 586 1436 4585 0 0 1 4
37 393 1357 506 1440 4605 0 0 1 4
37 316 1361 429 1444 4625 0 0 1 4
37 238 1366 351 1448 4645 0 0 1 4
37 158 1366 271 1448 4665 0 0 1 4
37 81 1361 194 1444 4685 0 0 1 4
37 16 1357 120 1440 4705 0 0 1 4
37 0 1361 50 1444 4725 0 0 1 4
38 67 986 118 1077 4565 0 0 1 1
38 140 982 191 1073 4585 0 0 1 1
38 211 978 262 1068 4605 0 0 1 1
38 284 978 335 1068 4625 0 0 1 1
38 356 994 407 1085 4645 0 0 1 1
38 429 1002 480 1093 4665 0 0 1 1
38 502 998 553 1089 4685 0 0 1 1
38 575 994 626 1085 4705 0 0 1 1
38 653 994 704 1085 4725 0 0 1 1
38 730 994 781 1085 4745 0 0 1 1
38 802 994 853 1085 4765 0 0 1 1
38 875 998 926 1089 4785 0 0 1 1
38 946 1002 997 1093 4805 0 0 1 1
38 1019 1007 1070 1097 4825 0 0 1 1
38 1092 1011 1143 1101 4845 0 0 1 1
38 1163 1015 1214 1106 4865 0 0 1 1
38 1234 1015 1278 1106 4885 0 0 1 1
39 1260 1068 1285 1122 3456 0 0 1 2
39 1234 1064 1260 1118 3476 0 0 1 2
39 1209 1064 1234 1118 3496 0 0 1 2
39 1185 1064 1210 1118 3516 0 0 1 2
39 1163 1064 1189 1118 3536 0 0 1 2
39 1139 1064 1165 1118 3556 0 0 1 2
39 1116 1064 1143 1118 3576 0 0 1 2
39 1092 1064 1119 1118 3596 0 0 1 2
39 1068 1064 1097 1118 3616 0 0 1 2
39 1046 1064 1074 1118 3636 0 0 1 2
39 1023 1064 1052 1118 3656 0 0 1 2
39 999 1064 1028 1122 3676 0 0 1 2
39 975 1064 1005 1122 3696 0 0 1 2
39 954 1064 983 1122 3716 0 0 1 2
39 930 1064 959 1122 3736 0 0 1 2
39 906 1068 937 1122 3756 0 0 1 2
39 883 1068 914 1122 3776 0 0 1 2
39 861 1068 892 1122 3796 0 0 1 2
39 837 1068 868 1122 3816 0 0 1 2
39 813 1068 844 1126 3836 0 0 1 2
39 790 1068 823 1126 3856 0 0 1 2
39 768 1068 799 1126 3876 0 0 1 2
39 744 1068 777 1126 3896 0 0 1 2
39 721 1068 753 1126 3916 0 0 1 2
39 697 1068 731 1126 3936 0 0 1 2
39 675 1068 708 1126 3956 0 0 1 2
39 651 1068 686 1126 3976 0 0 1 2
39 628 1068 662 1126 3996 0 0 1 2
39 600 1056 648 1134 4016 0 0 1 2
39 573 1035 633 1139 4036 0 0 1 2
39 546 1035 609 1139 4056 0 0 1 2
39 518 1035 582 1139 4076 0 0 1 2
39 493 1044 557 1143 4096 0 0 1 2
39 467 1056 531 1155 4116 0 0 1 2
39 446 1060 509 1159 4136 0 0 1 2
39 431 1060 495 1159 4156 0 0 1 2
39 415 1060 478 1159 4176 0 0 1 2
39 391 1048 455 1147 4196 0 0 1 2
39 365 1040 429 1139 4216 0 0 1 2
39 342 1035 406 1134 4236 0 0 1 2
39 320 1035 384 1134 4256 0 0 1 2
39 291 1044 355 1143 4276 0 0 1 2
39 262 1056 325 1155 4296 0 0 1 2
39 238 1056 302 1155 4316 0 0 1 2
39 216 1052 280 1151 4336 0 0 1 2
39 203 1056 267 1155 4356 0 0 1 2
39 193 1060 256 1159 4376 0 0 1 2
39 162 1064 225 1163 4396 0 0 1 2
39 127 1064 191 1163 4416 0 0 1 2
39 101 1064 165 1163 4436 0 0 1 2
39 74 1064 138 1163 4456 0 0 1 2
39 38 1064 101 1163 4476 0 0 1 2
39 16 1056 80 1155 4496 0 0 1 2
39 7 1060 56 1147 4516 0 0 1 2
39 0 1068 29 1139 4536 0 0 1 2
40 14 1815 101 1914 4646 0 0 1 4
40 34 1820 140 1923 4666 0 0 1 4
40 54 1820 178 1931 4686 0 0 1 4
40 111 1832 205 1923 4706 0 0 1 4
40 156 1824 260 1914 4726 0 0 1 4
40 218 1782 325 1902 4746 0 0 1 4
40 273 1758 365 1865 4766 0 0 1 4
40 322 1712 402 1828 4786 0 0 1 4
40 353 1654 435 1778 4806 0 0 1 4
40 364 1626 446 1749 4826 0 0 1 4
40 376 1601 458 1725 4846 0 0 1 4
40 382 1597 460 1708 4866 0 0 1 4
40 382 1568 462 1708 4886 0 0 1 4
40 384 1543 467 1700 4906 0 0 1 4
40 389 1518 473 1687 4926 0 0 1 4
40 395 1522 473 1646 4946 0 0 1 4
40 404 1498 484 1609 4966 0 0 1 4
40 437 1440 524 1564 4986 0 0 1 4
40 482 1436 562 1539 5006 0 0 1 4
40 531 1403 630 1527 5026 0 0 1 4
40 582 1378 695 1514 5046 0 0 1 4
40 639 1374 752 1510 5066 0 0 1 4
40 693 1366 806 1502 5086 0 0 1 4
40 737 1361 850 1498 5106 0 0 1 4
40 781 1361 894 1498 5126 0 0 1 4
40 833 1361 946 1498 5146 0 0 1 4
40 890 1361 1003 1498 5166 0 0 1 4
40 932 1374 1045 1510 5186 0 0 1 4
40 968 1390 1081 1527 5206 0 0 1 4
40 986 1411 1099 1547 5226 0 0 1 4
40 1001 1440 1114 1576 5246 0 0 1 4
40 1010 1481 1123 1617 5266 0 0 1 4
40 1012 1522 1125 1659 5286 0 0 1 4
40 1014 1564 1127 1700 5306 0 0 1 4
40 1014 1593 1127 1729 5326 0 0 1 4
40 1034 1642 1147 1778 5346 0 0 1 4
40 1067 1683 1179 1820 5366 0 0 1 4
40 1112 1700 1225 1836 5386 0 0 1 4
40 1163 1708 1274 1844 5406 0 0 1 4
43 1274 932 1307 986 10046 0 0 1 2
43 1269 932 1307 982 10066 0 0 1 2
43 1270 940 1307 994 10086 0 0 1 2
43 1258 936 1292 990 10106 0 0 1 2
43 1241 936 1278 986 10126 0 0 1 2
43 1227 932 1265 982 10146 0 0 1 2
43 1210 932 1250 982 10166 0 0 1 2
43 1192 932 1232 982 10186 0 0 1 2
43 1174 932 1214 982 10206 0 0 1 2
43 1161 932 1201 982 10226 0 0 1 2
43 1148 932 1189 982 10246 0 0 1 2
43 1130 932 1170 982 10266 0 0 1 2
43 1114 932 1154 982 10286 0 0 1 2
43 1097 932 1138 982 10306 0 0 1 2
43 1079 932 1119 982 10326 0 0 1 2
43 1061 932 1101 982 10346 0 0 1 2
43 1043 932 1083 982 10366 0 0 1 2
43 1028 936 1068 986 10386 0 0 1 2
43 1016 936 1056 986 10406 0 0 1 2
43 997 928 1037 978 10426 0 0 1 2
43 981 924 1021 973 10446 0 0 1 2
43 963 924 1003 973 10466 0 0 1 2
43 946 928 986 978 10486 0 0 1 2
43 930 924 970 978 10506 0 0 1 2
43 915 924 954 978 10526 0 0 1 2
43 899 924 937 978 10546 0 0 1 2
43 884 920 921 978 10566 0 0 1 2
43 870 920 906 978 10586 0 0 1 2
43 853 920 890 978 10606 0 0 1 2
43 839 920 874 978 10626 0 0 1 2
43 821 920 855 978 10646 0 0 1 2
43 804 920 839 978 10666 0 0 1 2
43 788 920 823 978 10686 0 0 1 2
43 772 920 806 978 10706 0 0 1 2
43 753 920 788 978 10726 0 0 1 2
43 737 920 772 978 10746 0 0 1 2
43 721 920 755 978 10766 0 0 1 2
43 704 920 739 978 10786 0 0 1 2
43 686 920 721 978 10806 0 0 1 2
43 670 920 704 978 10826 0 0 1 2
43 653 920 688 978 10846 0 0 1 2
43 637 920 671 978 10866 0 0 1 2
43 619 920 653 978 10886 0 0 1 2
43 602 920 637 978 10906 0 0 1 2
43 586 920 620 978 10926 0 0 1 2
43 569 920 604 978 10946 0 0 1 2
43 551 920 586 978 10966 0 0 1 2
43 535 920 569 978 10986 0 0 1 2
43 518 920 553 978 11006 0 0 1 2
43 500 920 537 978 11026 0 0 1 2
43 482 920 520 982 11046 0 0 1 2
43 466 920 504 982 11066 0 0 1 2
43 447 920 487 986 11086 0 0 1 2
43 429 924 471 990 11106 0 0 1 2
43 413 924 453 990 11126 0 0 1 2
43 395 924 437 994 11146 0 0 1 2
43 376 924 420 994 11166 0 0 1 2
43 360 924 404 998 11186 0 0 1 2
43 342 924 387 998 11206 0 0 1 2
43 327 916 373 990 11226 0 0 1 2
43 311 912 356 986 11246 0 0 1 2
43 294 903 340 978 11266 0 0 1 2
43 278 899 324 973 11286 0 0 1 2
43 260 903 305 978 11306 0 0 1 2
43 242 907 287 982 11326 0 0 1 2
43 223 912 269 986 11346 0 0 1 2
43 205 916 251 990 11366 0 0 1 2
43 187 920 233 994 11386 0 0 1 2
43 171 920 216 994 11406 0 0 1 2
43 156 916 202 990 11426 0 0 1 2
43 140 912 185 986 11446 0 0 1 2
43 123 907 169 982 11466 0 0 1 2
44 1139 887 1174 969 10514 0 0 1 2
44 1119 887 1154 969 10534 0 0 1 2
44 1097 887 1132 969 10554 0 0 1 2
44 1077 887 1112 969 10574 0 0 1 2
44 1056 887 1090 969 10594 0 0 1 2
44 1036 887 1070 969 10614 0 0 1 2
44 1016 887 1050 969 10634 0 0 1 2
44 995 887 1030 969 10654 0 0 1 2
44 975 887 1010 969 10674 0 0 1 2
44 955 887 990 969 10694 0 0 1 2
44 934 887 968 969 10714 0 0 1 2
44 914 887 948 969 10734 0 0 1 2
44 894 887 928 969 10754 0 0 1 2
44 874 887 908 969 10774 0 0 1 2
44 853 887 888 969 10794 0 0 1 2
44 833 887 868 969 10814 0 0 1 2
44 813 887 848 969 10834 0 0 1 2
44 793 887 828 969 10854 0 0 1 2
44 773 891 808 973 10874 0 1 1 2
44 753 891 788 973 10894 0 0 1 2
44 733 891 768 973 10914 0 0 1 2
44 713 891 748 973 10934 0 0 1 2
44 693 891 728 973 10954 0 0 1 2
44 673 891 708 973 10974 0 0 1 2
44 653 891 688 973 10994 0 0 1 2
44 633 895 670 973 11014 0 0 1 2
44 615 899 651 973 11034 0 0 1 2
44 597 903 635 973 11054 0 0 1 2
44 577 903 617 973 11074 0 0 1 2
44 558 907 600 973 11094 0 0 1 2
44 540 912 582 973 11114 0 0 1 2
44 520 916 566 973 11134 0 0 1 2
44 502 920 548 973 11154 0 0 1 2
44 482 920 529 973 11174 0 0 1 2
44 464 924 513 973 11194 0 0 1 2
44 446 928 495 973 11214 0 0 1 2
44 429 932 478 978 11234 0 0 1 2
44 413 932 462 978 11254 0 0 1 2
44 396 936 446 982 11274 0 0 1 2
44 375 936 424 982 11294 0 0 1 2
44 351 936 400 982 11314 0 0 1 2
44 327 936 376 982 11334 0 0 1 2
44 305 936 355 982 11354 0 0 1 2
44 282 936 331 982 11374 0 0 1 2
44 260 936 309 982 11394 0 0 1 2
44 243 936 293 982 11414 0 0 1 2
44 225 936 274 982 11434 0 0 1 2
44 209 936 258 982 11454 0 0 1 2
45 1107 854 1143 924 10692 0 0 1 2
45 1103 874 1139 945 10712 0 0 1 2
45 1099 891 1136 961 10732 0 0 1 2
45 1092 912 1128 982 10752 0 0 1 2
45 1067 907 1103 978 10772 0 0 1 2
45 1052 924 1088 994 10792 0 0 1 2
45 1030 920 1067 990 10812 0 0 1 2
45 1010 920 1046 990 10832 0 0 1 2
45 990 928 1026 998 10852 0 0 1 2
45 968 932 1005 1002 10872 0 0 1 2
45 946 932 983 1002 10892 0 0 1 2
45 923 932 959 1002 10912 0 0 1 2
45 901 932 937 1002 10932 0 0 1 2
45 879 932 915 1002 10952 0 0 1 2
45 855 932 892 1002 10972 0 0 1 2
45 837 932 874 1002 10992 0 0 1 2
45 819 932 855 1002 11012 0 0 1 2
45 801 932 837 1002 11032 0 0 1 2
45 782 936 819 1002 11052 0 0 1 2
45 764 936 801 1007 11072 0 0 1 2
45 746 940 784 1007 11092 0 0 1 2
45 728 940 766 1007 11112 0 0 1 2
45 710 945 748 1007 11132 0 0 1 2
45 693 945 730 1011 11152 0 0 1 2
45 675 949 713 1011 11172 0 0 1 2
45 657 949 695 1011 11192 0 0 1 2
45 637 957 675 1019 11212 0 0 1 2
45 613 965 651 1027 11232 0 0 1 2
45 591 969 630 1031 11252 0 0 1 2
45 568 978 606 1040 11272 0 0 1 2
45 546 986 584 1048 11292 0 0 1 2
45 524 990 562 1052 11312 0 0 1 2
45 504 998 542 1060 11332 0 0 1 2
45 482 1002 520 1064 11352 0 0 1 2
45 460 1007 498 1068 11372 0 0 1 2
45 438 1015 477 1077 11392 0 0 1 2
45 420 1027 458 1089 11412 0 0 1 2
45 402 1040 440 1101 11432 0 0 1 2
45 384 1052 422 1114 11452 0 0 1 2
46 1136 846 1165 883 4941 0 0 0 2
46 1141 858 1170 895 4961 0 0 1 2
46 1147 870 1176 912 4981 0 0 1 2
46 1154 883 1181 928 5001 0 0 1 2
46 1158 899 1192 965 5021 0 0 1 2
46 1167 912 1205 986 5041 0 0 1 2
46 1179 928 1218 1002 5061 0 0 1 2
46 1199 932 1238 1007 5081 0 0 1 2
46 1218 936 1256 1011 5101 0 0 1 2
46 1232 936 1270 1011 5121 0 0 1 2
46 1247 936 1285 1011 5141 0 0 1 2
46 1263 936 1301 1011 5161 0 0 1 2
51 1276 1601 1307 1712 10531 0 0 1 4
51 1267 1560 1305 1675 10551 0 0 1 4
51 1258 1518 1305 1638 10571 0 0 1 4
51 1256 1465 1309 1634 10591 0 0 1 4
51 1245 1432 1309 1597 10611 0 0 1 4
51 1221 1399 1296 1551 10631 0 0 1 4
51 1192 1366 1276 1502 10651 0 0 1 4
51 1150 1341 1245 1469 10671 0 0 1 4
51 1101 1324 1205 1448 10691 0 0 1 4
51 1037 1320 1154 1440 10711 0 0 1 4
51 974 1320 1090 1440 10731 0 0 1 4
51 908 1316 1025 1436 10751 0 0 1 4
51 837 1312 954 1432 10771 0 0 1 4
51 762 1316 879 1436 10791 0 0 1 4
51 688 1320 804 1440 10811 0 0 1 4
51 613 1320 730 1440 10831 0 0 1 4
51 540 1320 657 1440 10851 0 0 1 4
51 471 1320 588 1440 10871 0 0 1 4
51 402 1324 518 1444 10891 0 0 1 4
51 342 1324 458 1444 10911 0 0 1 4
51 289 1324 406 1444 10931 0 0 1 4
51 253 1324 369 1444 10951 0 0 1 4
51 227 1324 344 1444 10971 0 0 1 4
51 203 1324 320 1444 10991 0 0 1 4
51 193 1324 307 1444 11011 0 0 1 4
68 591 895 646 998 9507 0 0 1 1
68 560 895 615 998 9527 0 0 1 1
68 529 891 584 994 9547 0 0 1 1
68 500 887 555 990 9567 0 0 1 1
68 469 887 524 990 9587 0 0 1 1
68 447 887 502 990 9607 0 0 1 1
68 427 887 482 990 9627 0 0 1 1
68 404 887 458 990 9647 0 0 1 1
68 378 887 431 990 9667 0 0 1 1
68 351 887 404 994 9687 0 0 1 1
68 324 891 378 994 9707 0 0 1 1
68 296 891 351 998 9727 0 0 1 1
68 271 891 324 998 9747 0 0 1 1
68 242 887 294 994 9767 0 0 1 1
68 211 879 264 986 9787 0 0 1 1
68 182 874 234 978 9807 0 0 1 1
68 151 870 205 969 9827 0 0 1 1
68 121 866 176 965 9847 0 0 1 1
68 94 866 147 965 9867 0 0 1 1
68 67 870 120 969 9887 0 0 1 1
68 40 870 92 969 9907 0 0 1 1
68 9 874 61 973 9927 0 0 1 1
68 0 879 40 978 9947 0 0 1 1
73 1261 924 1287 986 4639 0 0 1 2
73 1241 928 1267 990 4659 0 0 1 2
73 1221 932 1247 994 4679 0 0 1 2
73 1201 940 1227 1002 4699 0 0 1 2
73 1179 945 1205 1007 4719 0 0 1 2
73 1159 945 1185 1007 4739 0 0 1 2
73 1138 945 1163 1007 4759 0 0 1 2
73 1119 945 1145 1007 4779 0 0 1 2
73 1099 949 1125 1011 4799 0 0 1 2
73 1079 945 1105 1007 4819 0 0 1 2
73 1057 936 1083 998 4839 0 0 1 2
73 1036 928 1061 990 4859 0 0 1 2
73 1016 932 1041 994 4879 0 0 1 2
73 994 932 1019 994 4899 0 0 1 2
73 970 924 995 986 4919 0 0 1 2
73 948 920 974 982 4939 0 0 1 2
73 930 920 955 982 4959 0 0 1 2
73 910 916 935 978 4979 0 0 1 2
73 890 916 915 978 4999 0 0 1 2
73 868 916 899 978 5019 0 0 1 2
73 846 916 883 978 5039 0 0 1 2
73 824 916 866 978 5059 0 0 1 2
73 802 916 850 982 5079 0 0 1 2
73 781 916 833 982 5099 0 0 1 2
73 759 916 817 982 5119 0 0 1 2
73 739 916 797 982 5139 0 0 1 2
73 717 916 775 982 5159 0 0 1 2
73 697 916 755 982 5179 0 0 1 2
73 677 916 735 982 5199 0 0 1 2
73 655 916 713 982 5219 0 0 1 2
73 635 912 693 978 5239 0 0 1 2
73 615 912 673 978 5259 0 0 1 2
73 593 912 651 978 5279 0 0 1 2
73 573 912 631 978 5299 0 0 1 2
73 551 912 609 978 5319 0 0 1 2
73 531 912 589 978 5339 0 0 1 2
73 513 912 571 978 5359 0 0 1 2
73 495 912 553 978 5379 0 0 1 2
73 477 912 535 978 5399 0 0 1 2
73 457 912 515 978 5419 0 0 1 2
73 438 912 497 978 5439 0 0 1 2
73 420 912 478 978 5459 0 0 1 2
73 402 912 460 978 5479 0 0 1 2
73 382 912 440 978 5499 0 0 1 2
73 360 907 416 978 5519 0 0 1 2
73 338 907 391 978 5539 0 0 1 2
73 315 907 367 978 5559 0 0 1 2
73 294 907 345 982 5579 0 0 1 2
73 274 907 325 982 5599 0 0 1 2
73 254 907 305 982 5619 0 0 1 2
73 234 907 285 982 5639 0 0 1 2
73 214 907 265 982 5659 0 0 1 2
73 194 907 245 982 5679 0 0 1 2
73 176 907 227 982 5699 0 0 1 2
73 158 907 209 982 5719 0 0 1 2
73 140 903 191 978 5739 0 0 1 2
73 121 903 172 978 5759 0 0 1 2
73 103 903 154 978 5779 0 0 1 2
73 83 903 134 978 5799 0 0 1 2
73 63 903 114 978 5819 0 0 1 2
73 43 903 94 978 5839 0 0 1 2
73 25 903 72 978 5859 0 0 1 2
73 12 899 52 973 5879 0 0 1 2
73 0 895 30 969 5899 0 0 1 2
74 1187 928 1210 990 11112 0 0 1 2
74 1199 945 1223 1007 11132 0 0 1 2
74 1212 965 1236 1027 11152 0 0 1 2
74 1227 982 1249 1044 11172 0 0 1 2
74 1239 998 1261 1060 11192 0 0 1 2
74 1254 1015 1274 1077 11212 0 0 1 2
74 1267 1031 1287 1093 11232 0 0 1 2
74 1281 1048 1300 1110 11252 0 0 1 2
75 3 957 65 1011 9326 0 0 1 2
75 18 957 80 1011 9346 0 0 1 2
75 32 957 94 1011 9366 0 0 1 2
75 47 957 109 1011 9386 0 0 1 2
75 60 957 121 1011 9406 0 0 1 2
75 71 957 132 1011 9426 0 0 1 2
75 83 957 145 1011 9446 0 0 1 2
75 101 957 163 1011 9466 0 0 1 2
75 118 961 180 1015 9486 0 0 1 2
75 134 957 196 1015 9506 0 0 1 2
75 151 953 214 1015 9526 0 0 1 2
75 167 949 231 1015 9546 0 0 1 2
75 183 945 247 1019 9566 0 0 1 2
75 200 940 265 1019 9586 0 0 1 2
75 216 936 282 1019 9606 0 0 1 2
75 231 932 300 1023 9626 0 0 1 2
75 247 928 316 1023 9646 0 0 1 2
75 264 924 333 1023 9666 0 0 1 2
75 282 924 349 1023 9686 0 0 1 2
75 298 924 367 1023 9706 0 0 1 2
75 315 920 384 1019 9726 0 0 1 2
75 333 920 400 1019 9746 0 0 1 2
75 349 920 416 1019 9766 0 0 1 2
75 365 916 433 1015 9786 0 0 1 2
75 384 916 451 1015 9806 0 0 1 2
75 400 912 467 1011 9826 0 0 1 2
75 418 912 484 1011 9846 0 0 1 2
75 435 912 500 1011 9866 0 0 1 2
75 451 912 517 1011 9886 0 0 1 2
75 469 916 535 1015 9906 0 0 1 2
75 487 920 551 1019 9926 0 0 1 2
75 504 924 568 1023 9946 0 0 1 2
75 522 932 586 1031 9966 0 0 1 2
75 540 936 602 1035 9986 0 0 1 2
75 557 940 619 1035 10006 0 0 1 2
75 575 940 635 1035 10026 0 0 1 2
75 591 945 651 1035 10046 0 0 1 2
75 608 945 668 1035 10066 0 0 1 2
75 624 949 682 1031 10086 0 0 1 2
75 642 949 699 1031 10106 0 0 1 2
75 659 949 715 1031 10126 0 0 1 2
75 675 953 731 1031 10146 0 0 1 2
75 693 953 748 1031 10166 0 0 1 2
75 710 957 764 1031 10186 0 0 1 2
75 728 957 782 1031 10206 0 0 1 2
75 744 957 799 1031 10226 0 0 1 2
75 761 957 815 1031 10246 0 0 1 2
75 779 957 833 1031 10266 0 0 1 2
75 795 957 850 1031 10286 0 0 1 2
75 813 957 868 1031 10306 0 0 1 2
75 828 961 883 1035 10326 0 0 1 2
75 841 961 895 1035 10346 0 0 1 2
75 853 965 908 1040 10366 0 0 1 2
75 864 965 919 1040 10386 0 0 1 2
75 877 969 932 1044 10406 0 0 1 2
75 888 969 943 1044 10426 0 0 1 2
75 901 973 955 1048 10446 0 0 1 2
75 912 978 966 1052 10466 0 0 1 2
75 924 978 979 1052 10486 0 0 1 2
75 937 978 992 1052 10506 0 0 1 2
75 955 973 1008 1048 10526 0 0 1 2
75 972 965 1023 1040 10546 0 0 1 2
75 990 961 1039 1035 10566 0 0 1 2
75 1006 953 1054 1027 10586 0 0 1 2
75 1025 949 1070 1023 10606 0 0 1 2
75 1041 940 1085 1015 10626 0 0 1 2
75 1059 940 1103 1015 10646 0 0 1 2
75 1076 936 1119 1011 10666 0 0 1 2
75 1094 932 1138 1007 10686 0 0 1 2
75 1110 932 1154 1007 10706 0 0 1 2
75 1127 928 1170 1002 10726 0 0 1 2
75 1145 928 1189 1002 10746 0 0 1 2
75 1161 924 1205 998 10766 0 0 1 2
75 1179 920 1223 994 10786 0 0 1 2
75 1196 920 1239 994 10806 0 0 1 2
75 1210 916 1254 990 10826 0 0 1 2
75 1225 912 1269 986 10846 0 0 1 2
75 1239 912 1281 986 10866 0 0 1 2
75 1254 907 1296 982 10886 0 0 1 2
75 1265 907 1307 982 10906 0 0 1 2
75 1269 907 1307 982 10926 0 0 1 2
75 1265 924 1301 986 11317 0 0 1 2
75 1249 924 1285 986 11337 0 0 1 2
75 1234 920 1270 982 11357 0 0 1 2
75 1218 916 1254 978 11377 0 0 1 2
75 1201 912 1238 973 11397 0 0 1 2
75 1185 912 1221 973 11417 0 0 1 2
75 1168 907 1205 969 11437 0 0 1 2
75 1154 903 1190 965 11457 0 0 1 2
76 5 1048 41 1122 11073 0 0 1 2
76 29 1048 65 1122 11093 0 0 1 2
76 52 1048 89 1122 11113 0 0 1 2
76 74 1048 111 1122 11133 0 0 1 2
76 98 1048 134 1122 11153 0 0 1 2
76 121 1052 158 1126 11173 0 0 1 2
76 145 1052 182 1126 11193 0 0 1 2
76 169 1052 205 1126 11213 0 0 1 2
76 193 1052 229 1126 11233 0 0 1 2
76 216 1052 253 1126 11253 0 0 1 2
76 240 1052 276 1126 11273 0 0 1 2
76 264 1056 300 1130 11293 0 0 1 2
76 287 1056 324 1130 11313 0 0 1 2
76 311 1056 347 1130 11333 0 0 1 2
76 333 1056 369 1130 11353 0 0 1 2
76 356 1056 393 1130 11373 0 0 1 2
76 380 1060 416 1134 11393 0 1 1 2
76 404 1060 440 1134 11413 0 1 1 2
76 429 1060 466 1134 11433 0 1 1 2
76 453 1060 489 1134 11453 0 1 1 2
77 0 973 18 1035 11204 0 0 1 2
77 21 973 40 1035 11224 0 0 1 2
77 41 973 60 1035 11244 0 0 1 2
77 63 973 81 1035 11264 0 0 1 2
77 85 973 103 1035 11284 0 0 1 2
77 105 973 123 1035 11304 0 0 1 2
77 127 973 145 1035 11324 0 0 1 2
77 149 973 167 1035 11344 0 0 1 2
77 169 973 187 1035 11364 0 0 1 2
77 191 973 209 1035 11384 0 0 1 2
77 213 973 231 1035 11404 0 0 1 2
77 233 973 251 1035 11424 0 0 1 2
77 254 973 273 1035 11444 0 0 1 2
77 274 973 293 1035 11464 0 0 1 2
78 234 1320 264 1374 11366 0 0 1 2
78 234 1308 264 1374 11386 0 0 1 2
78 236 1304 264 1374 11406 0 0 1 2
78 236 1304 264 1374 11426 0 0 1 2
78 236 1304 264 1374 11446 0 0 1 2
78 236 1304 264 1374 11466 0 0 1 2
81 1267 1580 1307 1696 11251 0 0 1 4
81 1260 1564 1307 1675 11271 0 0 0 4
81 1263 1527 1307 1671 11291 0 0 1 4
81 1269 1489 1309 1667 11311 0 0 0 4
81 1263 1465 1307 1638 11331 0 0 1 4
81 1258 1440 1307 1609 11351 0 0 0 4
81 1245 1407 1305 1584 11371 0 0 1 4
81 1232 1382 1300 1564 11391 0 0 1 4
81 1221 1361 1292 1539 11411 0 0 0 4
81 1196 1357 1278 1506 11431 0 0 1 4
81 1170 1357 1263 1473 11451 0 0 0 4
81 1134 1341 1258 1460 11471 0 0 0 4
82 0 1015 38 1077 10051 0 0 1 3
82 0 1015 58 1073 10071 0 0 0 3
82 5 998 78 1073 10091 0 0 1 3
82 23 998 100 1073 10111 0 0 1 3
82 49 998 125 1073 10131 0 0 1 3
82 72 998 149 1073 10151 0 0 1 3
82 98 998 174 1073 10171 0 0 1 3
82 123 998 200 1073 10191 0 0 1 3
82 151 998 227 1073 10211 0 0 0 3
82 171 994 247 1068 10231 0 0 1 3
82 191 990 267 1064 10251 0 0 1 3
82 213 986 289 1060 10271 0 0 0 3
82 238 986 315 1060 10291 0 0 1 3
82 265 990 342 1064 10311 0 0 1 3
82 289 990 365 1064 10331 0 0 1 3
82 311 990 387 1064 10351 0 0 1 3
82 333 990 409 1064 10371 0 0 1 3
82 355 990 431 1064 10391 0 0 1 3
82 378 994 455 1068 10411 0 0 1 3
82 402 994 478 1068 10431 0 0 1 3
82 424 998 500 1073 10451 0 0 1 3
82 444 998 520 1073 10471 0 0 1 3
82 466 998 542 1073 10491 0 0 0 3
82 489 990 566 1068 10511 0 0 1 3
82 515 986 591 1068 10531 0 0 1 3
82 540 982 617 1068 10551 0 0 1 3
82 566 982 642 1068 10571 0 0 1 3
82 589 978 666 1068 10591 0 0 1 3
82 615 973 691 1068 10611 0 0 1 3
82 640 969 717 1064 10631 0 0 1 3
82 664 969 741 1064 10651 0 0 1 3
82 690 969 766 1064 10671 0 0 1 3
82 715 969 792 1064 10691 0 0 1 3
82 739 969 815 1064 10711 0 0 1 3
82 764 965 841 1060 10731 0 0 1 3
82 788 965 864 1060 10751 0 0 1 3
82 813 965 890 1060 10771 0 0 1 3
82 837 965 914 1060 10791 0 0 1 3
82 863 961 939 1056 10811 0 0 1 3
82 886 961 963 1056 10831 0 0 1 3
82 912 961 988 1056 10851 0 0 1 3
82 935 961 1012 1056 10871 0 0 1 3
82 961 961 1037 1056 10891 0 0 1 3
82 985 957 1061 1052 10911 0 0 1 3
82 1010 957 1087 1052 10931 0 0 1 3
82 1034 957 1110 1052 10951 0 0 1 3
82 1059 957 1136 1052 10971 0 0 1 3
82 1083 957 1159 1052 10991 0 0 1 3
82 1107 957 1185 1044 11011 0 0 1 3
82 1128 957 1209 1031 11031 0 0 1 3
82 1152 953 1234 1023 11051 0 0 1 3
82 1178 953 1260 1023 11071 0 0 1 3
82 1201 953 1283 1023 11091 0 0 1 3
82 1221 953 1300 1023 11111 0 0 1 3
82 1236 953 1309 1019 11131 0 0 1 3
82 1265 953 1309 1019 11151 0 0 1 3
83 1250 903 1298 982 9309 0 0 1 2
83 1238 899 1285 978 9329 0 0 1 2
83 1223 895 1270 973 9349 0 0 1 2
83 1207 895 1254 973 9369 0 0 1 2
83 1190 891 1238 969 9389 0 0 1 2
83 1172 879 1219 957 9409 0 0 1 2
83 1154 866 1201 945 9429 0 0 1 2
83 1136 854 1183 932 9449 0 0 1 2
83 1134 841 1181 920 9469 0 0 1 2
83 1136 833 1183 912 9489 0 0 1 2
83 1134 808 1179 912 9509 0 0 1 2
83 1143 747 1189 846 9529 0 0 1 2
84 18 1064 72 1143 7900 0 0 1 2
84 32 1064 87 1143 7920 0 0 1 2
84 45 1064 100 1143 7940 0 0 1 2
84 56 1064 111 1143 7960 0 0 1 2
84 69 1064 123 1143 7980 0 0 1 2
84 85 1064 140 1143 8000 0 0 0 2
84 94 1064 147 1147 8020 0 0 1 2
84 105 1064 156 1155 8040 0 0 0 2
84 123 1056 174 1147 8060 0 0 1 2
84 143 1048 194 1139 8080 0 0 0 2
84 160 1052 211 1143 8100 0 0 1 2
84 178 1056 229 1147 8120 0 0 0 2
84 193 1056 243 1147 8140 0 0 1 2
84 207 1056 258 1147 8160 0 0 1 2
84 222 1056 273 1147 8180 0 0 0 2
84 229 1052 280 1143 8200 0 0 0 2
84 243 1052 294 1143 8220 0 0 1 2
84 260 1056 311 1147 8240 0 0 1 2
84 278 1056 329 1147 8260 0 0 1 2
84 294 1052 345 1143 8280 0 0 1 2
84 309 1052 360 1143 8300 0 0 1 2
84 324 1052 375 1143 8320 0 0 0 2
84 336 1048 387 1139 8340 0 0 1 2
84 349 1048 400 1139 8360 0 0 0 2
84 360 1044 411 1134 8380 0 0 1 2
84 375 1044 426 1134 8400 0 0 1 2
84 391 1044 442 1134 8420 0 0 1 2
84 406 1044 457 1134 8440 0 0 1 2
84 418 1044 469 1134 8460 0 0 1 2
84 429 1044 480 1134 8480 0 0 1 2
84 444 1044 495 1134 8500 0 0 0 2
84 458 1040 511 1126 8520 0 0 1 2
84 473 1035 528 1118 8540 0 0 1 2
84 487 1031 546 1114 8560 0 0 1 2
84 498 1031 557 1114 8580 0 0 1 2
84 509 1035 568 1118 8600 0 0 1 2
84 526 1040 584 1122 8620 0 0 1 2
84 542 1044 600 1126 8640 0 0 1 2
84 557 1044 615 1126 8660 0 0 1 2
84 569 1044 628 1126 8680 0 0 1 2
84 584 1044 642 1126 8700 0 0 1 2
84 597 1044 655 1126 8720 0 0 1 2
84 611 1040 670 1122 8740 0 0 1 2
84 628 1040 686 1122 8760 0 0 1 2
84 644 1040 702 1122 8780 0 0 1 2
84 657 1040 715 1122 8800 0 0 1 2
84 670 1040 728 1122 8820 0 0 1 2
84 684 1040 742 1122 8840 0 0 1 2
84 697 1044 755 1126 8860 0 0 1 2
84 711 1044 770 1126 8880 0 0 1 2
84 724 1044 782 1126 8900 0 0 1 2
84 737 1044 795 1126 8920 0 0 1 2
84 748 1040 806 1122 8940 0 0 1 2
84 761 1040 819 1122 8960 0 0 1 2
84 772 1035 830 1118 8980 0 0 1 2
84 786 1035 844 1118 9000 0 0 0 2
84 802 1035 859 1110 9020 0 0 1 2
84 819 1040 874 1101 9040 0 0 1 2
84 833 1044 888 1101 9060 0 0 1 2
84 848 1044 903 1101 9080 0 0 1 2
84 864 1044 919 1101 9100 0 0 1 2
84 881 1044 935 1101 9120 0 0 1 2
84 897 1044 952 1101 9140 0 0 1 2
84 915 1044 970 1101 9160 0 0 1 2
84 930 1044 985 1101 9180 0 0 1 2
84 941 1044 995 1101 9200 0 0 1 2
84 954 1044 1008 1101 9220 0 0 1 2
84 968 1044 1023 1101 9240 0 0 1 2
84 985 1044 1039 1101 9260 0 0 1 2
84 992 1044 1046 1101 9280 0 0 1 2
84 999 1044 1054 1101 9300 0 0 1 2
84 1016 1044 1070 1101 9320 0 0 1 2
84 1043 1044 1097 1101 9340 0 0 1 2
84 1054 1048 1108 1106 9360 0 0 1 2
84 1063 1052 1117 1110 9380 0 0 1 2
84 1068 1052 1123 1110 9400 0 0 1 2
84 1076 1056 1130 1114 9420 0 0 1 2
84 1085 1052 1139 1110 9440 0 0 1 2
84 1107 1052 1161 1110 9460 0 0 1 2
84 1154 1052 1207 1110 9480 0 0 1 2
84 1147 1052 1201 1110 9500 0 0 0 2
84 1168 1056 1219 1114 9520 0 0 1 2
84 1190 1064 1238 1118 9540 0 0 0 2
84 1201 1064 1249 1118 9560 0 0 1 2
84 1214 1064 1261 1118 9580 0 0 1 2
84 1227 1064 1274 1118 9600 0 0 1 2
84 1239 1064 1287 1118 9620 0 0 1 2
84 1252 1064 1300 1118 9640 0 0 1 2
85 7 1060 49 1101 7731 0 0 1 2
85 21 1056 61 1101 7751 0 0 1 2
85 40 1056 78 1106 7771 0 0 1 2
85 58 1056 96 1106 7791 0 0 1 2
85 76 1060 114 1110 7811 0 0 0 2
85 94 1060 132 1110 7831 0 0 1 2
85 112 1060 151 1110 7851 0 0 0 2
85 129 1060 167 1110 7871 0 0 1 2
85 145 1064 183 1114 7891 0 0 0 2
85 163 1060 202 1110 7911 0 0 1 2
85 182 1060 220 1110 7931 0 0 1 2
85 200 1060 238 1110 7951 0 0 1 2
85 218 1060 256 1110 7971 0 0 0 2
85 238 1060 276 1110 7991 0 0 0 2
85 254 1060 293 1110 8011 0 0 1 2
85 274 1060 311 1110 8031 0 0 1 2
85 294 1060 331 1114 8051 0 0 1 2
85 313 1064 349 1118 8071 0 0 1 2
85 333 1064 367 1118 8091 0 0 1 2
85 353 1064 386 1122 8111 0 0 1 2
85 371 1068 406 1122 8131 0 0 1 2
85 391 1068 424 1126 8151 0 0 1 2
85 411 1068 442 1126 8171 0 0 1 2
85 429 1073 460 1130 8191 0 0 1 2
85 449 1073 480 1134 8211 0 0 1 2
85 467 1073 498 1134 8231 0 0 1 2
85 487 1077 517 1139 8251 0 0 1 2
85 508 1077 535 1139 8271 0 0 1 2
85 526 1077 555 1143 8291 0 0 1 2
85 544 1081 571 1147 8311 0 0 1 2
85 549 1077 577 1143 8331 0 0 1 2
85 566 1077 593 1143 8351 0 0 1 2
85 584 1077 609 1139 8371 0 0 1 2
85 600 1073 628 1139 8391 0 0 1 2
85 617 1073 644 1134 8411 0 0 1 2
85 635 1073 660 1134 8431 0 0 1 2
85 651 1068 679 1134 8451 0 0 1 2
85 670 1068 695 1130 8471 0 0 1 2
85 686 1068 711 1130 8491 0 0 1 2
85 704 1068 731 1130 8511 0 0 1 2
85 721 1068 755 1134 8531 0 0 1 2
85 739 1068 779 1134 8551 0 0 1 2
85 757 1068 797 1139 8571 0 0 1 2
85 775 1073 815 1143 8591 0 0 1 2
85 793 1073 833 1143 8611 0 0 1 2
85 812 1077 852 1147 8631 0 0 1 2
85 830 1077 870 1147 8651 0 0 1 2
85 848 1077 888 1147 8671 0 0 1 2
85 868 1073 908 1147 8691 0 0 1 2
85 884 1073 924 1147 8711 0 0 1 2
85 901 1073 941 1147 8731 0 0 1 2
85 919 1073 959 1147 8751 0 0 1 2
85 937 1073 977 1147 8771 0 0 1 2
85 957 1073 997 1147 8791 0 0 1 2
85 977 1073 1017 1147 8811 0 0 1 2
85 997 1073 1037 1147 8831 0 0 1 2
85 1014 1077 1054 1151 8851 0 0 1 2
85 1030 1081 1070 1155 8871 0 0 1 2
85 1048 1081 1088 1155 8891 0 0 1 2
85 1067 1081 1107 1155 8911 0 0 1 2
85 1085 1077 1125 1151 8931 0 0 1 2
85 1103 1073 1143 1147 8951 0 0 1 2
85 1119 1073 1159 1147 8971 0 0 1 2
85 1138 1073 1178 1147 8991 0 0 1 2
85 1156 1068 1198 1139 9011 0 0 1 2
85 1176 1064 1218 1126 9031 0 0 1 2
85 1196 1064 1238 1126 9051 0 0 1 2
85 1212 1064 1254 1126 9071 0 0 1 2
85 1225 1064 1267 1126 9091 0 0 1 2
85 1239 1064 1281 1126 9111 0 0 1 2
85 1254 1064 1296 1126 9131 0 0 1 2
85 1269 1064 1307 1126 9151 0 0 1 2
85 1274 1056 1309 1118 9171 0 0 1 2
85 1281 1089 1307 1134 9692 0 0 1 2
86 12 1048 45 1118 8314 0 0 1 2
86 32 1048 65 1118 8334 0 0 1 2
86 52 1048 85 1118 8354 0 0 1 2
86 72 1048 105 1118 8374 0 0 1 2
86 92 1048 125 1118 8394 0 0 1 2
86 112 1048 145 1118 8414 0 0 1 2
86 132 1048 165 1118 8434 0 0 1 2
86 151 1048 183 1118 8454 0 0 1 2
86 171 1048 203 1118 8474 0 0 1 2
86 191 1048 223 1118 8494 0 0 1 2
86 207 1040 245 1118 8514 0 0 1 2
86 222 1035 267 1122 8534 0 0 1 2
86 236 1031 289 1126 8554 0 0 1 2
86 258 1027 311 1126 8574 0 0 1 2
86 280 1023 333 1122 8594 0 0 1 2
86 298 1023 351 1122 8614 0 0 1 2
86 316 1023 369 1122 8634 0 0 1 2
86 335 1031 387 1130 8654 0 0 1 2
86 353 1035 406 1134 8674 0 0 1 2
86 371 1040 424 1139 8694 0 0 1 2
86 389 1040 442 1139 8714 0 0 1 2
86 407 1040 460 1139 8734 0 0 1 2
86 426 1027 480 1126 8754 0 0 1 2
86 444 1019 498 1118 8774 0 0 1 2
86 466 1011 520 1110 8794 0 0 1 2
86 493 1007 548 1106 8814 0 0 1 2
86 513 1011 568 1110 8834 0 0 1 2
86 533 1011 588 1110 8854 0 0 1 2
86 551 1011 606 1110 8874 0 0 1 2
86 568 1011 622 1110 8894 0 0 1 2
86 586 1011 640 1110 8914 0 0 1 2
86 606 1015 660 1114 8934 0 0 1 2
86 624 1023 679 1122 8954 0 0 1 2
86 640 1023 695 1122 8974 0 0 1 2
86 657 1023 711 1122 8994 0 0 1 2
86 679 1023 733 1114 9014 0 0 1 2
86 704 1027 759 1110 9034 0 0 1 2
86 730 1035 786 1106 9054 0 0 0 2
86 748 1031 804 1101 9074 0 0 1 2
86 766 1027 823 1097 9094 0 0 1 2
86 786 1027 843 1097 9114 0 0 1 2
86 808 1027 863 1101 9134 0 0 1 2
86 828 1027 883 1106 9154 0 0 1 2
86 848 1027 903 1106 9174 0 0 1 2
86 868 1023 923 1101 9194 0 0 1 2
86 888 1019 943 1097 9214 0 0 1 2
86 908 1015 963 1093 9234 0 0 1 2
86 928 1011 983 1089 9254 0 0 1 2
86 948 1011 1003 1089 9274 0 0 1 2
86 970 1011 1025 1089 9294 0 0 1 2
86 990 1011 1045 1089 9314 0 0 1 2
86 1010 1015 1065 1093 9334 0 0 1 2
86 1030 1015 1085 1093 9354 0 0 1 2
86 1050 1015 1105 1093 9374 0 0 1 2
86 1074 1015 1128 1093 9394 0 0 1 2
86 1096 1015 1150 1093 9414 0 0 1 2
86 1117 1015 1172 1093 9434 0 0 1 2
86 1138 1015 1192 1093 9454 0 0 1 2
86 1156 1015 1210 1093 9474 0 0 1 2
86 1172 1015 1227 1093 9494 0 0 1 2
86 1198 1023 1245 1093 9514 0 0 1 2
86 1229 1035 1265 1093 9534 0 0 1 2
86 1250 1040 1283 1093 9554 0 0 1 2
86 1269 1040 1301 1093 9574 0 0 1 2
89 671 235 704 313 9842 0 0 1 2
89 688 243 721 321 9862 0 0 1 2
89 704 255 737 334 9882 0 0 1 2
89 719 268 752 346 9902 0 0 1 2
89 733 280 766 359 9922 0 1 1 2
92 9 1807 140 1923 5550 0 0 0 4
92 47 1807 178 1923 5570 0 0 1 4
92 85 1807 216 1923 5590 0 0 0 4
92 111 1807 242 1923 5610 0 0 1 4
92 138 1807 269 1923 5630 0 0 1 4
92 165 1807 296 1923 5650 0 0 1 4
92 194 1782 324 1914 5670 0 0 1 4
92 227 1741 353 1898 5690 0 0 1 4
92 260 1704 382 1877 5710 0 0 1 4
92 294 1671 415 1840 5730 0 0 1 4
92 327 1642 446 1803 5750 0 0 1 4
92 360 1597 475 1754 5770 0 0 1 4
92 389 1535 502 1692 5790 0 0 0 4
92 406 1481 518 1638 5810 0 0 1 4
92 440 1436 553 1593 5830 0 0 1 4
92 497 1399 609 1555 5850 0 0 1 4
92 553 1361 666 1518 5870 0 0 1 4
92 635 1341 748 1498 5890 0 0 1 4
92 708 1341 821 1498 5910 0 0 1 4
92 781 1337 894 1494 5930 0 0 1 4
92 853 1337 966 1494 5950 0 0 1 4
92 908 1349 1021 1506 5970 0 0 1 4
92 945 1382 1057 1539 5990 0 0 1 4
92 966 1415 1090 1576 6010 0 0 1 4
92 974 1448 1117 1617 6030 0 0 1 4
92 979 1489 1134 1667 6050 0 0 1 4
92 986 1531 1141 1712 6070 0 0 1 4
92 995 1572 1150 1754 6090 0 0 0 4
92 1017 1613 1172 1795 6110 0 0 1 4
92 1046 1646 1201 1828 6130 0 0 1 4
92 1077 1659 1232 1840 6150 0 0 1 4
92 1121 1675 1276 1857 6170 0 0 1 4
92 1159 1683 1309 1865 6190 0 0 1 4
93 1138 862 1168 907 4831 0 0 1 2
93 1134 879 1165 924 4851 0 0 1 2
93 1130 895 1161 940 4871 0 0 1 2
93 1128 912 1159 957 4891 0 0 0 2
93 1114 920 1145 965 4911 0 0 1 2
93 1099 928 1130 973 4931 0 0 1 2
93 1085 936 1116 982 4951 0 0 0 2
93 1067 932 1097 978 4971 0 0 1 2
93 1050 932 1081 978 4991 0 0 1 2
93 1034 932 1065 978 5011 0 0 1 2
93 1017 936 1048 982 5031 0 0 1 2
93 1001 936 1034 982 5051 0 0 1 2
93 985 940 1019 986 5071 0 0 1 2
93 968 945 1003 990 5091 0 0 1 2
93 952 949 988 994 5111 0 0 1 2
93 935 953 972 998 5131 0 0 1 2
93 919 953 957 998 5151 0 0 1 2
93 904 957 941 1002 5171 0 0 1 2
93 886 957 924 1002 5191 0 0 1 2
93 868 957 906 1002 5211 0 0 1 2
93 852 957 890 1002 5231 0 0 1 2
93 833 957 872 1002 5251 0 0 1 2
93 815 957 853 1002 5271 0 0 1 2
93 797 957 835 1002 5291 0 0 1 2
93 781 957 819 1002 5311 0 0 1 2
93 762 957 801 1002 5331 0 0 1 2
93 744 957 782 1002 5351 0 0 1 2
93 728 957 766 1002 5371 0 0 1 2
93 711 957 750 1002 5391 0 0 1 2
93 693 957 731 1002 5411 0 0 1 2
93 677 957 715 1002 5431 0 0 1 2
93 660 957 699 1002 5451 0 0 1 2
93 644 957 682 1002 5471 0 0 1 2
93 628 957 666 1002 5491 0 0 1 2
93 609 953 648 1002 5511 0 0 1 2
93 591 953 628 1002 5531 0 0 1 2
93 573 953 608 1002 5551 0 0 1 2
93 555 953 588 1002 5571 0 0 1 2
93 537 953 568 1002 5591 0 0 1 2
93 520 953 551 1002 5611 0 0 1 2
93 504 957 535 1007 5631 0 0 1 2
93 489 961 520 1011 5651 0 0 1 2
93 473 961 504 1011 5671 0 0 1 2
93 457 965 487 1015 5691 0 0 1 2
93 440 969 471 1019 5711 0 0 1 2
93 424 969 455 1019 5731 0 0 1 2
93 407 969 438 1019 5751 0 0 1 2
93 391 969 422 1019 5771 0 0 1 2
93 375 969 406 1019 5791 0 0 1 2
93 358 969 389 1019 5811 0 0 1 2
93 344 969 375 1019 5831 0 0 1 2
93 325 969 356 1019 5851 0 0 1 2
93 307 969 338 1019 5871 0 0 1 2
93 291 969 322 1019 5891 0 0 1 2
93 273 969 304 1019 5911 0 0 1 2
93 254 969 285 1019 5931 0 0 1 2
93 236 969 267 1019 5951 0 0 1 2
93 220 969 251 1019 5971 0 0 1 2
93 202 969 233 1019 5991 0 0 1 2
93 183 969 214 1019 6011 0 0 1 2
93 167 969 198 1019 6031 0 0 1 2
93 151 969 182 1023 6051 0 0 1 2
93 134 969 165 1023 6071 0 0 1 2
93 118 973 149 1027 6091 0 0 1 2
93 101 973 132 1027 6111 0 0 1 2
93 85 973 116 1027 6131 0 0 1 2
93 69 973 100 1027 6151 0 0 1 2
93 52 973 83 1027 6171 0 0 1 2
93 34 973 65 1027 6191 0 0 1 2
93 16 978 47 1031 6211 0 0 1 2
93 0 986 29 1040 6231 0 0 1 2
94 897 916 934 969 5161 0 0 1 2
94 881 916 917 969 5181 0 0 1 2
94 864 916 901 969 5201 0 0 1 2
94 850 916 886 969 5221 0 0 1 2
94 833 916 870 969 5241 0 0 1 2
94 817 916 853 969 5261 0 0 1 2
94 802 920 839 973 5281 0 0 1 2
94 786 920 823 973 5301 0 0 1 2
94 770 920 806 973 5321 0 0 1 2
94 753 920 790 973 5341 0 0 1 2
94 737 924 773 978 5361 0 0 1 2
94 721 924 757 978 5381 0 0 1 2
94 702 924 739 978 5401 0 0 1 2
94 684 924 721 978 5421 0 0 1 2
94 668 924 704 978 5441 0 0 1 2
94 650 924 686 978 5461 0 0 1 2
94 633 924 670 978 5481 0 0 1 2
94 615 920 651 973 5501 0 0 1 2
94 595 920 635 973 5521 0 0 1 2
94 577 920 617 973 5541 0 0 1 2
94 557 920 600 969 5561 0 0 1 2
94 537 920 584 969 5581 0 0 1 2
94 520 920 568 969 5601 0 0 1 2
94 504 920 551 969 5621 0 0 1 2
94 487 924 535 973 5641 0 0 1 2
94 473 924 518 973 5661 0 0 1 2
94 457 928 502 978 5681 0 0 1 2
94 440 928 486 978 5701 0 0 1 2
94 424 932 469 982 5721 0 0 1 2
94 406 932 451 982 5741 0 0 1 2
94 387 932 433 982 5761 0 0 1 2
94 367 932 413 982 5781 0 0 1 2
94 349 932 395 982 5801 0 0 1 2
94 331 932 376 982 5821 0 0 1 2
94 313 932 358 982 5841 0 0 1 2
94 296 932 342 982 5861 0 0 1 2
94 280 932 325 982 5881 0 0 1 2
94 264 932 309 982 5901 0 0 1 2
94 247 932 293 982 5921 0 0 1 2
94 229 932 274 982 5941 0 0 1 2
94 213 932 258 982 5961 0 0 1 2
94 196 932 242 982 5981 0 0 1 2
94 180 932 225 982 6001 0 0 1 2
94 165 932 207 982 6021 0 0 1 2
94 151 932 191 986 6041 0 0 1 2
94 134 936 172 990 6061 0 0 1 2
94 118 936 156 990 6081 0 0 1 2
94 101 936 140 990 6101 0 0 1 2
94 85 940 123 994 6121 0 0 1 2
94 69 940 107 994 6141 0 0 1 2
94 52 945 91 998 6161 0 0 1 2
94 36 949 74 1002 6181 0 0 1 2
94 21 949 58 1002 6201 0 0 1 2
94 5 949 41 1002 6221 0 0 1 2
94 0 953 27 1007 6241 0 0 1 2
95 1108 841 1134 879 4702 0 0 1 2
95 1108 854 1134 891 4722 0 0 1 2
95 1107 866 1132 903 4742 0 0 1 2
95 1105 879 1130 916 4762 0 0 1 2
95 1105 891 1130 928 4782 0 0 1 2
95 1103 903 1128 940 4802 0 0 1 2
95 1103 916 1128 953 4822 0 0 1 2
95 1094 928 1119 965 4842 0 0 1 2
95 1079 936 1105 973 4862 0 0 1 2
95 1065 945 1090 982 4882 0 0 1 2
95 1050 949 1076 986 4902 0 0 1 2
95 1036 949 1061 986 4922 0 0 1 2
95 1021 949 1046 986 4942 0 0 1 2
95 1005 953 1030 990 4962 0 0 1 2
95 988 957 1014 994 4982 0 0 1 2
95 972 965 997 1002 5002 0 0 1 2
95 954 965 983 1002 5022 0 0 1 2
95 937 965 968 1007 5042 0 0 1 2
95 921 965 954 1007 5062 0 0 1 2
95 903 965 939 1007 5082 0 0 1 2
95 886 965 924 1011 5102 0 0 1 2
95 870 965 910 1011 5122 0 0 1 2
95 852 965 895 1015 5142 0 0 1 2
95 835 965 881 1015 5162 0 0 1 2
95 819 965 868 1019 5182 0 0 1 2
95 801 965 853 1019 5202 0 0 1 2
95 784 969 837 1023 5222 0 0 1 2
95 768 969 821 1023 5242 0 0 1 2
95 752 973 804 1027 5262 0 0 1 2
95 735 973 788 1027 5282 0 0 1 2
95 719 978 772 1031 5302 0 0 1 2
95 702 978 755 1031 5322 0 0 1 2
95 686 982 739 1035 5342 0 0 1 2
95 671 982 724 1035 5362 0 0 1 2
95 655 986 708 1040 5382 0 0 1 2
95 639 986 691 1040 5402 0 0 1 2
95 622 990 675 1044 5422 0 0 1 2
95 608 990 660 1044 5442 0 0 1 2
95 591 994 644 1048 5462 0 0 1 2
95 575 994 628 1048 5482 0 0 1 2
95 560 998 611 1052 5502 0 0 1 2
95 544 1002 589 1056 5522 0 0 1 2
95 528 1011 566 1060 5542 0 0 1 2
95 511 1015 544 1064 5562 0 0 1 2
95 495 1015 528 1064 5582 0 0 1 2
95 478 1015 511 1064 5602 0 0 1 2
95 462 1015 495 1064 5622 0 0 1 2
95 446 1011 478 1060 5642 0 0 1 2
95 429 1011 462 1060 5662 0 0 1 2
95 413 1011 446 1060 5682 0 0 1 2
95 396 1011 429 1060 5702 0 0 1 2
95 380 1011 413 1060 5722 0 0 1 2
95 364 1015 396 1064 5742 0 0 1 2
95 347 1015 380 1064 5762 0 0 1 2
95 331 1019 364 1068 5782 0 0 1 2
95 315 1019 347 1068 5802 0 0 1 2
95 298 1023 331 1073 5822 0 0 1 2
95 284 1027 316 1077 5842 0 0 1 2
95 269 1027 302 1077 5862 0 0 1 2
95 253 1031 285 1081 5882 0 0 1 2
95 238 1035 271 1085 5902 0 0 1 2
95 223 1035 256 1085 5922 0 0 1 2
95 205 1035 238 1085 5942 0 0 1 2
95 187 1035 220 1085 5962 0 0 1 2
95 169 1035 202 1085 5982 0 0 1 2
95 154 1040 191 1077 6002 0 0 0 2
95 136 1035 171 1077 6022 0 0 1 2
95 118 1031 152 1081 6042 0 0 1 2
95 101 1031 136 1085 6062 0 0 1 2
95 87 1031 121 1085 6082 0 0 1 2
95 71 1031 105 1085 6102 0 0 1 2
95 52 1031 87 1085 6122 0 0 1 2
95 36 1031 71 1085 6142 0 0 1 2
95 18 1031 52 1085 6162 0 0 1 2
95 0 1027 34 1081 6182 0 0 1 2
95 0 1027 23 1081 6202 0 0 1 2
96 1136 846 1176 891 4708 0 0 1 2
96 1132 862 1172 907 4728 0 0 1 2
96 1128 874 1168 920 4748 0 0 1 2
96 1125 891 1165 936 4768 0 0 1 2
96 1121 907 1161 953 4788 0 0 1 2
96 1119 924 1159 969 4808 0 0 1 2
96 1116 940 1156 986 4828 0 0 1 2
96 1103 949 1143 994 4848 0 0 1 2
96 1088 957 1128 1002 4868 0 0 1 2
96 1074 961 1114 1007 4888 0 0 1 2
96 1056 969 1096 1015 4908 0 0 1 2
96 1037 973 1077 1019 4928 0 0 1 2
96 1019 978 1059 1023 4948 0 0 1 2
96 999 978 1039 1023 4968 0 0 1 2
96 981 978 1021 1023 4988 0 0 1 2
96 965 982 1005 1031 5008 0 0 1 2
96 950 982 992 1035 5028 0 0 1 2
96 935 986 977 1040 5048 0 0 1 2
96 919 986 963 1044 5068 0 0 1 2
96 904 990 948 1048 5088 0 0 1 2
96 890 994 935 1052 5108 0 0 1 2
96 875 994 921 1056 5128 0 0 1 2
96 859 998 906 1060 5148 0 0 1 2
96 844 998 892 1064 5168 0 0 1 2
96 830 1002 879 1068 5188 0 0 1 2
96 815 1007 864 1073 5208 0 0 1 2
96 799 1007 850 1077 5228 0 0 1 2
96 784 1011 835 1081 5248 0 0 1 2
96 768 1011 819 1081 5268 0 0 1 2
96 750 1015 801 1085 5288 0 0 1 2
96 733 1019 784 1089 5308 0 0 1 2
96 717 1019 768 1089 5328 0 0 1 2
96 701 1023 752 1093 5348 0 0 1 2
96 684 1027 735 1097 5368 0 0 1 2
96 666 1027 717 1097 5388 0 0 1 2
96 650 1031 701 1101 5408 0 0 1 2
96 633 1031 684 1101 5428 0 0 1 2
96 617 1035 668 1106 5448 0 0 1 2
96 599 1035 650 1106 5468 0 0 1 2
96 582 1035 633 1106 5488 0 0 1 2
96 566 1040 613 1106 5508 0 0 1 2
96 548 1040 589 1097 5528 0 0 1 2
96 529 1044 566 1093 5548 0 0 1 2
96 511 1048 544 1089 5568 0 0 1 2
96 495 1048 528 1089 5588 0 0 1 2
96 478 1048 511 1089 5608 0 0 1 2
96 464 1048 497 1089 5628 0 0 1 2
96 447 1048 480 1089 5648 0 0 1 2
96 431 1048 464 1089 5668 0 0 1 2
96 415 1048 447 1089 5688 0 0 1 2
96 400 1052 431 1093 5708 0 0 1 2
96 384 1052 415 1097 5728 0 0 1 2
96 367 1052 398 1101 5748 0 0 1 2
96 351 1052 382 1106 5768 0 0 1 2
96 335 1052 365 1110 5788 0 0 1 2
96 318 1052 347 1114 5808 0 0 1 2
96 304 1052 333 1118 5828 0 0 1 2
96 287 1052 316 1118 5848 0 0 1 2
96 271 1052 300 1118 5868 0 0 1 2
96 254 1052 284 1118 5888 0 0 1 2
96 240 1052 269 1118 5908 0 0 1 2
96 223 1056 253 1122 5928 0 0 1 2
96 205 1056 234 1122 5948 0 0 1 2
96 189 1056 218 1122 5968 0 0 1 2
96 171 1056 200 1122 5988 0 0 1 2
96 152 1064 183 1114 6008 0 0 1 2
96 138 1064 171 1110 6028 0 0 1 2
96 123 1064 156 1110 6048 0 0 1 2
96 109 1064 142 1110 6068 0 0 1 2
96 91 1064 123 1110 6088 0 0 1 2
96 74 1064 105 1114 6108 0 0 1 2
96 58 1060 89 1114 6128 0 0 1 2
96 43 1060 74 1114 6148 0 0 1 2
96 27 1060 58 1114 6168 0 0 1 2
96 9 1060 40 1114 6188 0 0 1 2
96 0 1060 25 1114 6208 0 0 1 2
97 1249 1023 1309 1172 6478 0 0 1 2
97 1249 1023 1309 1172 6498 0 0 1 2
97 1245 1015 1300 1134 6518 0 0 1 2
97 1243 1011 1292 1097 6538 0 0 1 2
97 1236 1002 1281 1073 6558 0 0 1 2
97 1223 986 1265 1060 6578 0 0 1 2
97 1210 969 1250 1048 6598 0 0 1 2
97 1196 953 1234 1035 6618 0 0 1 2
97 1183 936 1219 1023 6638 0 0 1 2
97 1170 920 1205 1007 6658 0 0 1 2
97 1159 899 1192 990 6678 0 0 1 2
97 1150 870 1183 961 6698 0 0 1 2
97 1143 846 1176 936 6718 0 0 1 2
97 1134 833 1167 924 6738 0 0 1 2
97 1130 808 1163 899 6758 0 0 1 2
99 1229 895 1298 973 10377 0 0 1 6
99 1218 895 1287 973 10397 0 0 1 6
99 1205 895 1274 973 10417 0 0 1 6
99 1192 895 1261 973 10437 0 0 1 6
99 1181 895 1250 973 10457 0 0 1 6
99 1159 895 1229 973 10477 0 0 1 6
99 1136 895 1205 969 10497 0 0 1 6
99 1119 895 1189 969 10517 0 0 1 6
100 20 1056 71 1126 85 0 0 1 2
100 40 1052 91 1118 105 0 0 1 2
100 67 1064 118 1130 125 0 0 1 2
100 89 1064 138 1130 145 0 0 1 2
100 109 1064 156 1130 165 0 0 1 2
100 134 1064 182 1130 185 0 0 1 2
100 160 1060 207 1126 205 0 0 1 2
100 187 1060 234 1126 225 0 0 1 2
100 213 1060 260 1126 245 0 0 1 2
100 238 1060 285 1126 265 0 0 1 2
100 260 1060 307 1126 285 0 0 1 2
100 282 1064 327 1130 305 0 0 1 2
100 296 1064 342 1130 325 0 0 1 2
100 313 1060 358 1126 345 0 0 1 2
100 335 1060 380 1126 365 0 0 1 2
100 356 1060 402 1126 385 0 0 1 2
100 378 1060 424 1126 405 0 0 1 2
100 400 1060 446 1126 425 0 0 1 2
100 422 1064 467 1130 445 0 0 1 2
100 444 1064 489 1130 465 0 0 1 2
100 462 1068 508 1134 485 0 0 1 2
100 482 1068 528 1134 505 0 0 1 2
100 504 1068 549 1134 525 0 0 1 2
100 526 1068 571 1134 545 0 0 1 2
100 548 1068 593 1134 565 0 0 1 2
100 569 1073 617 1134 585 0 0 1 2
100 591 1073 639 1134 605 0 0 1 2
100 613 1073 660 1134 625 0 0 1 2
100 635 1073 682 1134 645 0 0 1 2
100 657 1073 704 1134 665 0 0 1 2
100 677 1077 726 1139 685 0 0 1 2
100 697 1077 746 1139 705 0 0 1 2
100 717 1077 766 1139 725 0 0 1 2
100 737 1077 786 1139 745 0 0 1 2
100 757 1077 806 1139 765 0 0 1 2
100 779 1077 828 1139 785 0 0 1 2
100 799 1077 848 1139 805 0 0 1 2
100 819 1077 868 1139 825 0 0 1 2
100 839 1077 888 1139 845 0 0 1 2
100 859 1077 908 1139 865 0 0 1 2
100 879 1077 928 1139 885 0 0 1 2
100 901 1077 950 1139 905 0 0 1 2
100 921 1077 970 1139 925 0 0 1 2
100 941 1077 990 1139 945 0 0 1 2
100 961 1077 1010 1139 965 0 0 1 2
100 981 1077 1030 1139 985 0 0 1 2
100 1001 1073 1052 1139 1005 0 0 1 2
100 1023 1068 1074 1147 1025 0 0 1 2
100 1045 1064 1096 1155 1045 0 0 1 2
100 1065 1060 1117 1159 1065 0 0 1 2
100 1079 1060 1132 1159 1085 0 0 1 2
100 1099 1060 1152 1159 1105 0 0 1 2
100 1121 1060 1174 1159 1125 0 0 1 2
100 1143 1056 1196 1155 1145 0 0 1 2
100 1165 1056 1218 1155 1165 0 0 1 2
100 1187 1056 1239 1155 1185 0 0 1 2
100 1209 1056 1261 1155 1205 0 0 1 2
100 1230 1060 1283 1159 1225 0 0 1 2
100 1249 1064 1300 1163 1245 0 0 1 2
101 254 957 327 1056 5 0 0 1 2
101 271 957 345 1056 25 0 0 1 2
101 289 953 362 1052 45 0 0 1 2
101 305 949 380 1048 65 0 0 1 2
101 324 949 398 1048 85 0 0 1 2
101 340 957 415 1056 105 0 0 1 2
101 358 949 433 1048 125 0 0 1 2
101 375 945 449 1044 145 0 0 1 2
101 389 945 464 1044 165 0 0 1 2
101 420 945 495 1044 185 0 0 1 2
101 437 940 511 1040 205 0 0 1 2
101 447 936 522 1035 225 0 0 1 2
101 458 932 533 1031 245 0 0 1 2
101 473 928 548 1027 265 0 0 1 2
101 497 924 571 1023 285 0 0 1 2
101 520 916 595 1015 305 0 0 1 2
101 537 907 611 1007 325 0 0 1 2
101 553 903 628 1002 345 0 0 1 2
101 575 903 650 1002 365 0 0 1 2
101 593 903 668 1002 385 0 0 1 2
101 613 903 688 1002 405 0 0 1 2
101 635 907 710 1007 425 0 0 1 2
101 657 912 731 1011 445 0 0 1 2
101 679 912 753 1011 465 0 0 1 2
101 697 916 772 1015 485 0 0 1 2
101 711 916 786 1011 505 0 0 1 2
101 733 916 804 1011 525 0 0 1 2
101 753 920 824 1011 545 0 0 1 2
101 773 920 843 1007 565 0 0 1 2
101 793 924 861 1007 585 0 0 1 2
101 813 924 881 1002 605 0 0 1 2
101 835 928 899 1002 625 0 0 1 2
101 855 928 917 1002 645 0 0 1 2
101 875 932 935 998 665 0 0 1 2
101 895 932 955 998 685 0 0 1 2
101 915 936 974 998 705 0 0 1 2
101 934 936 992 998 725 0 0 1 2
101 952 936 1010 998 745 0 0 1 2
101 970 936 1028 998 765 0 0 1 2
101 986 936 1045 998 785 0 0 1 2
101 1005 936 1063 998 805 0 0 1 2
101 1023 936 1081 998 825 0 0 1 2
101 1043 932 1101 994 845 0 0 1 2
101 1061 932 1119 994 865 0 0 1 2
101 1081 928 1139 990 885 0 0 1 2
101 1101 928 1159 990 905 0 0 1 2
101 1121 924 1179 986 925 0 0 1 2
101 1141 920 1199 982 945 0 0 1 2
101 1159 920 1218 982 965 0 0 1 2
101 1179 920 1238 982 985 0 0 1 2
101 1194 916 1252 982 1005 0 0 1 2
101 1214 907 1272 990 1025 0 0 1 2
101 1234 895 1292 994 1045 0 0 1 2
101 1250 887 1307 998 1065 0 0 1 2
101 1256 887 1307 998 1085 0 0 1 2
102 837 433 874 503 10165 0 0 1 2
102 844 449 881 520 10185 0 0 1 2
102 852 453 888 524 10205 0 0 1 2
102 857 462 894 532 10225 0 1 1 2
102 864 478 901 548 10245 0 1 1 2
102 872 495 908 565 10265 0 1 1 2
102 877 507 914 577 10285 0 1 1 2
102 884 524 921 594 10305 0 1 1 2
102 892 536 928 606 10325 0 0 1 2
102 901 540 937 610 10345 0 0 1 2
102 912 544 948 614 10365 0 0 1 2
102 921 544 957 614 10385 0 0 1 2
102 932 548 968 619 10405 0 0 1 2
102 941 553 977 623 10425 0 0 1 2
103 1216 1555 1309 1725 6395 0 0 1 4
103 1219 1522 1309 1692 6415 0 0 1 4
103 1221 1489 1307 1659 6435 0 0 1 4
103 1225 1444 1307 1613 6455 0 0 1 4
103 1232 1411 1307 1580 6475 0 0 1 4
103 1212 1378 1307 1543 6495 0 0 1 4
103 1199 1353 1285 1527 6515 0 0 1 4
103 1152 1341 1258 1448 6535 0 0 1 4
103 1094 1349 1199 1456 6555 0 0 1 4
103 1037 1349 1143 1456 6575 0 0 1 4
103 983 1345 1088 1452 6595 0 0 1 4
103 926 1345 1032 1448 6615 0 0 1 4
103 868 1345 975 1448 6635 0 0 1 4
103 810 1345 917 1448 6655 0 0 1 4
103 752 1345 861 1448 6675 0 0 1 4
103 697 1345 806 1448 6695 0 0 1 4
103 642 1345 752 1448 6715 0 0 1 4
103 599 1349 708 1452 6735 0 0 1 4
103 558 1349 668 1456 6755 0 0 1 4
103 524 1353 633 1460 6775 0 0 1 4
103 504 1353 613 1460 6795 0 0 1 4
103 484 1357 593 1465 6815 0 0 1 4
103 466 1361 573 1473 6835 0 0 1 4
103 457 1361 553 1502 6855 0 0 1 4
103 444 1361 531 1527 6875 0 0 1 4
103 415 1378 502 1543 6895 0 0 1 4
103 407 1415 495 1580 6915 0 0 1 4
103 402 1465 489 1630 6935 0 0 1 4
103 386 1514 473 1679 6955 0 0 1 4
103 382 1568 469 1733 6975 0 0 1 4
103 384 1593 471 1758 6995 0 0 1 4
103 382 1601 469 1766 7015 0 0 1 4
103 382 1609 467 1774 7035 0 0 1 4
103 382 1621 467 1782 7055 0 0 1 4
103 382 1630 466 1791 7075 0 0 1 4
103 380 1638 464 1799 7095 0 0 1 4
103 380 1646 464 1807 7115 0 0 1 4
103 380 1659 462 1815 7135 0 0 1 4
103 380 1667 460 1824 7155 0 0 1 4
103 380 1675 460 1832 7175 0 0 1 4
103 384 1696 464 1853 7195 0 0 1 4
103 391 1720 471 1877 7215 0 0 1 4
103 398 1745 478 1902 7235 0 0 1 4
103 407 1770 487 1927 7255 0 0 1 4
103 427 1799 508 1956 7275 0 0 1 4
103 437 1824 517 1968 7295 0 0 1 4
103 442 1848 522 1976 7315 0 0 1 4
103 442 1873 522 1976 7335 0 0 1 4
103 440 1873 518 1972 7355 0 0 1 4
103 438 1865 517 1972 7375 0 0 1 4
103 437 1861 515 1972 7395 0 0 1 4
103 435 1853 513 1972 7415 0 0 1 4
103 433 1848 511 1972 7435 0 0 1 4
103 431 1844 513 1968 7455 0 0 1 4
103 429 1836 518 1968 7475 0 0 1 4
103 429 1832 520 1964 7495 0 0 1 4
103 420 1815 517 1947 7515 0 0 1 4
103 407 1799 511 1939 7535 0 0 1 4
103 396 1782 508 1927 7555 0 0 1 4
103 384 1766 504 1914 7575 0 0 1 4
103 375 1754 497 1902 7595 0 0 1 4
103 367 1737 489 1890 7615 0 0 1 4
103 360 1733 482 1890 7635 0 0 1 4
103 353 1741 475 1898 7655 0 0 1 4
103 347 1749 469 1906 7675 0 0 1 4
103 342 1754 464 1914 7695 0 0 1 4
103 322 1795 444 1956 7715 0 0 1 4
103 284 1803 406 1964 7735 0 0 1 4
103 251 1795 373 1952 7755 0 0 1 4
103 216 1782 338 1939 7775 0 0 1 4
103 171 1774 293 1931 7795 0 0 1 4
103 121 1754 243 1910 7815 0 0 1 4
103 81 1729 203 1886 7835 0 0 1 4
103 40 1704 162 1861 7855 0 0 1 4
106 937 561 968 619 7258 0 0 1 2
106 919 561 950 619 7278 0 0 1 2
106 903 561 934 614 7298 0 0 1 2
106 894 548 924 602 7318 0 0 1 2
106 892 536 923 590 7338 0 0 1 2
106 894 524 924 577 7358 0 0 1 2
106 888 511 919 565 7378 0 0 1 2
106 881 499 912 553 7398 0 0 1 2
106 874 486 904 540 7418 0 0 1 2
106 868 474 899 528 7438 0 0 1 2
106 861 462 892 515 7458 0 0 1 2
106 855 449 886 503 7478 0 0 1 2
106 841 433 872 486 7498 0 0 1 2
106 830 408 868 478 7518 0 0 1 2
106 817 383 863 466 7538 0 1 1 2
106 808 371 853 453 7558 0 1 1 2
106 799 359 844 441 7578 0 1 1 2
106 790 346 835 429 7598 0 1 1 2
106 779 338 824 420 7618 0 1 1 2
106 770 326 815 408 7638 0 1 1 2
106 761 313 806 396 7658 0 1 1 2
106 752 301 797 383 7678 0 1 1 2
106 742 288 788 371 7698 0 1 1 2
106 730 276 775 359 7718 0 1 1 2
106 715 268 761 350 7738 0 1 1 2
106 701 255 746 338 7758 0 0 1 2
106 682 243 728 326 7778 0 0 0 2
106 673 231 719 313 7798 0 0 1 2
107 1249 965 1301 1023 879 0 0 1 2
107 1227 969 1280 1027 899 0 0 1 2
107 1207 978 1260 1035 919 0 0 1 2
107 1185 982 1238 1040 939 0 0 1 2
107 1165 990 1218 1048 959 0 0 1 2
107 1145 994 1198 1052 979 0 0 1 2
107 1123 998 1176 1056 999 0 0 1 2
107 1099 994 1154 1064 1019 0 0 1 2
107 1077 990 1130 1073 1039 0 0 1 2
107 1054 986 1108 1081 1059 0 0 1 2
107 1028 1007 1083 1106 1079 0 0 1 2
107 1005 1023 1057 1122 1099 0 0 1 2
107 985 1027 1037 1130 1119 0 0 1 2
107 965 1031 1017 1134 1139 0 0 1 2
107 945 1035 997 1139 1159 0 0 1 2
107 924 1040 977 1143 1179 0 0 1 2
107 906 1044 959 1147 1199 0 0 1 2
107 874 1060 926 1163 1219 0 0 1 2
107 861 1056 914 1159 1239 0 0 1 2
107 850 1052 903 1155 1259 0 0 1 2
107 830 1052 883 1155 1279 0 0 1 2
107 810 1052 863 1155 1299 0 0 1 2
107 779 1052 832 1155 1319 0 0 1 2
107 764 1060 817 1163 1339 0 0 1 2
107 741 1060 793 1163 1359 0 0 1 2
107 711 1060 764 1163 1379 0 0 1 2
107 668 1040 721 1143 1399 0 0 1 2
107 655 1048 708 1151 1419 0 0 1 2
107 633 1048 686 1151 1439 0 0 1 2
107 611 1048 664 1151 1459 0 0 1 2
107 588 1060 640 1163 1479 0 0 1 2
107 560 1064 611 1167 1499 0 0 1 2
107 537 1060 588 1159 1519 0 0 1 2
107 513 1056 564 1151 1539 0 0 1 2
107 489 1052 538 1147 1559 0 0 1 2
107 466 1048 515 1139 1579 0 0 1 2
107 442 1044 491 1130 1599 0 0 1 2
107 418 1044 466 1126 1619 0 0 1 2
107 395 1040 442 1118 1639 0 0 1 2
107 369 1035 418 1114 1659 0 0 1 2
107 345 1031 393 1106 1679 0 0 1 2
107 322 1027 369 1097 1699 0 0 1 2
107 298 1027 345 1093 1719 0 0 1 2
107 274 1023 320 1085 1739 0 0 1 2
107 253 1023 298 1085 1759 0 0 1 2
107 233 1027 278 1089 1779 0 0 1 2
107 213 1031 258 1093 1799 0 0 1 2
107 193 1031 238 1093 1819 0 0 1 2
107 172 1035 218 1097 1839 0 0 1 2
107 151 1040 196 1101 1859 0 0 1 2
107 131 1048 176 1110 1879 0 0 1 2
107 109 1056 154 1118 1899 0 0 1 2
107 89 1064 134 1126 1919 0 0 1 2
107 67 1073 111 1134 1939 0 0 1 2
107 49 1073 87 1134 1959 0 0 1 2
107 30 1077 61 1139 1979 0 0 1 2
107 12 1081 36 1143 1999 0 0 1 2
108 1241 924 1289 982 1591 0 0 1 1
108 1170 899 1219 969 1611 0 0 1 1
108 1138 879 1187 953 1631 0 0 1 1
109 1258 986 1283 1044 2191 0 0 0 2
109 1236 986 1261 1044 2211 0 0 1 2
109 1216 986 1241 1044 2231 0 0 1 2
109 1196 986 1221 1044 2251 0 0 1 2
109 1176 986 1201 1044 2271 0 0 1 2
109 1156 986 1181 1044 2291 0 0 1 2
109 1134 986 1159 1044 2311 0 0 1 2
109 1114 986 1139 1044 2331 0 0 1 2
109 1094 990 1119 1048 2351 0 0 1 2
109 1074 990 1099 1048 2371 0 0 1 2
109 1054 990 1079 1048 2391 0 0 1 2
109 1034 990 1059 1048 2411 0 0 1 2
109 1012 990 1037 1048 2431 0 0 1 2
109 992 990 1017 1048 2451 0 0 1 2
109 972 990 997 1048 2471 0 0 1 2
109 952 990 977 1048 2491 0 0 1 2
109 930 990 955 1048 2511 0 0 1 2
109 910 986 935 1044 2531 0 0 0 2
111 5 1366 87 1460 9598 0 0 1 4
111 25 1366 118 1460 9618 0 0 1 4
111 45 1366 151 1460 9638 0 0 1 4
111 74 1366 191 1460 9658 0 0 1 4
111 121 1370 247 1460 9678 0 0 1 4
111 172 1374 302 1465 9698 0 0 1 4
111 223 1378 353 1469 9718 0 0 1 4
111 273 1374 402 1465 9738 0 0 1 4
111 318 1374 447 1465 9758 0 0 1 4
111 356 1374 486 1465 9778 0 0 1 4
111 387 1374 517 1465 9798 0 0 1 4
111 415 1374 544 1465 9818 0 0 1 4
111 462 1370 591 1460 9838 0 0 1 4
111 511 1370 640 1460 9858 0 0 1 4
111 558 1370 688 1460 9878 0 0 1 4
111 617 1370 746 1460 9898 0 0 1 4
111 688 1370 817 1460 9918 0 0 1 4
111 759 1370 888 1460 9938 0 0 1 4
111 832 1370 961 1460 9958 0 0 1 4
111 881 1361 1010 1452 9978 0 0 1 4
111 906 1366 1036 1456 9998 0 0 1 4
111 934 1357 1059 1477 10018 0 0 1 4
111 959 1341 1081 1494 10038 0 0 1 4
111 986 1328 1103 1514 10058 0 0 1 4
111 1003 1382 1119 1572 10078 0 0 1 4
111 1014 1469 1127 1659 10098 0 0 1 4
111 1012 1510 1114 1700 10118 0 0 1 4
111 1014 1539 1108 1729 10138 0 0 1 4
111 1021 1551 1116 1741 10158 0 0 1 4
111 1028 1584 1123 1774 10178 0 0 1 4
111 1037 1588 1125 1778 10198 0 0 1 4
111 1048 1597 1136 1782 10218 0 0 1 4
111 1059 1605 1148 1795 10238 0 0 1 4
111 1065 1609 1159 1799 10258 0 0 1 4
111 1074 1613 1168 1803 10278 0 0 1 4
111 1076 1621 1174 1803 10298 0 0 1 4
111 1070 1638 1179 1803 10318 0 0 1 4
111 1068 1646 1183 1803 10338 0 0 1 4
111 1070 1646 1189 1803 10358 0 0 1 4
111 1067 1650 1196 1807 10378 0 0 1 4
111 1059 1650 1201 1803 10398 0 0 1 4
111 1057 1646 1198 1795 10418 0 0 1 4
111 1059 1642 1196 1791 10438 0 0 1 4
111 1067 1646 1199 1795 10458 0 0 1 4
111 1085 1654 1216 1803 10478 0 0 1 4
111 1103 1663 1232 1807 10498 0 0 1 4
111 1134 1671 1256 1820 10518 0 0 1 4
111 1167 1679 1280 1832 10538 0 0 1 4
111 1201 1683 1305 1840 10558 0 0 1 4
112 1238 924 1283 990 9123 0 0 1 2
112 1209 916 1254 982 9143 0 0 1 2
112 1181 903 1227 969 9163 0 0 1 2
112 1159 891 1205 957 9183 0 0 1 2
112 1139 870 1185 936 9203 0 0 1 2
