0 674 493 718 577 0 0 0 0 2
0 682 464 727 549 20 0 0 1 2
0 692 436 737 521 40 0 0 1 2
0 702 412 747 497 60 0 0 0 2
0 722 396 767 480 80 0 0 1 2
0 743 388 787 472 100 0 0 1 2
0 763 375 807 460 120 0 0 1 2
0 785 367 829 456 140 0 0 1 2
0 809 363 853 452 160 0 0 1 2
0 833 359 878 444 180 0 0 1 2
0 855 351 900 440 200 0 0 1 2
0 878 351 922 440 220 0 0 1 2
0 898 347 942 436 240 0 0 1 2
0 920 347 964 436 260 0 0 1 2
0 940 343 984 432 280 0 0 1 2
0 960 339 1004 428 300 0 0 1 2
0 982 339 1027 428 320 0 0 1 2
0 1002 335 1047 424 340 0 0 1 2
0 1025 335 1069 424 360 0 0 1 2
0 1043 335 1087 424 380 0 0 1 2
0 1061 335 1105 424 400 0 0 1 2
0 1079 335 1123 424 420 0 0 1 2
0 1097 335 1141 424 440 0 0 1 2
0 1115 335 1160 424 460 0 0 1 2
0 1133 335 1178 424 480 0 0 1 2
0 1151 335 1196 424 500 0 0 0 2
0 1149 339 1228 452 520 0 0 0 2
0 1162 335 1240 448 540 0 0 1 2
0 1174 335 1252 448 560 0 0 0 2
1 215 731 302 820 6 0 0 1 1
1 114 731 201 820 26 0 0 1 1
1 16 731 102 820 46 0 0 1 1
2 2 751 70 832 368 0 0 1 1
2 62 755 155 836 388 0 0 1 1
2 138 755 231 836 408 0 0 1 1
2 217 755 310 836 428 0 0 1 1
2 296 755 388 836 448 0 0 1 1
2 374 755 467 836 468 0 0 1 1
2 447 739 533 820 488 0 0 1 1
2 513 711 592 800 508 0 0 1 1
2 565 662 636 755 528 0 0 1 1
3 662 945 702 1050 16 0 0 1 1
3 664 901 704 1006 36 0 0 1 1
3 664 852 704 957 56 0 0 1 1
3 652 800 692 905 76 0 0 1 1
3 640 743 680 848 96 0 0 1 1
3 634 683 674 788 116 0 0 1 1
3 630 610 670 715 136 0 0 1 1
3 638 537 678 642 156 0 0 1 1
3 646 460 686 565 176 0 0 1 1
3 656 383 696 489 196 0 0 1 1
3 660 307 700 412 216 0 0 1 1
3 662 230 702 335 236 0 0 1 1
3 666 157 706 262 256 0 0 1 1
3 668 80 708 185 276 0 0 1 1
3 670 8 710 109 296 0 0 1 1
4 704 990 747 1087 2 0 0 1 1
4 706 937 751 1034 22 0 0 1 1
4 710 885 755 982 42 0 0 1 1
4 704 844 749 941 62 0 0 1 1
4 692 808 737 905 82 0 0 1 1
4 682 771 727 868 102 0 0 1 1
4 664 723 708 820 122 0 0 1 1
4 648 662 692 759 142 0 0 1 1
4 644 590 688 687 162 0 0 1 1
4 656 513 700 610 182 0 0 1 1
4 670 436 714 533 202 0 0 1 1
4 674 359 718 456 222 0 0 1 1
4 676 278 720 375 242 0 0 1 1
4 680 198 725 295 262 0 0 1 1
4 682 117 727 214 282 0 0 1 1
4 690 32 735 129 302 0 0 1 1
4 712 868 757 965 531 0 0 0 1
5 443 1879 489 1931 204 0 1 1 2
5 455 1867 501 1927 224 0 1 1 2
5 469 1855 515 1927 244 0 1 1 2
5 483 1843 529 1915 264 0 0 1 2
5 499 1834 545 1907 284 0 0 1 2
5 509 1822 555 1895 304 0 0 1 2
5 517 1814 559 1887 324 0 0 1 2
5 525 1798 567 1871 344 0 0 1 2
5 527 1790 569 1863 364 0 0 1 2
5 527 1790 569 1863 384 0 0 1 2
5 527 1790 569 1863 404 0 0 1 2
5 525 1790 569 1863 424 0 0 1 2
5 525 1786 567 1859 444 0 0 1 2
5 525 1786 567 1859 464 0 0 1 2
5 523 1786 567 1859 484 0 0 1 2
5 523 1786 567 1859 504 0 0 1 2
5 523 1786 567 1859 524 0 0 1 2
12 698 198 737 295 5 0 0 1 2
12 700 169 739 266 25 0 0 1 2
12 702 145 741 238 45 0 0 1 2
12 704 121 743 214 65 0 0 1 2
12 706 92 745 185 85 0 0 1 2
12 708 68 747 157 105 0 0 1 2
12 712 40 751 133 125 0 0 1 2
12 714 16 753 105 145 0 0 1 2
12 716 0 755 76 165 0 0 1 2
12 716 0 755 52 185 0 0 1 2
13 696 610 739 711 17 0 0 1 2
13 690 573 733 674 37 0 0 1 2
13 686 533 729 638 57 0 0 1 2
13 684 497 727 602 77 0 0 1 2
13 686 460 729 565 97 0 0 1 2
13 688 420 731 525 117 0 0 1 2
13 690 383 733 489 137 0 0 1 2
13 696 351 739 456 157 0 0 1 2
13 702 319 745 424 177 0 0 1 2
13 708 286 751 392 197 0 0 1 2
13 708 250 751 355 217 0 0 1 2
13 708 214 751 319 237 0 0 1 2
13 712 181 755 286 257 0 0 1 2
13 716 145 759 250 277 0 0 1 2
13 720 109 763 214 297 0 0 1 2
13 725 68 767 173 317 0 0 1 2
13 727 32 769 137 337 0 0 1 2
13 731 4 773 92 357 0 0 1 2
13 731 0 773 44 377 0 0 1 2
15 52 824 120 929 4 0 0 1 1
15 126 824 195 929 24 0 0 1 1
15 203 824 271 929 44 0 0 1 1
15 283 824 352 929 64 0 0 1 1
15 368 820 437 925 84 0 0 1 1
15 451 820 519 925 104 0 0 1 1
15 525 824 594 929 124 0 0 1 1
15 606 820 674 925 144 0 0 1 1
15 682 808 751 913 164 0 0 1 1
15 735 808 803 913 184 0 0 1 1
15 795 804 863 909 204 0 0 1 1
15 863 796 932 901 224 0 0 1 1
15 934 784 1002 889 244 0 0 1 1
15 1006 771 1075 877 264 0 0 1 1
15 1075 771 1143 877 284 0 0 1 1
15 1141 780 1210 885 304 0 0 1 1
15 1210 784 1278 889 324 0 0 1 1
15 1278 792 1347 897 344 0 0 1 1
15 1355 800 1423 905 364 0 0 1 1
16 509 699 573 812 503 0 0 1 2
16 567 670 632 784 523 0 0 1 2
16 598 622 662 735 543 0 0 1 2
16 616 561 680 674 563 0 0 1 2
17 646 771 692 856 9 0 0 1 2
17 644 792 690 881 29 0 0 1 2
17 642 816 688 905 49 0 0 1 2
17 640 840 686 929 69 0 0 0 2
17 650 848 696 937 89 0 0 1 2
17 660 860 706 949 109 0 0 1 2
17 664 889 710 978 129 0 0 1 2
17 664 913 710 1002 149 0 0 1 2
17 658 933 704 1022 169 0 0 1 2
17 648 957 694 1046 189 0 0 1 2
17 640 986 686 1075 209 0 0 1 2
17 634 1006 680 1095 229 0 0 1 2
17 632 1030 678 1119 249 0 0 1 2
17 632 1050 678 1139 269 0 0 1 2
17 630 1071 676 1159 289 0 0 1 2
17 628 1091 674 1180 309 0 0 1 2
17 626 1115 672 1204 329 0 0 1 2
17 624 1135 670 1224 349 0 0 1 2
17 624 1159 670 1248 369 0 0 1 2
17 624 1184 670 1273 389 0 0 1 2
17 624 1204 670 1293 409 0 0 1 2
17 626 1228 672 1317 429 0 0 1 2
17 626 1252 672 1341 449 0 0 1 2
17 626 1277 672 1366 469 0 0 1 2
17 626 1297 672 1386 489 0 0 1 2
17 622 1313 678 1418 509 0 0 1 2
17 618 1321 684 1450 529 0 0 1 2
17 620 1337 686 1467 549 0 0 1 2
17 622 1353 688 1483 569 0 0 1 2
18 767 1879 811 1927 219 0 0 1 2
18 767 1859 807 1923 239 0 0 1 2
18 767 1834 807 1911 259 0 0 1 2
18 767 1814 807 1891 279 0 0 1 2
18 767 1794 807 1871 299 0 0 1 2
18 767 1774 807 1851 319 0 0 1 2
18 767 1754 807 1830 339 0 0 1 2
18 767 1729 807 1806 359 0 0 1 2
18 767 1709 807 1786 379 0 0 1 2
18 767 1689 807 1766 399 0 0 1 2
18 767 1669 807 1746 419 0 0 1 2
18 767 1644 807 1721 439 0 0 1 2
18 767 1624 807 1701 459 0 0 1 2
18 767 1604 807 1681 479 0 0 1 2
18 767 1584 807 1661 499 0 0 1 2
18 761 1547 821 1669 519 0 0 1 2
18 755 1515 817 1640 539 0 0 1 2
18 747 1495 809 1620 559 0 0 1 2
19 1192 784 1226 856 5 0 0 1 2
19 1170 784 1204 856 25 0 0 1 2
19 1147 784 1182 856 45 0 0 1 2
19 1125 784 1160 856 65 0 0 1 2
19 1101 784 1135 856 85 0 0 1 2
19 1079 780 1113 852 105 0 0 1 2
19 1057 780 1091 852 125 0 0 1 2
19 1035 780 1069 852 145 0 0 1 2
19 1012 780 1047 852 165 0 0 1 2
19 990 780 1025 852 185 0 0 1 2
19 968 776 1002 848 205 0 0 1 2
19 946 776 980 848 225 0 0 1 2
19 924 776 958 848 245 0 0 1 2
19 902 776 936 848 265 0 0 1 2
19 880 776 914 848 285 0 0 1 2
19 861 784 896 856 305 0 0 1 2
19 843 788 878 860 325 0 0 1 2
19 827 796 861 868 345 0 0 1 2
19 809 800 843 873 365 0 0 1 2
19 791 808 825 881 385 0 0 1 2
19 777 828 811 901 405 0 0 1 2
19 765 848 799 921 425 0 0 1 2
19 759 868 793 941 445 0 0 1 2
19 755 889 791 961 465 0 0 1 2
19 751 905 787 978 485 0 0 1 2
19 747 925 787 1002 505 0 0 1 2
19 745 949 791 1034 525 0 0 1 2
19 745 974 791 1058 545 0 0 1 2
19 743 990 789 1075 565 0 0 1 2
20 1180 755 1216 820 11 0 0 1 2
20 1157 755 1194 820 31 0 0 1 2
20 1135 755 1172 820 51 0 0 1 2
20 1113 755 1149 820 71 0 0 1 2
20 1091 755 1127 820 91 0 0 1 2
20 1069 755 1105 820 111 0 0 1 2
20 1047 755 1083 820 131 0 0 1 2
20 1023 755 1059 820 151 0 0 1 2
20 1000 755 1037 820 171 0 0 1 2
20 978 755 1015 820 191 0 0 1 2
20 956 755 992 820 211 0 0 1 2
20 934 755 970 820 231 0 0 1 2
20 912 755 948 820 251 0 0 1 2
20 890 755 926 820 271 0 0 1 2
20 865 755 902 820 291 0 0 1 2
20 841 763 878 828 311 0 0 1 2
20 817 771 853 836 331 0 0 1 2
20 797 780 833 844 351 0 0 1 2
20 783 800 819 864 371 0 0 1 2
20 769 816 805 881 391 0 0 1 2
20 755 832 791 897 411 0 0 1 2
20 741 848 777 913 431 0 0 1 2
20 733 868 769 933 451 0 0 1 2
20 729 889 765 953 471 0 0 1 2
20 722 909 759 974 491 0 0 1 2
20 718 921 759 994 511 0 0 1 2
20 718 933 759 1018 531 0 0 1 2
20 720 957 761 1042 551 0 0 1 2
20 720 986 761 1071 571 0 0 1 2
21 624 20 684 105 510 0 0 1 1
21 628 68 690 177 530 0 0 1 1
21 628 133 690 242 550 0 0 1 1
21 630 169 692 311 570 0 0 1 1
22 620 28 668 121 309 0 0 1 1
22 628 113 676 210 329 0 0 1 1
22 634 198 682 295 349 0 0 1 1
22 642 286 690 383 369 0 0 1 1
22 650 375 698 472 389 0 0 0 1
22 642 448 690 545 409 0 0 1 1
22 634 525 682 622 429 0 0 1 1
22 626 602 674 699 449 0 0 1 1
22 626 674 674 771 469 0 0 1 1
22 648 735 696 832 489 0 0 1 1
22 662 788 720 893 509 0 0 1 1
22 666 848 735 965 529 0 0 1 1
22 662 933 731 1050 549 0 0 1 1
22 648 1006 716 1123 569 0 0 1 1
23 138 800 173 868 15 0 0 1 2
23 165 800 199 873 35 0 0 1 2
23 193 804 227 873 55 0 0 1 2
23 219 804 253 877 75 0 0 1 2
23 245 808 279 881 95 0 0 1 2
23 273 808 308 881 115 0 0 1 2
23 300 808 334 881 135 0 0 1 2
23 328 808 362 881 155 0 0 1 2
23 356 808 390 881 175 0 0 1 2
23 384 812 418 885 195 0 0 1 2
23 412 812 447 885 215 0 0 1 2
23 437 816 471 889 235 0 0 1 2
23 457 820 491 893 255 0 0 1 2
23 479 820 513 893 275 0 0 1 2
23 491 824 527 897 295 0 0 1 2
23 503 828 537 901 315 0 0 1 2
23 515 832 551 905 335 0 0 1 2
23 531 832 567 905 355 0 0 1 2
23 549 832 586 905 375 0 0 1 2
23 567 836 604 909 395 0 0 1 2
23 584 844 620 917 415 0 0 1 2
23 600 852 636 925 435 0 0 1 2
23 616 860 652 933 455 0 0 1 2
23 622 864 658 937 475 0 0 1 2
23 626 864 662 937 495 0 0 1 2
23 626 864 664 933 515 0 0 1 2
23 622 864 668 933 535 0 0 1 2
23 622 860 670 925 555 0 0 1 2
24 118 780 153 836 1 0 0 1 2
24 145 780 179 836 21 0 0 1 2
24 171 784 205 840 41 0 0 1 2
24 197 784 231 840 61 0 0 1 2
24 223 788 257 844 81 0 0 1 2
24 249 788 283 844 101 0 0 1 2
24 275 792 310 848 121 0 0 1 2
24 302 792 336 848 141 0 0 1 2
24 328 796 364 852 161 0 0 1 2
24 354 796 390 852 181 0 0 1 2
24 378 800 414 856 201 0 0 1 2
24 400 800 437 856 221 0 0 1 2
24 424 804 461 860 241 0 0 1 2
24 447 804 483 860 261 0 0 1 2
24 467 808 503 864 281 0 0 1 2
24 481 812 517 868 301 0 0 1 2
24 497 816 533 873 321 0 0 1 2
24 511 820 547 877 341 0 0 1 2
24 525 824 561 881 361 0 0 1 2
24 541 828 577 885 381 0 0 1 2
24 559 828 596 885 401 0 0 1 2
24 577 832 614 889 421 0 0 1 2
24 596 840 632 897 441 0 0 1 2
24 612 844 648 901 461 0 0 1 2
24 620 844 656 901 481 0 0 1 2
24 636 848 670 905 501 0 0 1 2
24 646 856 684 917 521 0 0 1 2
24 654 864 696 933 541 0 0 1 2
24 660 873 704 941 561 0 0 1 2
25 718 1838 781 1935 550 0 0 1 1
25 718 1838 781 1935 570 0 0 1 1
28 1172 408 1208 489 15 0 0 1 2
28 1157 408 1194 489 35 0 0 1 2
28 1143 404 1180 485 55 0 0 1 2
28 1129 400 1166 480 75 0 0 1 2
28 1115 400 1151 480 95 0 0 1 2
28 1101 396 1137 476 115 0 0 1 2
28 1087 396 1123 476 135 0 0 1 2
28 1073 392 1109 472 155 0 0 1 2
28 1059 392 1095 472 175 0 0 0 2
28 1043 388 1079 468 195 0 0 1 2
28 1027 388 1063 468 215 0 0 1 2
28 1010 383 1047 468 235 0 0 1 2
28 994 383 1031 468 255 0 0 1 2
28 978 379 1015 464 275 0 0 1 2
28 958 375 994 460 295 0 0 1 2
28 936 371 972 456 315 0 0 1 2
28 916 371 952 456 335 0 0 1 2
28 890 371 926 456 355 0 0 1 2
28 863 371 900 456 375 0 0 1 2
28 839 371 876 460 395 0 0 1 2
28 817 375 853 464 415 0 0 1 2
28 795 379 831 468 435 0 0 1 2
28 771 383 807 472 455 0 0 1 2
28 749 392 785 480 475 0 0 1 2
28 725 404 761 493 495 0 0 1 2
28 694 392 737 497 515 0 0 1 2
28 670 400 714 509 535 0 0 1 2
28 656 420 700 529 555 0 0 1 2
31 725 824 761 881 33 0 0 1 2
31 725 796 759 852 53 0 0 1 2
31 722 771 757 828 73 0 0 1 2
31 720 743 757 800 93 0 0 1 2
31 718 719 755 776 113 0 0 1 2
31 718 691 755 747 133 0 0 1 2
31 712 666 747 723 153 0 0 1 2
31 702 634 737 691 173 0 0 1 2
31 698 606 733 662 193 0 0 1 2
31 696 577 733 634 213 0 0 1 2
31 692 553 729 610 233 0 0 1 2
31 688 525 725 582 253 0 0 1 2
31 686 501 722 557 273 0 0 1 2
31 688 476 722 533 293 0 0 1 2
31 702 452 737 509 313 0 0 1 2
31 718 432 755 489 333 0 0 1 2
31 741 420 777 476 353 0 0 1 2
31 761 408 797 464 373 0 0 1 2
31 783 396 819 452 393 0 0 1 2
31 807 388 843 444 413 0 0 1 2
31 829 379 865 436 433 0 0 1 2
31 853 375 890 432 453 0 0 1 2
31 880 375 916 432 473 0 0 1 2
31 906 375 942 432 493 0 0 1 2
31 928 375 972 432 513 0 0 1 2
31 950 375 998 436 533 0 0 1 2
31 974 375 1023 436 553 0 0 1 2
31 988 379 1037 440 573 0 0 0 2
32 708 844 739 901 19 0 0 1 2
32 704 820 735 877 39 0 0 1 2
32 702 792 733 848 59 0 0 1 2
32 698 763 729 820 79 0 0 1 2
32 694 739 725 796 99 0 0 1 2
32 692 711 722 767 119 0 0 1 2
32 686 683 716 739 139 0 0 1 2
32 682 658 712 715 159 0 0 1 2
32 678 630 708 687 179 0 0 1 2
32 674 602 704 658 199 0 0 1 2
32 670 577 700 634 219 0 0 1 2
32 668 549 698 606 239 0 0 1 2
32 668 525 698 582 259 0 0 1 2
32 668 497 698 553 279 0 0 1 2
32 674 468 702 525 299 0 0 1 2
32 686 436 714 493 319 0 0 1 2
32 704 424 735 480 339 0 0 0 2
32 729 404 757 460 359 0 0 1 2
32 753 388 781 444 379 0 0 1 2
32 777 371 805 428 399 0 0 1 2
32 801 359 829 416 419 0 0 1 2
32 827 355 855 412 439 0 0 1 2
32 857 351 886 408 459 0 0 1 2
32 884 351 912 408 479 0 0 1 2
32 910 351 938 408 499 0 0 1 2
32 908 331 958 404 519 0 0 1 2
32 940 331 992 404 539 0 0 1 2
32 976 331 1029 404 559 0 0 1 2
33 716 1240 767 1329 5 0 0 1 2
33 716 1216 767 1305 25 0 0 1 2
33 716 1192 767 1281 45 0 0 1 2
33 716 1172 767 1261 65 0 0 1 2
33 716 1147 767 1236 85 0 0 1 2
33 716 1123 767 1212 105 0 0 1 2
33 716 1099 767 1188 125 0 0 1 2
33 716 1075 767 1164 145 0 0 1 2
33 716 1050 767 1139 165 0 0 1 2
33 716 1026 767 1115 185 0 0 1 2
33 716 1006 767 1095 205 0 0 1 2
33 714 982 767 1071 225 0 0 1 2
33 712 957 765 1046 245 0 0 1 2
33 708 933 761 1022 265 0 0 1 2
33 706 909 759 998 285 0 0 1 2
33 702 885 755 974 305 0 0 1 2
33 698 860 751 949 325 0 0 1 2
33 696 836 749 925 345 0 0 1 2
33 692 812 745 901 365 0 0 1 2
33 690 792 743 881 385 0 0 1 2
33 686 767 739 856 405 0 0 1 2
33 684 743 737 832 425 0 0 1 2
33 680 719 733 808 445 0 0 1 2
33 676 699 729 788 465 0 0 1 2
33 674 674 727 763 485 0 0 1 2
33 674 654 727 739 505 0 0 1 2
33 678 638 735 719 525 0 0 1 2
33 678 614 735 695 545 0 0 1 2
33 674 594 731 674 565 0 0 1 2
34 72 658 116 739 11 0 0 1 2
34 100 658 145 739 31 0 0 1 2
34 128 658 173 739 51 0 0 1 2
34 157 658 201 739 71 0 0 1 2
34 183 658 227 739 91 0 0 1 2
34 211 658 255 739 111 0 0 1 2
34 239 658 283 739 131 0 0 1 2
34 267 658 312 739 151 0 0 1 2
34 296 658 340 739 171 0 0 1 2
34 324 658 368 739 191 0 0 1 2
34 350 658 394 739 211 0 0 1 2
34 378 658 422 739 231 0 0 1 2
34 406 658 451 739 251 0 0 1 2
34 435 658 479 739 271 0 0 1 2
34 463 658 507 739 291 0 0 1 2
34 491 658 535 739 311 0 0 1 2
34 517 658 561 739 331 0 0 1 2
34 547 662 592 743 351 0 0 1 2
34 575 666 620 747 371 0 0 1 2
34 606 666 650 747 391 0 0 1 2
34 636 670 680 751 411 0 0 1 2
34 664 670 708 751 431 0 0 1 2
34 694 674 739 755 451 0 0 1 2
34 722 679 767 759 471 0 0 1 2
34 753 679 797 759 491 0 0 1 2
34 779 683 839 763 511 0 0 1 2
34 813 683 886 767 531 0 0 1 2
34 831 687 904 771 551 0 0 1 2
34 831 687 904 771 571 0 0 1 2
