0 1360 1073 1394 1131 1761 0 1 0 2
0 1346 1073 1380 1131 1781 0 1 1 2
0 1332 1077 1368 1135 1801 0 1 0 2
0 1320 1077 1356 1135 1821 0 1 1 2
0 1310 1077 1346 1135 1841 0 1 1 2
1 858 1333 902 1428 1070 0 0 0 1
1 816 1329 860 1424 1090 0 0 1 1
1 774 1325 818 1420 1110 0 0 1 1
1 734 1325 778 1416 1130 0 0 0 1
1 709 1304 752 1395 1150 0 0 1 1
1 681 1292 724 1383 1170 0 0 1 1
1 653 1288 697 1379 1190 0 0 0 1
1 631 1263 675 1354 1210 0 0 1 1
1 611 1242 655 1333 1230 0 0 0 1
1 579 1234 623 1325 1250 0 0 1 1
1 545 1213 589 1304 1270 0 0 1 1
1 509 1185 553 1275 1290 0 0 0 1
1 487 1135 531 1226 1310 0 0 1 1
1 466 1090 509 1180 1330 0 0 0 1
1 414 1061 458 1152 1350 0 0 1 1
1 366 1044 410 1135 1370 0 0 1 1
1 326 1036 370 1127 1390 0 0 1 1
1 288 1028 332 1119 1410 0 0 1 1
1 254 1011 298 1102 1430 0 0 0 1
1 209 999 252 1090 1450 0 0 1 1
1 165 986 209 1077 1470 0 0 1 1
1 121 974 165 1065 1490 0 0 1 1
1 71 974 121 1057 1510 0 0 0 1
1 31 974 81 1065 1530 0 0 0 1
3 23 1003 83 1090 1691 0 0 0 1
3 183 1040 242 1131 1711 0 1 1 1
3 338 1085 398 1176 1731 0 1 1 1
3 466 1160 525 1251 1751 0 0 0 1
3 519 1205 579 1296 1771 0 1 0 1
3 599 1275 659 1366 1791 0 1 1 1
3 669 1329 728 1420 1811 0 0 1 1
3 713 1399 772 1490 1831 0 0 1 1
3 738 1511 798 1602 1851 0 0 0 1
3 746 1614 806 1705 1871 0 0 1 1
3 756 1721 816 1812 1891 0 0 0 1
3 748 1816 808 1907 1911 0 0 0 1
4 25 1048 71 1127 1941 0 1 0 1
5 1141 999 1196 1114 831 0 0 0 2
5 1149 982 1206 1098 851 0 0 1 2
5 1159 966 1216 1081 871 0 0 1 2
5 1169 949 1226 1065 891 0 0 1 2
5 1177 933 1236 1048 911 0 0 1 2
5 1189 916 1248 1028 931 0 0 1 2
5 1200 891 1260 1003 951 0 0 1 2
5 1212 867 1272 978 971 0 0 1 2
5 1224 842 1284 953 991 0 0 1 2
5 1236 825 1290 924 1011 0 0 1 2
5 1254 813 1298 887 1031 0 0 1 2
5 1270 796 1306 854 1051 0 0 1 2
5 1282 768 1314 817 1071 0 0 1 2
5 1290 743 1322 792 1091 0 0 1 2
5 1298 726 1330 776 1111 0 0 1 2
5 1306 710 1338 759 1131 0 0 1 2
5 1314 689 1346 739 1151 0 0 1 2
7 701 1259 756 1350 507 0 0 1 2
7 707 1259 762 1350 527 0 0 1 2
7 711 1259 766 1350 547 0 0 1 2
7 717 1259 772 1350 567 0 0 1 2
7 720 1259 776 1350 587 0 0 1 2
7 726 1259 782 1350 607 0 0 1 2
7 732 1259 788 1350 627 0 0 1 2
7 736 1259 792 1350 647 0 0 1 2
7 742 1259 798 1350 667 0 0 1 2
7 746 1259 802 1350 687 0 0 1 2
7 744 1263 800 1354 707 0 0 1 2
7 740 1271 796 1362 727 0 0 1 2
7 738 1275 794 1366 747 0 0 1 2
7 734 1284 790 1375 767 0 0 1 2
7 730 1292 786 1383 787 0 0 1 2
7 726 1300 782 1391 807 0 0 1 2
7 724 1304 780 1395 827 0 0 1 2
7 717 1317 772 1408 847 0 0 1 2
7 703 1333 758 1420 867 0 0 1 2
7 689 1350 744 1436 887 0 0 1 2
7 683 1370 738 1457 907 0 0 1 2
7 679 1395 734 1482 927 0 0 1 2
7 675 1416 730 1503 947 0 0 1 2
7 673 1436 728 1523 967 0 0 1 2
7 673 1461 728 1548 987 0 0 1 2
7 677 1482 728 1569 1007 0 0 1 2
7 683 1503 728 1577 1027 0 0 1 2
7 689 1523 728 1589 1047 0 0 1 2
7 693 1552 728 1614 1067 0 0 1 2
7 697 1589 732 1651 1087 0 0 1 2
7 697 1631 732 1692 1107 0 0 1 2
7 697 1664 732 1725 1127 0 0 1 2
7 697 1697 732 1759 1147 0 0 1 2
7 697 1709 732 1771 1167 0 0 1 2
7 697 1721 732 1783 1187 0 0 1 2
8 1324 966 1350 1019 1003 0 0 1 2
8 1272 966 1298 1019 1023 0 0 1 2
8 1218 970 1244 1024 1043 0 0 1 2
8 1169 978 1195 1032 1063 0 0 1 2
8 1123 991 1149 1044 1083 0 0 1 2
8 1077 1003 1103 1057 1103 0 0 1 2
8 1035 1019 1061 1073 1123 0 0 1 2
8 995 1036 1021 1090 1143 0 0 1 2
8 956 1065 981 1119 1163 0 0 1 2
8 920 1069 946 1123 1183 0 0 1 2
8 892 1102 918 1156 1203 0 0 1 2
8 862 1135 888 1189 1223 0 0 1 2
8 832 1168 858 1222 1243 0 0 1 2
8 812 1226 838 1280 1263 0 0 1 2
8 792 1288 818 1341 1283 0 0 1 2
8 780 1304 808 1358 1303 0 0 1 2
8 774 1358 800 1412 1323 0 0 1 2
8 766 1408 792 1461 1343 0 0 1 2
8 758 1461 786 1515 1363 0 0 1 2
8 752 1515 778 1569 1383 0 0 1 2
8 748 1560 774 1614 1403 0 0 1 2
8 750 1606 776 1659 1423 0 0 1 2
8 752 1655 778 1709 1443 0 0 1 2
8 752 1721 778 1775 1463 0 0 1 2
8 752 1787 778 1841 1483 0 0 1 2
8 752 1858 778 1911 1503 0 0 1 2
8 754 1907 780 1961 1523 0 0 1 2
9 1328 1077 1372 1135 1011 0 0 1 2
9 1302 1077 1346 1135 1031 0 0 1 2
9 1276 1077 1320 1135 1051 0 0 1 2
9 1230 1077 1274 1135 1071 0 0 1 2
9 1181 1077 1224 1135 1091 0 0 1 2
9 1129 1077 1173 1135 1111 0 0 1 2
9 1077 1077 1121 1135 1131 0 0 1 2
9 1037 1081 1081 1139 1151 0 0 1 2
9 995 1094 1039 1152 1171 0 0 1 2
9 954 1106 997 1164 1191 0 0 1 2
9 920 1135 963 1193 1211 0 0 1 2
9 886 1164 930 1222 1231 0 0 1 2
9 860 1193 904 1251 1251 0 0 1 2
9 844 1226 888 1284 1271 0 0 1 2
9 834 1288 878 1358 1291 0 0 1 2
9 820 1304 862 1395 1311 0 0 1 2
9 812 1358 854 1441 1331 0 0 1 2
9 804 1412 846 1486 1351 0 0 1 2
9 796 1461 840 1531 1371 0 0 1 2
9 790 1544 834 1606 1391 0 0 1 2
9 786 1606 830 1664 1411 0 0 1 2
9 784 1659 828 1717 1431 0 0 1 2
9 782 1709 826 1767 1451 0 0 1 2
9 782 1759 826 1816 1471 0 0 1 2
9 782 1804 826 1862 1491 0 0 1 2
9 782 1853 826 1911 1511 0 0 1 2
11 914 1870 961 1973 909 0 0 1 2
11 918 1862 965 1965 929 0 0 1 2
11 920 1858 967 1961 949 0 0 1 2
11 924 1837 971 1940 969 0 0 1 2
11 926 1812 973 1915 989 0 0 1 2
11 928 1783 973 1887 1009 0 0 1 2
11 934 1750 973 1837 1029 0 0 1 2
11 938 1713 973 1792 1049 0 0 1 2
11 940 1688 973 1767 1069 0 0 1 2
11 940 1676 973 1754 1089 0 0 1 2
11 940 1659 973 1738 1109 0 0 1 2
11 940 1639 973 1717 1129 0 0 1 2
11 940 1622 973 1701 1149 0 0 1 2
11 940 1602 973 1680 1169 0 0 1 2
11 940 1581 973 1659 1189 0 0 1 2
11 940 1564 973 1643 1209 0 0 1 2
11 940 1548 973 1626 1229 0 0 1 2
11 942 1523 975 1602 1249 0 0 1 2
11 942 1490 975 1569 1269 0 0 1 2
11 940 1461 973 1540 1289 0 0 1 2
11 934 1457 967 1536 1309 0 0 1 2
11 928 1449 961 1527 1329 0 0 1 2
11 924 1445 957 1523 1349 0 0 1 2
11 918 1436 952 1515 1369 0 0 1 2
11 912 1432 946 1511 1389 0 0 1 2
11 908 1428 942 1507 1409 0 0 1 2
11 906 1428 940 1507 1429 0 0 1 2
11 904 1428 938 1507 1449 0 0 1 2
11 900 1428 934 1507 1469 0 0 1 2
11 898 1428 932 1507 1489 0 0 1 2
11 896 1428 930 1507 1509 0 0 0 2
11 896 1428 930 1507 1529 0 0 1 2
12 880 1853 932 1961 532 0 0 1 1
12 878 1825 930 1932 552 0 0 1 1
12 874 1717 926 1825 572 0 0 1 1
12 876 1614 928 1721 592 0 0 1 1
12 876 1527 928 1635 612 0 0 1 1
12 876 1449 928 1556 632 0 0 1 1
12 876 1366 928 1474 652 0 0 1 1
12 890 1284 942 1391 672 0 0 1 1
12 904 1197 956 1304 692 0 0 1 1
12 924 1114 975 1222 712 0 0 1 1
12 946 1032 997 1143 732 0 0 1 1
12 956 949 1007 1061 752 0 0 1 1
12 956 875 1007 978 772 0 0 1 1
12 936 817 987 920 792 0 0 1 1
12 906 751 957 854 812 0 0 1 1
12 874 681 926 784 832 0 0 1 1
12 840 606 892 710 852 0 0 1 1
12 820 536 872 640 872 0 0 1 1
12 802 470 854 573 892 0 0 1 1
12 802 388 854 491 912 0 0 1 1
12 802 305 854 408 932 0 0 1 1
12 802 222 854 326 952 0 0 1 1
12 802 144 854 247 972 0 0 1 1
12 806 61 858 165 992 0 0 1 1
12 816 8 860 70 1012 0 0 1 1
13 720 41 772 148 799 0 0 1 1
13 717 94 768 202 819 0 0 1 1
13 713 148 764 256 839 0 0 1 1
13 715 206 766 313 859 0 0 1 1
13 717 268 768 375 879 0 0 1 1
13 720 326 772 433 899 0 0 1 1
13 722 388 774 495 919 0 0 1 1
13 722 441 774 549 939 0 0 1 1
13 722 495 774 602 959 0 0 1 1
13 722 545 774 652 979 0 0 1 1
13 713 606 764 714 999 0 0 1 1
13 711 668 756 768 1019 0 0 1 1
13 709 734 748 825 1039 0 0 1 1
13 697 809 736 900 1059 0 0 1 1
13 687 879 726 970 1079 0 0 1 1
13 679 945 718 1036 1099 0 0 1 1
13 679 1007 718 1098 1119 0 0 1 1
13 685 1057 724 1147 1139 0 0 1 1
13 703 1119 742 1209 1159 0 0 1 1
13 718 1180 758 1271 1179 0 0 1 1
13 728 1251 768 1341 1199 0 0 1 1
13 736 1321 776 1412 1219 0 0 1 1
13 742 1362 782 1453 1239 0 0 1 1
13 748 1403 788 1494 1259 0 0 1 1
13 754 1445 794 1536 1279 0 0 1 1
13 766 1552 806 1643 1299 0 0 1 1
13 770 1639 810 1730 1319 0 0 1 1
13 768 1688 808 1779 1339 0 0 1 1
13 774 1763 814 1853 1359 0 0 1 1
13 782 1825 822 1915 1379 0 0 1 1
13 786 1878 826 1957 1399 0 0 1 1
13 786 1915 826 1969 1419 0 0 1 1
14 834 1829 886 1936 889 0 0 1 1
14 834 1750 886 1853 909 0 0 1 1
14 826 1676 878 1779 929 0 0 1 1
14 814 1602 866 1705 949 0 0 1 1
14 796 1519 848 1622 969 0 0 1 1
14 766 1441 818 1544 989 0 0 1 1
14 734 1375 782 1482 1009 0 0 1 1
14 697 1313 738 1428 1029 0 0 1 1
14 649 1255 687 1375 1049 0 0 1 1
14 591 1209 627 1329 1069 0 0 1 1
14 531 1164 567 1284 1089 0 0 1 1
14 481 1114 517 1238 1109 0 0 1 1
14 426 1069 462 1193 1129 0 0 1 1
14 356 1040 392 1164 1149 0 0 1 1
14 282 1019 318 1143 1169 0 0 1 1
14 215 995 250 1119 1189 0 0 1 1
14 149 970 185 1094 1209 0 0 1 1
14 83 945 119 1069 1229 0 0 1 1
14 3 912 39 1036 1249 0 0 1 1
15 850 1804 894 1891 1070 0 0 1 1
15 844 1713 888 1808 1090 0 0 1 1
15 838 1639 882 1734 1110 0 0 1 1
15 830 1577 874 1672 1130 0 0 1 1
15 824 1515 868 1606 1150 0 0 1 1
15 812 1449 856 1540 1170 0 0 1 1
15 804 1391 848 1482 1190 0 0 1 1
15 804 1366 848 1457 1210 0 0 1 1
15 788 1337 832 1428 1230 0 0 1 1
15 764 1308 808 1399 1250 0 0 1 1
15 730 1288 774 1379 1270 0 0 1 1
15 691 1275 734 1366 1290 0 0 1 1
15 651 1271 695 1362 1310 0 0 1 1
15 617 1255 661 1346 1330 0 0 1 1
15 583 1226 627 1317 1350 0 0 1 1
15 535 1176 579 1267 1370 0 0 1 1
15 493 1110 537 1201 1390 0 0 1 1
15 436 1065 479 1156 1410 0 0 1 1
16 1332 891 1402 986 1578 0 0 1 1
16 1284 908 1354 1003 1598 0 0 1 1
16 1228 916 1298 1011 1618 0 0 1 1
16 1189 924 1258 1015 1638 0 0 1 1
16 1135 941 1204 1032 1658 0 0 1 1
16 1087 957 1155 1048 1678 0 0 1 1
16 1047 974 1115 1065 1698 0 0 1 1
16 991 978 1059 1069 1718 0 0 1 1
16 952 999 1005 1106 1738 0 0 1 1
16 914 1019 965 1131 1758 0 0 1 1
16 882 1077 932 1172 1778 0 0 1 1
16 856 1127 906 1209 1798 0 0 1 1
16 840 1168 878 1251 1818 0 0 1 1
16 822 1213 850 1304 1838 0 0 1 1
16 800 1271 834 1358 1858 0 0 1 1
16 784 1333 820 1420 1878 0 0 1 1
16 776 1395 812 1486 1898 0 0 1 1
16 772 1457 808 1548 1918 0 0 1 1
16 766 1515 802 1606 1938 0 0 1 1
16 762 1585 798 1676 1958 0 0 1 1
16 758 1651 794 1742 1978 0 0 1 1
16 760 1713 796 1804 1998 0 0 1 1
16 768 1775 804 1866 2018 0 0 1 1
17 722 1870 780 1961 1935 0 0 1 1
17 728 1874 786 1965 1955 0 0 1 1
17 740 1911 798 1977 1975 0 0 1 1
18 1388 809 1430 883 854 0 0 1 2
18 1372 813 1414 883 874 0 0 1 2
18 1352 817 1394 887 894 0 0 1 2
18 1336 809 1378 879 914 0 0 1 2
18 1316 801 1360 871 934 0 0 1 2
18 1296 801 1340 871 954 0 0 1 2
18 1272 788 1316 858 974 0 0 1 2
18 1250 792 1294 862 994 0 0 1 2
18 1232 796 1272 862 1014 0 0 1 2
18 1216 792 1248 850 1034 0 0 1 2
18 1198 792 1226 838 1054 0 0 1 2
18 1175 792 1200 838 1074 0 0 1 2
18 1161 792 1187 838 1094 0 0 1 2
18 1151 788 1177 834 1114 0 0 1 2
18 1141 780 1167 825 1134 0 0 1 2
18 1131 776 1157 821 1154 0 0 1 2
18 1115 772 1141 817 1174 0 0 1 2
18 1093 763 1119 809 1194 0 0 1 2
18 1071 755 1097 801 1214 0 0 1 2
18 1049 751 1075 796 1234 0 0 1 2
18 1029 747 1055 792 1254 0 0 1 2
18 1009 739 1035 784 1274 0 0 1 2
18 989 734 1015 780 1294 0 0 1 2
18 969 730 995 776 1314 0 0 1 2
18 950 726 975 772 1334 0 0 1 2
18 930 718 956 763 1354 0 0 1 2
18 910 714 936 759 1374 0 0 1 2
18 882 706 908 751 1394 0 0 1 2
18 848 697 874 743 1414 0 0 1 2
18 820 693 846 739 1434 0 0 1 2
18 794 693 820 739 1454 0 0 1 2
18 768 697 794 743 1474 0 0 1 2
18 742 697 768 743 1494 0 0 1 2
18 722 689 750 755 1514 0 0 1 2
18 703 681 734 772 1534 0 0 1 2
18 683 681 715 772 1554 0 0 1 2
18 657 685 689 776 1574 0 0 1 2
18 633 693 665 784 1594 0 0 1 2
18 613 710 645 801 1614 0 0 1 2
18 595 722 627 813 1634 0 0 1 2
18 575 734 607 825 1654 0 0 1 2
18 553 751 585 842 1674 0 0 1 2
18 527 776 559 867 1694 0 0 1 2
18 505 796 537 887 1714 0 0 1 2
18 483 813 515 904 1734 0 0 1 2
18 464 829 495 920 1754 0 0 1 2
18 444 834 476 924 1774 0 0 1 2
18 418 838 450 929 1794 0 0 1 2
19 804 499 828 532 1502 0 0 1 2
19 788 483 812 520 1522 0 0 1 2
19 772 462 796 507 1542 0 0 1 2
19 756 445 780 491 1562 0 0 1 2
19 742 433 766 478 1582 0 0 1 2
19 728 421 752 466 1602 0 0 1 2
19 715 404 738 450 1622 0 0 1 2
19 701 392 724 437 1642 0 0 1 2
19 693 371 717 417 1662 0 0 1 2
19 689 350 713 396 1682 0 0 1 2
19 683 330 707 375 1702 0 0 1 2
19 679 309 703 355 1722 0 0 1 2
19 675 289 699 334 1742 0 0 1 2
19 669 268 693 313 1762 0 0 1 2
19 669 247 693 289 1782 0 0 1 2
19 669 227 693 268 1802 0 0 1 2
19 669 206 693 247 1822 0 0 1 2
19 669 189 693 231 1842 0 0 1 2
19 665 169 689 210 1862 0 0 1 2
19 661 148 685 189 1882 0 0 1 2
19 653 132 677 173 1902 0 0 1 2
19 637 119 661 161 1922 0 0 1 2
19 621 111 645 152 1942 0 0 1 2
19 601 111 625 152 1962 0 0 1 2
19 577 111 601 152 1982 0 0 1 2
19 555 103 577 144 2002 0 0 1 2
19 529 94 559 144 2022 0 0 1 2
19 503 86 541 140 2042 0 0 1 2
19 476 82 523 140 2062 0 0 1 2
19 452 90 499 148 2082 0 0 1 2
19 428 99 476 156 2102 0 0 1 2
19 408 99 456 156 2122 0 0 1 2
19 386 99 434 156 2142 0 0 1 2
19 356 99 404 156 2162 0 0 1 2
19 334 103 382 161 2182 0 0 1 2
20 780 1812 812 1895 1500 0 0 0 1
20 790 1866 822 1944 1520 0 0 0 1
20 786 1907 822 1973 1540 0 0 0 1
21 748 1833 782 1907 1502 0 0 1 1
21 748 1870 784 1948 1522 0 0 1 1
21 750 1920 786 1977 1542 0 0 1 1
22 886 8 932 66 273 0 0 1 2
22 888 20 934 82 293 0 0 1 2
22 888 37 934 94 313 0 0 1 2
22 890 49 936 111 333 0 0 1 2
22 892 66 938 128 353 0 0 1 2
22 892 78 938 140 373 0 0 1 2
22 892 94 938 156 393 0 0 1 2
22 892 107 938 169 413 0 0 1 2
22 892 115 938 177 433 0 0 1 2
22 892 115 938 177 453 0 0 1 2
22 892 123 938 185 473 0 0 1 2
22 894 198 940 260 493 0 0 1 2
22 894 214 940 280 513 0 0 1 2
22 894 235 940 305 533 0 0 1 2
22 896 251 942 330 553 0 0 1 2
22 896 272 944 350 573 0 0 1 2
22 896 289 944 375 593 0 0 1 2
22 898 309 946 400 613 0 0 1 2
22 898 326 946 425 633 0 0 1 2
22 900 342 948 441 653 0 0 1 2
22 900 359 948 458 673 0 0 1 2
22 900 375 948 478 693 0 0 1 2
22 900 392 948 495 713 0 0 1 2
22 900 408 948 512 733 0 0 1 2
22 902 429 950 532 753 0 0 1 2
22 906 445 954 549 773 0 0 1 2
22 908 466 956 569 793 0 0 1 2
22 910 487 957 590 813 0 0 1 2
22 914 503 961 606 833 0 0 1 2
22 918 524 965 627 853 0 0 1 2
22 922 540 969 644 873 0 0 1 2
22 926 561 973 664 893 0 0 1 2
22 930 578 977 681 913 0 0 1 2
22 936 594 983 697 933 0 0 1 2
22 940 615 987 718 953 0 0 1 2
22 944 631 991 734 973 0 0 1 2
22 950 648 997 751 993 0 0 1 2
22 973 706 1001 751 1013 0 0 1 2
22 985 718 1017 776 1033 0 0 1 2
22 995 730 1033 796 1053 0 0 1 2
22 1007 743 1047 809 1073 0 0 1 2
22 1019 759 1059 825 1093 0 0 1 2
22 1031 772 1071 838 1113 0 0 1 2
22 1043 788 1083 854 1133 0 0 1 2
22 1055 801 1095 867 1153 0 0 1 2
22 1067 817 1107 883 1173 0 0 1 2
22 1079 829 1119 896 1193 0 0 1 2
22 1091 838 1131 904 1213 0 0 1 2
22 1103 850 1143 916 1233 0 0 1 2
22 1113 862 1153 929 1253 0 0 1 2
22 1123 879 1163 945 1273 0 0 1 2
22 1137 887 1177 953 1293 0 0 1 2
22 1155 896 1195 962 1313 0 0 1 2
22 1175 904 1214 970 1333 0 0 1 2
22 1193 912 1232 978 1353 0 0 1 2
22 1210 920 1250 986 1373 0 0 1 2
22 1232 933 1272 999 1393 0 0 1 2
22 1254 949 1294 1015 1413 0 0 1 2
22 1276 966 1316 1032 1433 0 0 1 2
22 1296 974 1336 1040 1453 0 0 1 2
22 1314 982 1354 1048 1473 0 0 1 2
22 1334 991 1374 1057 1493 0 0 1 2
22 1348 986 1388 1048 1513 0 0 1 2
22 1360 978 1398 1036 1533 0 0 1 2
22 1372 991 1410 1048 1553 0 0 1 2
22 1390 995 1420 1052 1573 0 0 1 2
23 828 1870 878 1977 1565 0 0 1 1
23 824 1849 868 1953 1585 0 0 1 1
23 824 1771 868 1874 1605 0 0 1 1
23 820 1688 864 1796 1625 0 0 1 1
23 808 1606 852 1713 1645 0 0 1 1
23 796 1527 840 1635 1665 0 0 1 1
23 778 1453 822 1560 1685 0 0 1 1
23 744 1370 788 1478 1705 0 0 1 1
23 699 1300 742 1408 1725 0 0 1 1
23 651 1238 695 1346 1745 0 0 1 1
23 601 1185 645 1292 1765 0 0 1 1
23 543 1139 587 1247 1785 0 0 1 1
23 487 1102 531 1209 1805 0 0 1 1
23 430 1069 474 1176 1825 0 0 1 1
23 370 1036 414 1143 1845 0 1 1 1
23 304 1019 348 1127 1865 0 1 1 1
23 240 1007 284 1114 1885 0 1 1 1
23 177 991 221 1098 1905 0 1 1 1
23 111 974 155 1081 1925 0 1 1 1
24 880 1804 912 1891 1759 0 0 1 6
24 876 1742 908 1829 1779 0 0 1 6
24 876 1672 908 1763 1799 0 0 1 6
24 884 1589 916 1680 1819 0 0 1 6
24 880 1531 912 1622 1839 0 0 1 6
24 878 1474 908 1560 1859 0 0 1 6
24 882 1408 910 1490 1879 0 0 1 6
24 882 1333 910 1416 1899 0 0 1 6
24 892 1263 920 1346 1919 0 0 1 6
24 906 1193 934 1275 1939 0 0 1 6
24 930 1102 956 1201 1959 0 0 1 6
24 948 1015 971 1127 1979 0 0 1 6
24 952 970 977 1077 1999 0 0 1 6
24 948 912 973 1019 2019 0 0 1 6
25 707 37 740 103 1888 0 0 1 6
25 709 74 742 140 1908 0 0 1 6
25 709 111 744 177 1928 0 0 1 6
25 707 161 742 227 1948 0 0 1 6
25 711 198 746 264 1968 0 0 1 6
25 717 239 752 305 1988 0 0 1 6
25 720 276 756 342 2008 0 0 1 6
25 717 309 752 375 2028 0 0 1 6
26 918 12 948 74 1596 0 0 1 2
26 914 28 946 94 1616 0 0 1 2
26 914 41 946 107 1636 0 0 1 2
26 918 49 954 115 1656 0 0 1 2
26 926 78 961 144 1676 0 0 1 2
26 934 111 969 177 1696 0 0 1 2
26 957 123 993 189 1716 0 0 1 2
26 973 128 1009 194 1736 0 0 1 2
26 985 152 1021 218 1756 0 0 1 2
26 1007 161 1043 227 1776 0 0 1 2
26 1027 177 1063 243 1796 0 0 1 2
26 1049 185 1085 251 1816 0 0 1 2
26 1071 189 1107 256 1836 0 0 1 2
26 1091 194 1127 260 1856 0 0 1 2
26 1115 198 1151 264 1876 0 0 1 2
26 1137 198 1173 264 1896 0 0 1 2
26 1153 202 1189 268 1916 0 0 1 2
26 1173 198 1208 264 1936 0 0 1 2
26 1175 198 1210 264 1956 0 0 1 2
26 1175 198 1210 264 1976 0 0 1 2
26 1175 198 1210 264 1996 0 0 1 2
26 1175 198 1210 264 2016 0 0 1 2
28 25 107 63 156 1693 0 1 1 2
28 17 103 55 152 1713 0 1 1 2
28 9 99 43 148 1733 0 1 1 2
33 818 1684 856 1754 36 0 0 1 1
33 804 1602 842 1672 56 0 0 1 1
33 786 1519 824 1589 76 0 0 1 1
33 766 1432 804 1503 96 0 0 1 1
33 726 1350 764 1420 116 0 0 1 1
33 673 1304 711 1375 136 0 0 1 1
33 621 1247 659 1317 156 0 0 1 1
33 559 1201 597 1271 176 0 0 1 1
33 495 1147 533 1218 196 0 0 1 1
33 434 1106 472 1176 216 0 0 1 1
33 362 1065 400 1135 236 0 0 1 1
34 884 1705 916 1787 15 0 0 1 1
34 886 1643 918 1725 35 0 0 1 1
34 886 1585 918 1668 55 0 0 1 1
34 884 1527 916 1610 75 0 0 1 1
34 886 1461 918 1544 95 0 0 1 1
34 882 1420 914 1503 115 0 0 1 1
34 880 1362 912 1445 135 0 0 1 1
34 886 1313 918 1395 155 0 0 1 1
34 894 1263 926 1346 175 0 0 1 1
34 924 1201 959 1284 195 0 0 1 1
34 946 1160 989 1238 215 0 0 1 1
34 969 1143 1013 1218 235 0 0 1 1
34 997 1119 1043 1193 255 0 0 1 1
34 1033 1069 1079 1143 275 0 0 1 1
34 1073 1024 1119 1098 295 0 0 1 1
34 1109 978 1155 1052 315 0 0 1 1
34 1135 920 1181 995 335 0 0 1 1
34 1169 875 1214 949 355 0 0 1 1
34 1206 850 1252 924 375 0 0 1 1
34 1234 809 1280 883 395 0 0 1 1
34 1256 776 1302 850 415 0 0 1 1
34 1274 755 1320 829 435 0 0 1 1
34 1290 734 1336 809 455 0 0 1 1
34 1298 697 1344 772 475 0 0 1 1
34 1304 660 1350 734 495 0 0 1 1
35 872 1531 904 1606 4 0 0 1 1
35 878 1445 910 1519 24 0 0 1 1
35 886 1354 918 1428 44 0 0 1 1
35 900 1275 932 1350 64 0 0 1 1
35 928 1209 959 1284 84 0 0 1 1
35 961 1156 993 1230 104 0 0 1 1
35 1001 1123 1033 1197 124 0 0 1 1
35 1069 1065 1101 1139 144 0 0 1 1
35 1127 1019 1159 1094 164 0 0 1 1
35 1198 986 1230 1061 184 0 0 1 1
35 1270 974 1302 1048 204 0 0 1 1
35 1330 962 1362 1036 224 0 0 1 1
35 1392 945 1430 1007 244 0 0 1 1
36 870 1280 912 1350 18 0 0 1 1
36 908 1205 950 1275 38 0 0 1 1
36 936 1139 977 1209 58 0 0 1 1
36 956 1077 997 1147 78 0 0 1 1
36 971 1015 1013 1085 98 0 0 1 1
36 975 957 1017 1028 118 0 0 1 1
36 969 887 1011 957 138 0 0 1 1
36 940 825 981 896 158 0 0 1 1
36 906 763 948 834 178 0 0 1 1
36 880 693 922 763 198 0 0 1 1
36 860 615 902 685 218 0 0 1 1
36 848 549 890 619 238 0 0 1 1
36 840 483 882 553 258 0 0 1 1
36 832 412 874 483 278 0 0 1 1
36 838 338 880 408 298 0 0 1 1
36 842 272 884 342 318 0 0 1 1
36 838 206 880 276 338 0 0 1 1
36 838 140 880 210 358 0 0 1 1
36 844 78 886 148 378 0 0 1 1
36 844 4 886 74 398 0 0 1 1
37 924 1176 961 1251 17 0 0 1 1
37 965 1123 1003 1197 37 0 0 1 1
37 1007 1073 1045 1147 57 0 0 1 1
37 1049 1040 1087 1114 77 0 0 1 1
37 1091 1019 1129 1094 97 0 0 1 1
37 1145 999 1191 1069 117 0 0 1 1
37 1193 978 1240 1048 137 0 0 1 1
37 1250 970 1296 1044 157 0 0 1 1
37 1314 957 1360 1032 177 0 0 1 1
37 1370 957 1416 1032 197 0 0 1 1
37 1406 949 1432 1024 217 0 0 1 1
38 956 933 995 1032 7 0 0 1 1
38 952 858 991 957 27 0 0 1 1
38 928 796 967 896 47 0 0 1 1
38 896 722 936 821 67 0 0 1 1
38 878 652 918 751 87 0 0 1 1
38 868 582 908 681 107 0 0 1 1
38 864 516 904 615 127 0 0 1 1
38 860 450 900 549 147 0 0 1 1
38 858 379 898 478 167 0 0 1 1
38 854 305 894 404 187 0 0 1 1
38 852 227 892 326 207 0 0 1 1
38 850 156 890 256 227 0 0 1 1
38 850 99 890 198 247 0 0 1 1
38 848 33 888 132 267 0 0 1 1
39 858 565 896 644 2 0 0 1 1
39 850 483 888 561 22 0 0 1 1
39 854 408 892 487 42 0 0 1 1
39 858 330 896 408 62 0 0 1 1
39 860 251 898 330 82 0 0 1 1
39 860 177 898 256 102 0 0 1 1
40 1179 685 1216 743 1082 0 0 1 2
40 1155 697 1193 755 1102 0 0 1 2
40 1129 706 1167 763 1122 0 0 1 2
40 1103 718 1141 776 1142 0 0 1 2
40 1077 730 1115 788 1162 0 0 1 2
40 1061 718 1099 776 1182 0 0 1 2
40 1047 706 1085 763 1202 0 0 1 2
40 1033 689 1071 747 1222 0 0 1 2
40 1019 673 1057 730 1242 0 0 1 2
40 1001 660 1039 718 1262 0 0 1 2
40 983 648 1021 706 1282 0 0 1 2
40 965 635 1003 693 1302 0 0 1 2
40 948 623 985 681 1322 0 0 1 2
40 930 611 967 668 1342 0 0 1 2
40 912 598 950 656 1362 0 0 1 2
40 892 586 930 644 1382 0 0 1 2
40 874 582 912 640 1402 0 0 1 2
40 856 582 894 640 1422 0 0 0 2
40 838 561 876 619 1442 0 0 1 2
40 820 545 858 602 1462 0 0 1 2
40 802 524 840 582 1482 0 0 1 2
40 786 507 822 565 1502 0 0 1 2
40 768 503 798 557 1522 0 0 1 2
40 750 499 776 549 1542 0 0 1 2
40 738 483 764 532 1562 0 0 1 2
40 726 466 752 516 1582 0 0 1 2
40 709 441 734 491 1602 0 0 1 2
40 691 417 717 466 1622 0 0 1 2
40 681 400 707 450 1642 0 0 1 2
40 671 379 697 429 1662 0 0 1 2
40 661 355 687 404 1682 0 0 1 2
40 651 330 677 379 1702 0 0 1 2
40 649 313 677 363 1722 0 0 1 2
40 647 297 675 346 1742 0 0 1 2
40 643 280 671 330 1762 0 0 1 2
40 639 260 667 309 1782 0 0 1 2
40 637 239 665 289 1802 0 0 1 2
40 639 214 667 264 1822 0 0 1 2
40 641 189 669 239 1842 0 0 1 2
40 639 181 667 231 1862 0 0 1 2
40 635 173 663 222 1882 0 0 1 2
40 631 161 659 210 1902 0 0 1 2
40 611 156 639 206 1922 0 0 1 2
40 593 148 621 198 1942 0 0 1 2
40 575 144 603 194 1962 0 0 1 2
40 557 144 585 194 1982 0 0 1 2
40 541 144 569 194 2002 0 0 1 2
40 521 144 549 194 2022 0 0 1 2
41 717 759 756 838 10 0 0 1 1
41 701 776 740 854 30 0 0 1 1
41 687 796 726 875 50 0 0 1 1
41 671 813 711 891 70 0 0 1 1
41 661 834 701 912 90 0 0 1 1
41 655 854 695 933 110 0 0 1 1
41 649 875 689 953 130 0 0 1 1
41 643 896 683 974 150 0 0 0 1
41 643 916 683 995 170 0 0 1 1
41 645 941 685 1019 190 0 0 1 1
41 645 966 685 1044 210 0 0 1 1
41 647 991 687 1069 230 0 0 0 1
41 651 1007 691 1085 250 0 0 1 1
41 655 1028 695 1106 270 0 0 1 1
41 659 1057 699 1135 290 0 0 1 1
41 665 1090 705 1168 310 0 0 0 1
41 673 1106 713 1185 330 0 0 1 1
41 681 1127 720 1205 350 0 0 1 1
41 687 1147 726 1226 370 0 0 1 1
41 695 1164 734 1242 390 0 0 1 1
41 703 1180 742 1259 410 0 0 1 1
41 711 1197 750 1275 430 0 0 1 1
41 715 1213 754 1292 450 0 0 1 1
41 715 1226 754 1304 470 0 0 1 1
41 715 1242 754 1321 490 0 0 0 1
41 717 1247 754 1325 510 0 0 1 1
41 715 1242 754 1317 530 0 0 1 1
42 995 1069 1047 1156 1730 0 0 1 1
42 965 1090 1017 1180 1750 0 0 1 1
42 936 1123 987 1213 1770 0 0 1 1
42 910 1164 961 1255 1790 0 0 1 1
42 882 1201 934 1292 1810 0 0 1 1
42 856 1242 908 1333 1830 0 0 1 1
42 838 1284 890 1375 1850 0 0 1 1
42 822 1325 874 1416 1870 0 0 1 1
42 812 1383 864 1474 1890 0 0 1 1
42 808 1441 860 1531 1910 0 0 1 1
42 808 1507 860 1597 1930 0 0 1 1
42 806 1556 858 1647 1950 0 0 1 1
42 806 1614 858 1705 1970 0 0 1 1
42 806 1688 858 1779 1990 0 0 1 1
42 806 1754 858 1845 2010 0 0 1 1
42 810 1808 862 1899 2030 0 0 1 1
44 920 1515 956 1585 6 0 0 1 2
44 920 1544 956 1614 26 0 0 1 2
44 920 1569 956 1639 46 0 0 1 2
44 920 1593 956 1664 66 0 0 1 2
44 920 1610 956 1680 86 0 0 1 2
44 922 1626 957 1697 106 0 0 1 2
44 924 1647 959 1717 126 0 0 1 2
44 928 1676 963 1746 146 0 0 1 2
44 928 1705 963 1775 166 0 0 1 2
44 926 1734 961 1804 186 0 0 1 2
44 926 1763 961 1833 206 0 0 1 2
44 924 1787 959 1858 226 0 0 1 2
44 922 1808 957 1878 246 0 0 1 2
44 922 1829 957 1899 266 0 0 1 2
44 924 1853 959 1924 286 0 0 1 2
44 926 1874 961 1944 306 0 0 1 2
44 924 1887 959 1957 326 0 0 1 2
45 950 1540 975 1614 15 0 0 1 2
45 950 1523 975 1597 35 0 0 1 2
45 950 1507 975 1581 55 0 0 1 2
45 950 1490 975 1564 75 0 0 1 2
45 948 1465 973 1540 95 0 0 1 2
45 948 1441 973 1515 115 0 0 1 2
46 874 1858 914 1936 247 0 0 1 6
46 864 1771 904 1849 267 0 0 1 6
46 856 1684 896 1763 287 0 0 1 6
46 850 1602 890 1680 307 0 0 1 6
46 846 1507 886 1597 327 0 0 1 6
46 846 1412 884 1515 347 0 0 1 6
46 858 1346 896 1449 367 0 0 1 6
46 874 1275 912 1379 387 0 0 1 6
46 914 1209 952 1313 407 0 0 1 6
46 952 1156 989 1259 427 0 0 1 6
46 993 1106 1031 1209 447 0 0 1 6
46 1047 1052 1085 1156 467 0 0 1 6
46 1101 1007 1139 1110 487 0 0 1 6
46 1141 957 1179 1061 507 0 0 1 6
46 1163 900 1200 1003 527 0 0 1 6
47 780 1746 806 1858 2015 0 0 1 6
47 782 1800 808 1911 2035 0 0 1 6
47 784 1853 810 1961 2055 0 0 1 6
49 946 1870 979 1944 114 0 0 1 2
49 944 1845 977 1920 134 0 0 1 2
49 942 1820 975 1895 154 0 0 1 2
49 944 1800 977 1874 174 0 0 1 2
49 948 1779 981 1853 194 0 0 1 2
49 954 1759 987 1833 214 0 0 1 2
49 956 1738 989 1812 234 0 0 1 2
49 956 1697 989 1771 254 0 0 1 2
49 954 1659 987 1734 274 0 0 1 2
49 950 1631 983 1705 294 0 0 1 2
49 950 1606 983 1680 314 0 0 1 2
49 950 1585 983 1659 334 0 0 1 2
49 948 1560 981 1635 354 0 0 1 2
49 948 1536 981 1610 374 0 0 1 2
49 948 1507 981 1581 394 0 0 1 2
49 946 1490 979 1564 414 0 0 1 2
49 942 1469 975 1544 434 0 0 1 2
49 942 1441 975 1515 454 0 0 1 2
49 944 1428 977 1503 474 0 0 1 2
51 623 594 665 652 11 0 0 1 2
51 615 611 659 673 31 0 0 1 2
51 609 627 653 693 51 0 0 1 2
51 603 644 647 714 71 0 0 1 2
51 595 664 639 739 91 0 0 1 2
51 587 689 631 763 111 0 0 1 2
51 579 714 623 788 131 0 0 1 2
51 571 739 615 813 151 0 0 1 2
51 561 755 605 829 171 0 0 1 2
51 553 776 597 850 191 0 0 1 2
51 543 792 587 867 211 0 0 1 2
51 533 817 577 891 231 0 0 1 2
51 523 842 567 916 251 0 0 1 2
51 513 871 557 945 271 0 0 1 2
51 505 896 549 970 291 0 0 1 2
51 505 916 549 991 311 0 0 1 2
51 505 937 549 1011 331 0 0 1 2
51 507 962 551 1036 351 0 0 1 2
51 509 982 553 1057 371 0 0 1 2
51 511 1007 555 1081 391 0 0 1 2
51 513 1032 557 1106 411 0 0 1 2
51 515 1057 559 1131 431 0 0 1 2
51 517 1094 561 1168 451 0 0 1 2
51 517 1102 561 1176 471 0 0 1 2
51 519 1114 563 1189 491 0 0 1 2
51 521 1127 565 1201 511 0 0 1 2
51 545 1180 589 1255 531 0 0 0 2
52 523 714 561 784 19 0 0 1 2
52 511 730 549 801 39 0 0 1 2
52 499 747 537 817 59 0 0 1 2
52 485 763 523 834 79 0 0 1 2
52 474 776 511 846 99 0 0 1 2
52 462 792 499 862 119 0 0 1 2
52 452 809 489 879 139 0 0 1 2
52 442 825 479 896 159 0 0 1 2
52 432 838 470 908 179 0 0 1 2
53 503 759 549 834 9 0 0 1 2
53 503 780 549 854 29 0 0 1 2
53 503 801 549 875 49 0 0 1 2
53 501 821 547 896 69 0 0 1 2
53 501 842 547 916 89 0 0 1 2
53 501 862 547 937 109 0 0 1 2
53 493 883 539 957 129 0 0 1 2
53 487 900 533 974 149 0 0 1 2
53 479 920 525 995 169 0 0 1 2
53 474 937 519 1011 189 0 0 1 2
53 474 978 519 1052 209 0 0 1 2
53 474 999 519 1073 229 0 0 1 2
53 474 1019 519 1094 249 0 0 1 2
53 476 1040 521 1114 269 0 0 1 2
53 476 1065 521 1139 289 0 0 1 2
53 479 1085 525 1160 309 0 0 1 2
53 487 1110 533 1185 329 0 0 1 2
53 495 1135 541 1209 349 0 0 1 2
53 501 1160 547 1234 369 0 0 1 2
53 501 1185 547 1259 389 0 0 1 2
53 501 1209 547 1284 409 0 0 1 2
53 503 1230 549 1304 429 0 0 1 2
53 507 1247 553 1321 449 0 0 1 2
53 509 1263 555 1337 469 0 0 1 2
55 699 1548 734 1643 10 0 0 1 6
55 699 1523 734 1618 30 0 0 1 6
55 697 1498 732 1593 50 0 0 1 6
55 699 1465 734 1560 70 0 0 1 6
55 705 1432 740 1527 90 0 0 0 6
55 713 1416 748 1511 110 0 0 1 6
55 718 1408 754 1503 130 0 0 1 6
55 718 1408 754 1503 150 0 0 1 6
55 718 1403 754 1498 170 0 0 1 6
55 718 1403 754 1498 190 0 0 1 6
55 720 1403 756 1498 210 0 0 0 6
55 752 1391 788 1482 230 0 0 0 6
55 772 1387 808 1478 250 0 0 0 6
55 806 1383 842 1474 270 0 0 0 6
55 828 1366 864 1457 290 0 0 0 6
55 850 1354 886 1445 310 0 0 0 6
55 876 1337 912 1428 330 0 0 0 6
55 896 1321 932 1412 350 0 0 0 6
55 918 1304 954 1395 370 0 0 0 6
55 938 1280 973 1370 390 0 0 0 6
55 954 1251 989 1341 410 0 0 0 6
55 952 1267 987 1358 430 0 1 1 6
55 904 1300 940 1391 450 0 1 1 6
55 854 1333 890 1424 470 0 1 1 6
55 804 1362 840 1457 490 0 1 1 6
55 754 1395 790 1490 510 0 1 1 6
55 707 1428 742 1523 530 0 1 1 6
56 856 1849 890 1936 68 0 0 1 1
56 858 1763 890 1853 88 0 0 1 1
56 850 1672 882 1763 108 0 0 1 1
56 840 1606 872 1697 128 0 0 1 1
56 832 1540 864 1631 148 0 0 1 1
56 816 1478 848 1569 168 0 0 1 1
56 788 1424 820 1515 188 0 0 1 1
56 758 1370 790 1461 208 0 0 1 1
56 720 1329 752 1420 228 0 0 1 1
56 681 1288 713 1379 248 0 0 1 1
56 641 1247 673 1337 268 0 0 1 1
56 589 1222 647 1313 288 0 0 1 1
56 559 1205 619 1296 308 0 0 1 1
56 547 1168 593 1255 328 0 0 1 1
56 529 1139 573 1226 348 0 0 1 1
56 509 1110 553 1197 368 0 0 1 1
56 489 1085 533 1172 388 0 0 1 1
56 474 1069 517 1156 408 0 0 1 1
56 456 1065 499 1152 428 0 0 1 1
56 430 1040 474 1127 448 0 0 1 1
56 404 1024 448 1114 468 0 0 1 1
56 380 995 424 1085 488 0 0 1 1
56 356 991 400 1081 508 0 0 1 1
56 344 995 388 1085 528 0 0 1 1
57 942 152 987 251 16 0 0 1 2
57 956 152 1001 251 36 0 0 1 2
57 971 152 1017 251 56 0 0 1 2
57 993 156 1039 256 76 0 0 1 2
57 1013 156 1059 256 96 0 0 1 2
57 1035 161 1081 260 116 0 0 1 2
57 1057 161 1101 260 136 0 0 1 2
57 1081 161 1125 260 156 0 0 1 2
57 1103 161 1147 260 176 0 0 1 2
57 1125 152 1169 251 196 0 0 1 2
57 1141 152 1185 251 216 0 0 1 2
57 1163 152 1206 251 236 0 0 1 2
57 1175 161 1218 260 256 0 0 1 2
57 1177 161 1220 260 276 0 0 1 2
57 1179 161 1222 260 296 0 0 1 2
57 1183 161 1226 260 316 0 0 1 2
57 1185 161 1228 260 336 0 0 1 2
57 1187 161 1230 260 356 0 0 1 2
57 1189 161 1232 260 376 0 0 1 2
57 1195 156 1238 256 396 0 0 1 2
57 1165 152 1210 251 416 0 1 1 2
57 1131 152 1175 251 436 0 1 1 2
57 1095 152 1141 251 456 0 1 1 2
57 1061 152 1105 251 476 0 1 1 2
57 1025 152 1071 251 496 0 1 1 2
57 991 152 1037 251 516 0 1 1 2
58 454 850 495 908 2068 0 0 1 1
58 497 809 541 867 2088 0 0 1 1
58 543 763 589 821 2108 0 0 1 1
58 567 739 613 796 2128 0 0 1 1
58 581 718 627 776 2148 0 0 1 1
58 595 701 641 759 2168 0 0 1 1
58 611 685 657 743 2188 0 0 1 1
59 33 949 77 1011 1857 0 0 1 1
59 41 945 85 1003 1877 0 0 1 1
59 91 933 135 991 1897 0 1 1 1
59 155 920 199 978 1917 0 1 1 1
59 219 912 262 970 1937 0 1 1 1
59 282 900 326 957 1957 0 1 1 1
59 346 887 390 945 1977 0 1 1 1
59 410 875 454 933 1997 0 1 1 1
59 454 834 517 916 2017 0 0 1 1
59 523 772 589 854 2037 0 0 1 1
59 565 734 631 817 2057 0 0 1 1
59 599 706 665 788 2077 0 0 1 1
59 631 673 697 755 2097 0 0 1 1
59 665 640 730 722 2117 0 0 1 1
59 699 611 764 693 2137 0 0 1 1
59 728 582 794 664 2157 0 0 1 1
59 752 565 820 648 2177 0 0 1 1
59 780 565 848 648 2197 0 0 1 1
60 944 929 977 1015 2015 0 0 1 1
60 932 887 963 974 2035 0 0 1 1
60 918 850 950 937 2055 0 0 1 1
60 904 813 938 900 2075 0 0 1 1
60 890 776 924 862 2095 0 0 1 1
60 878 734 910 821 2115 0 0 1 1
60 866 697 898 784 2135 0 0 1 1
60 864 648 894 734 2155 0 0 1 1
60 860 598 888 685 2175 0 0 1 1
60 860 545 888 640 2195 0 0 1 1
61 844 1882 884 1965 1832 0 0 1 1
61 844 1796 884 1882 1852 0 0 1 1
61 848 1680 888 1767 1872 0 0 1 1
61 848 1577 888 1668 1892 0 0 1 1
61 850 1445 890 1536 1912 0 0 1 1
61 870 1341 910 1432 1932 0 0 1 1
61 898 1222 938 1313 1952 0 0 1 1
61 936 1135 975 1226 1972 0 0 1 1
61 965 1036 1005 1127 1992 0 0 1 1
61 985 941 1019 1048 2012 0 0 1 1
61 981 858 1015 966 2032 0 0 1 1
61 942 796 973 904 2052 0 0 1 1
61 894 722 926 829 2072 0 0 1 1
61 846 644 878 751 2092 0 0 1 1
61 824 553 856 660 2112 0 0 1 1
61 818 454 850 561 2132 0 0 1 1
61 812 355 844 462 2152 0 0 1 1
61 814 260 846 363 2172 0 0 1 1
61 824 165 856 264 2192 0 0 1 1
62 1376 912 1422 991 1804 0 0 1 1
62 1360 924 1406 1007 1824 0 0 1 1
62 1328 933 1376 1015 1844 0 0 1 1
62 1288 933 1336 1015 1864 0 0 1 1
62 1246 933 1294 1015 1884 0 1 1 1
62 1206 933 1254 1015 1904 0 1 1 1
62 1165 929 1212 1011 1924 0 1 1 1
62 1119 920 1167 1003 1944 0 1 1 1
62 1081 920 1129 1003 1964 0 1 1 1
62 1047 891 1095 974 1984 0 0 1 1
62 1017 854 1065 937 2004 0 0 1 1
62 987 817 1035 896 2024 0 0 1 1
62 959 784 1007 854 2044 0 0 1 1
62 930 747 977 817 2064 0 0 1 1
62 902 714 950 776 2084 0 0 1 1
62 868 701 916 763 2104 0 0 1 1
62 834 697 882 759 2124 0 0 1 1
62 800 693 848 755 2144 0 0 1 1
62 764 693 812 755 2164 0 0 1 1
62 730 689 778 751 2184 0 0 1 1
63 713 251 768 326 2002 0 0 1 1
63 717 284 770 355 2022 0 0 1 1
63 718 313 770 388 2042 0 0 1 1
63 717 346 768 425 2062 0 0 1 1
63 717 375 766 458 2082 0 0 1 1
63 715 408 764 495 2102 0 0 1 1
63 713 441 762 532 2122 0 0 1 1
63 713 470 760 569 2142 0 0 1 1
63 715 512 762 611 2162 0 0 1 1
63 718 553 766 652 2182 0 0 1 1
64 802 1713 834 1812 2000 0 0 0 6
64 808 1754 840 1853 2020 0 0 0 6
64 810 1816 842 1915 2040 0 0 1 6
65 866 1899 908 1973 2091 0 0 0 6
65 866 1887 908 1969 2111 0 0 1 6
65 866 1837 906 1920 2131 0 0 1 6
65 866 1779 906 1862 2151 0 0 1 6
65 866 1717 906 1800 2171 0 0 1 6
65 866 1655 906 1738 2191 0 0 1 6
66 888 1866 938 1948 2050 0 0 1 6
66 888 1804 936 1887 2070 0 0 1 6
66 886 1746 934 1825 2090 0 0 1 6
66 886 1684 934 1763 2110 0 0 1 6
66 886 1635 934 1713 2130 0 0 1 6
66 886 1581 934 1659 2150 0 0 1 6
66 886 1531 934 1610 2170 0 0 1 6
66 886 1478 934 1556 2190 0 0 1 6
67 930 61 971 123 2080 0 0 1 2
67 930 78 971 140 2100 0 0 1 2
67 930 94 971 156 2120 0 0 1 2
67 930 111 971 173 2140 0 0 1 2
67 930 128 971 189 2160 0 0 1 2
67 930 144 971 202 2180 0 0 1 2
67 930 161 971 218 2200 0 0 1 2
68 1163 181 1191 239 2201 0 0 0 2
69 1043 61 1073 132 1579 0 0 1 2
69 1043 78 1073 148 1599 0 0 1 2
69 1043 90 1073 161 1619 0 0 1 2
69 1041 107 1071 177 1639 0 0 1 2
69 1037 128 1067 198 1659 0 0 1 2
69 1031 144 1061 214 1679 0 0 1 2
69 1027 161 1055 231 1699 0 0 1 2
69 1019 177 1047 247 1719 0 0 1 2
69 1005 194 1033 264 1739 0 0 1 2
69 995 210 1023 280 1759 0 0 1 2
69 987 231 1015 301 1779 0 0 1 2
69 979 247 1007 317 1799 0 0 1 2
69 967 260 995 334 1819 0 0 1 2
69 957 272 985 346 1839 0 1 1 2
69 946 284 973 359 1859 0 1 1 2
69 938 301 965 371 1879 0 0 1 2
69 932 322 957 388 1899 0 0 1 2
69 930 334 956 400 1919 0 0 1 2
69 930 334 956 400 1939 0 0 1 2
69 930 334 956 400 1959 0 0 1 2
69 930 400 956 466 1979 0 0 1 2
69 926 425 952 491 1999 0 0 1 2
69 926 437 954 499 2019 0 0 1 2
69 928 450 957 507 2039 0 0 1 2
69 930 458 959 516 2059 0 0 1 2
69 934 478 963 536 2079 0 0 1 2
69 936 499 965 557 2099 0 0 1 2
69 938 524 967 582 2119 0 0 1 2
69 942 545 971 602 2139 0 0 1 2
69 944 565 973 623 2159 0 0 1 2
69 946 586 975 644 2179 0 0 1 2
69 948 606 977 664 2199 0 0 1 2
70 868 1903 902 1969 430 0 0 1 1
70 864 1829 898 1895 450 0 0 1 1
70 862 1754 896 1820 470 0 0 1 1
70 862 1668 894 1738 490 0 0 1 1
70 862 1585 902 1664 510 0 0 1 1
70 864 1511 920 1597 530 0 0 1 1
70 868 1441 932 1527 550 0 0 1 1
70 874 1370 938 1457 570 0 0 1 1
70 880 1304 944 1391 590 0 0 1 1
70 886 1234 950 1321 610 0 0 1 1
70 896 1164 959 1251 630 0 0 1 1
70 908 1094 971 1180 650 0 0 1 1
70 922 1028 985 1114 670 0 0 0 1
70 922 962 985 1048 690 0 0 1 1
70 922 896 985 982 710 0 0 1 1
70 922 829 985 916 730 0 0 1 1
70 908 768 971 854 750 0 0 1 1
70 880 714 944 801 770 0 0 0 1
70 864 673 928 759 790 0 0 1 1
70 848 635 912 722 810 0 0 0 1
70 842 598 906 685 830 0 0 1 1
70 842 557 906 644 850 0 0 1 1
70 846 512 910 598 870 0 0 0 1
70 842 466 906 553 890 0 0 1 1
70 838 421 902 507 910 0 0 1 1
70 834 375 898 462 930 0 0 1 1
70 828 338 892 425 950 0 0 0 1
70 826 280 890 367 970 0 0 0 1
70 816 243 880 330 990 0 0 0 1
70 820 173 872 268 1010 0 0 0 1
70 822 115 874 210 1030 0 0 0 1
70 826 70 878 161 1050 0 0 0 1
70 820 28 872 119 1070 0 0 0 1
70 824 0 876 37 1090 0 0 0 1
70 844 41 882 123 1880 0 0 1 1
70 836 90 874 177 1900 0 0 1 1
70 824 144 860 235 1920 0 0 1 1
70 804 202 840 293 1940 0 0 1 1
70 788 264 824 355 1960 0 0 1 1
70 772 334 808 425 1980 0 0 0 1
70 758 408 794 499 2000 0 0 0 1
70 754 466 794 553 2020 0 0 1 1
70 750 524 796 606 2040 0 0 1 1
70 746 578 794 660 2060 0 0 1 1
70 742 631 790 710 2080 0 0 0 1
70 728 681 776 759 2100 0 0 1 1
70 715 730 762 813 2120 0 0 1 1
70 701 784 748 862 2140 0 0 1 1
70 687 834 734 916 2160 0 0 1 1
70 675 883 722 966 2180 0 0 1 1
70 661 937 709 1019 2200 0 0 1 1
71 83 966 135 1048 1668 0 0 1 1
71 123 982 175 1065 1688 0 0 1 1
71 165 999 217 1081 1708 0 0 1 1
71 205 1015 256 1098 1728 0 0 1 1
71 246 1036 298 1119 1748 0 0 1 1
71 286 1052 338 1135 1768 0 0 1 1
71 328 1069 380 1152 1788 0 0 1 1
71 368 1085 420 1168 1808 0 0 1 1
71 412 1110 464 1193 1828 0 1 1 1
71 456 1139 507 1222 1848 0 1 1 1
71 505 1176 557 1259 1868 0 1 1 1
71 539 1201 591 1284 1888 0 1 1 1
71 579 1238 631 1321 1908 0 1 1 1
71 619 1280 671 1362 1928 0 1 1 1
71 663 1317 715 1399 1948 0 0 1 1
71 701 1354 752 1436 1968 0 0 1 1
71 726 1395 778 1478 1988 0 0 1 1
71 736 1436 786 1527 2008 0 0 1 1
71 740 1486 792 1581 2028 0 0 1 1
71 746 1540 796 1631 2048 0 0 1 1
71 752 1593 802 1684 2068 0 0 1 1
71 758 1643 806 1734 2088 0 0 1 1
71 762 1697 812 1787 2108 0 0 1 1
71 768 1750 816 1837 2128 0 0 1 1
71 774 1804 820 1891 2148 0 0 1 1
71 780 1853 826 1940 2168 0 0 1 1
71 784 1891 830 1977 2188 0 0 1 1
72 928 1911 954 1973 1661 0 0 1 2
72 930 1887 956 1957 1681 0 0 1 2
72 930 1866 956 1940 1701 0 0 1 2
72 932 1841 959 1911 1721 0 0 1 2
72 932 1804 957 1878 1741 0 0 1 2
72 930 1767 957 1841 1761 0 0 1 2
72 940 1754 965 1825 1781 0 0 0 2
72 936 1738 963 1812 1801 0 0 0 2
72 934 1713 961 1783 1821 0 0 1 2
72 934 1688 959 1759 1841 0 0 1 2
72 932 1668 957 1742 1861 0 0 1 2
72 928 1659 954 1734 1881 0 0 1 2
72 930 1606 956 1680 1901 0 0 0 2
72 926 1610 954 1684 1921 0 0 1 2
72 928 1577 956 1651 1941 0 0 0 2
72 922 1581 950 1655 1961 0 0 0 2
72 924 1531 952 1606 1981 0 0 1 2
72 924 1507 952 1581 2001 0 0 1 2
72 924 1486 952 1560 2021 0 0 1 2
72 924 1465 952 1540 2041 0 0 1 2
72 924 1449 952 1519 2061 0 0 1 2
72 924 1428 952 1498 2081 0 0 1 2
72 924 1408 952 1478 2101 0 0 1 2
72 928 1383 956 1453 2121 0 0 1 2
72 936 1358 963 1428 2141 0 0 1 2
72 936 1358 963 1428 2161 0 0 1 2
72 936 1358 963 1428 2181 0 0 1 2
72 936 1358 963 1428 2201 0 1 0 2
73 934 1882 959 1944 1760 0 0 1 2
73 934 1858 959 1920 1780 0 0 1 2
73 934 1833 959 1899 1800 0 0 1 2
73 934 1812 959 1874 1820 0 0 1 2
73 934 1787 959 1849 1840 0 0 1 2
73 932 1763 957 1829 1860 0 0 1 2
73 932 1738 957 1804 1880 0 0 1 2
73 932 1713 957 1779 1900 0 0 1 2
73 932 1692 957 1754 1920 0 0 1 2
73 932 1668 957 1734 1940 0 0 1 2
73 932 1643 957 1713 1960 0 0 1 2
73 932 1622 959 1692 1980 0 0 1 2
73 934 1602 961 1676 2000 0 0 0 2
73 936 1573 963 1651 2020 0 0 1 2
73 938 1548 965 1631 2040 0 0 1 2
73 940 1523 967 1606 2060 0 0 1 2
73 942 1498 969 1585 2080 0 0 1 2
73 944 1474 971 1564 2100 0 0 1 2
73 946 1449 973 1540 2120 0 0 1 2
73 948 1424 975 1519 2140 0 0 1 2
73 950 1399 977 1498 2160 0 0 0 2
73 952 1379 979 1478 2180 0 0 1 2
73 954 1370 981 1469 2200 0 0 1 2
74 963 1725 991 1816 1802 0 0 1 2
74 959 1701 987 1792 1822 0 0 1 2
74 956 1680 983 1771 1842 0 0 1 2
74 952 1655 981 1746 1862 0 0 1 2
74 956 1631 983 1721 1882 0 0 1 2
74 956 1606 985 1697 1902 0 0 1 2
74 950 1585 977 1672 1922 0 0 1 2
74 950 1573 979 1664 1942 0 0 1 2
74 946 1552 973 1643 1962 0 0 1 2
74 946 1523 973 1614 1982 0 0 1 2
74 946 1494 973 1585 2002 0 0 1 2
74 948 1474 973 1548 2022 0 0 1 2
74 952 1453 973 1515 2042 0 0 1 2
74 952 1428 971 1486 2062 0 0 1 2
74 950 1408 969 1465 2082 0 0 1 2
74 948 1387 967 1445 2102 0 0 1 2
74 948 1387 967 1445 2122 0 0 1 2
74 948 1387 967 1445 2142 0 1 1 2
74 948 1387 967 1445 2162 0 1 1 2
74 948 1387 967 1445 2182 0 1 1 2
76 880 1837 930 1936 2179 0 0 1 1
76 878 1796 930 1895 2199 0 0 1 1
79 1366 1098 1382 1147 2125 0 0 1 2
79 1352 1098 1370 1147 2145 0 0 1 2
79 1340 1098 1360 1147 2165 0 0 1 2
79 1326 1098 1348 1147 2185 0 0 1 2
80 850 1874 892 1973 360 0 0 1 4
80 838 1862 884 1969 380 0 0 1 4
80 836 1787 882 1895 400 0 0 1 4
80 834 1717 880 1825 420 0 0 1 4
80 836 1643 882 1750 440 0 0 1 4
80 842 1560 888 1668 460 0 0 1 4
80 844 1486 890 1593 480 0 0 1 4
80 848 1412 894 1519 500 0 0 0 4
80 850 1337 906 1461 520 0 0 1 4
80 856 1267 916 1395 540 0 0 1 4
80 876 1197 936 1325 560 0 0 1 4
80 904 1127 963 1255 580 0 0 0 4
80 920 1052 979 1180 600 0 0 1 4
80 926 978 985 1106 620 0 0 1 4
80 926 896 985 1024 640 0 0 0 4
80 912 829 971 957 660 0 0 1 4
80 890 768 950 896 680 0 0 1 4
80 862 701 922 829 700 0 0 1 4
80 840 631 900 759 720 0 0 1 4
80 832 549 892 677 740 0 0 1 4
80 830 470 890 598 760 0 0 1 4
80 830 396 890 524 780 0 0 1 4
80 830 330 890 458 800 0 0 0 4
80 828 247 888 375 820 0 0 1 4
80 828 169 888 297 840 0 0 1 4
80 826 99 886 227 860 0 0 1 4
80 828 24 888 152 880 0 0 0 4
81 872 1812 914 1911 170 0 0 0 1
81 874 1746 916 1845 190 0 0 1 1
81 878 1680 920 1779 210 0 0 0 1
81 880 1589 922 1688 230 0 0 1 1
81 878 1511 920 1610 250 0 0 1 1
81 870 1441 912 1540 270 0 0 0 1
81 882 1387 924 1486 290 0 0 0 1
81 886 1308 928 1408 310 0 0 1 1
81 896 1234 938 1333 330 0 0 1 1
81 912 1172 954 1271 350 0 0 1 1
81 924 1114 965 1213 370 0 0 1 1
81 938 1052 979 1152 390 0 0 1 1
81 954 982 995 1081 410 0 0 1 1
81 959 916 1001 1015 430 0 0 1 1
81 952 867 993 966 450 0 0 1 1
81 932 809 973 908 470 0 0 1 1
81 900 751 942 850 490 0 0 0 1
81 854 726 898 825 510 0 0 1 1
81 810 714 862 817 530 0 0 1 1
81 766 701 826 805 550 0 0 1 1
81 724 693 790 796 570 0 0 0 1
81 703 660 768 763 590 0 0 1 1
81 673 644 738 747 610 0 0 1 1
81 637 644 703 747 630 0 0 1 1
81 605 652 671 755 650 0 0 1 1
81 577 673 643 776 670 0 0 1 1
81 549 693 615 796 690 0 0 0 1
81 517 734 583 838 710 0 0 1 1
81 485 776 551 879 730 0 0 1 1
81 450 829 517 933 750 0 0 0 1
81 428 846 495 949 770 0 0 1 1
81 394 850 462 953 790 0 1 1 1
81 328 858 396 962 810 0 1 1 1
81 260 867 328 970 830 0 1 1 1
81 195 875 262 978 850 0 1 1 1
81 129 883 197 986 870 0 1 1 1
81 61 891 129 995 890 0 1 1 1
81 0 912 65 1015 910 0 0 0 1
82 310 1032 386 1135 540 0 0 1 1
82 292 1028 368 1131 560 0 0 1 1
82 272 1028 348 1131 580 0 0 0 1
82 225 1024 300 1127 600 0 0 0 1
82 207 1015 282 1119 620 0 1 1 1
82 171 1007 246 1110 640 0 1 1 1
82 137 995 213 1098 660 0 1 1 1
82 101 982 177 1085 680 0 1 1 1
82 65 974 141 1077 700 0 1 1 1
82 27 970 103 1073 720 0 0 0 1
83 852 1924 876 1977 405 0 0 0 1
83 836 1870 868 1936 425 0 0 1 1
83 836 1804 868 1882 445 0 0 1 1
83 836 1721 868 1800 465 0 0 1 1
83 840 1639 872 1717 485 0 0 1 1
83 840 1564 876 1643 505 0 0 1 1
83 838 1482 884 1573 525 0 0 1 1
83 842 1399 896 1503 545 0 0 1 1
83 858 1325 912 1428 565 0 0 1 1
83 876 1247 928 1350 585 0 0 1 1
83 892 1172 944 1275 605 0 0 1 1
83 912 1098 963 1201 625 0 0 1 1
83 938 1028 989 1131 645 0 0 1 1
83 961 953 1013 1057 665 0 0 1 1
83 950 887 1001 991 685 0 0 1 1
83 924 825 975 929 705 0 0 1 1
83 896 759 948 862 725 0 0 1 1
83 872 693 924 796 745 0 0 1 1
83 850 619 902 722 765 0 0 1 1
83 834 545 886 648 785 0 0 1 1
83 818 470 870 573 805 0 0 1 1
83 814 396 866 499 825 0 0 1 1
83 814 322 866 425 845 0 0 1 1
83 812 256 864 359 865 0 0 1 1
83 810 181 862 284 885 0 0 1 1
83 810 107 862 210 905 0 0 1 1
83 808 37 860 140 925 0 0 1 1
84 705 16 740 66 145 0 0 1 1
84 705 82 740 148 165 0 0 1 1
84 711 161 744 231 185 0 0 1 1
84 715 251 748 322 205 0 0 1 1
84 718 355 752 425 225 0 0 1 1
84 720 445 754 516 245 0 0 1 1
84 722 536 756 606 265 0 0 1 1
84 717 627 750 697 285 0 0 1 1
84 699 714 732 784 305 0 0 1 1
84 677 796 711 867 325 0 0 1 1
84 665 879 699 949 345 0 0 1 1
84 665 962 699 1032 365 0 0 1 1
84 693 1044 726 1114 385 0 0 1 1
84 722 1123 756 1193 405 0 0 1 1
84 746 1197 780 1267 425 0 0 1 1
84 758 1275 792 1346 445 0 0 1 1
84 762 1350 796 1420 465 0 0 1 1
84 756 1432 790 1503 485 0 0 1 1
84 758 1523 798 1614 505 0 0 1 1
84 764 1577 812 1688 525 0 0 1 1
84 774 1664 822 1775 545 0 0 1 1
84 780 1750 828 1862 565 0 0 1 1
84 784 1825 832 1936 585 0 0 1 1
84 784 1887 832 1973 605 0 0 1 1
86 1350 1085 1394 1147 243 0 0 1 1
86 1306 1069 1350 1131 263 0 0 1 1
86 1284 1073 1328 1135 283 0 0 1 1
86 1206 1044 1248 1123 303 0 0 1 1
86 1105 1044 1149 1102 323 0 0 1 1
86 1069 978 1113 1036 343 0 0 1 1
86 1021 908 1065 966 363 0 0 1 1
86 979 867 1023 924 383 0 0 1 1
86 918 813 961 871 403 0 0 1 1
86 836 768 880 825 423 0 0 1 1
86 760 772 804 829 443 0 0 1 1
86 697 788 740 846 463 0 0 1 1
86 639 838 683 896 483 0 0 1 1
86 605 908 651 970 503 0 0 1 1
86 595 966 653 1057 523 0 0 1 1
86 603 1032 665 1135 543 0 0 1 1
86 623 1098 685 1201 563 0 0 1 1
86 671 1152 732 1255 583 0 0 1 1
86 718 1201 780 1304 603 0 0 1 1
86 760 1255 822 1358 623 0 0 1 1
86 772 1325 834 1428 643 0 0 1 1
86 772 1399 834 1503 663 0 0 1 1
86 772 1478 834 1581 683 0 0 1 1
86 774 1573 836 1676 703 0 0 1 1
86 768 1672 830 1775 723 0 0 1 1
86 764 1771 826 1874 743 0 0 1 1
87 888 1911 932 1973 52 0 0 1 1
87 888 1853 932 1932 72 0 0 1 1
87 876 1767 920 1845 92 0 0 1 1
87 882 1676 926 1746 112 0 0 1 1
87 866 1597 910 1676 132 0 0 1 1
87 870 1511 912 1589 152 0 0 1 1
87 848 1449 892 1523 172 0 0 1 1
87 826 1391 870 1469 192 0 0 1 1
87 808 1358 852 1436 212 0 0 1 1
87 792 1341 836 1420 232 0 0 1 1
87 778 1325 822 1403 252 0 0 1 1
87 766 1308 810 1387 272 0 0 1 1
87 750 1304 794 1383 292 0 0 1 1
87 734 1304 778 1383 312 0 0 1 1
87 707 1304 750 1383 332 0 0 1 1
87 681 1304 724 1383 352 0 0 1 1
87 663 1308 707 1387 372 0 0 1 1
87 647 1304 691 1383 392 0 0 1 1
87 623 1300 667 1379 412 0 0 1 1
87 599 1296 643 1375 432 0 0 1 1
87 583 1288 627 1366 452 0 0 1 1
87 569 1275 613 1354 472 0 0 1 1
87 549 1259 593 1337 492 0 0 1 1
87 525 1238 573 1325 512 0 0 1 1
87 497 1218 555 1308 532 0 0 1 1
87 474 1193 539 1296 552 0 0 1 1
87 452 1152 517 1255 572 0 0 1 1
87 422 1110 487 1213 592 0 0 1 1
87 386 1073 454 1176 612 0 0 1 1
87 336 1057 404 1160 632 0 0 1 1
87 304 1036 372 1139 652 0 0 1 1
87 262 1019 330 1123 672 0 1 1 1
87 197 991 264 1094 692 0 1 1 1
87 129 966 197 1069 712 0 1 1 1
87 61 937 129 1040 732 0 1 1 1
87 9 929 77 1032 752 0 0 1 1
88 306 1073 348 1160 473 0 0 1 1
88 378 1094 418 1185 493 0 0 1 1
88 434 1106 487 1201 513 0 0 1 1
88 485 1147 545 1242 533 0 0 1 1
88 525 1185 585 1280 553 0 0 1 1
88 559 1222 619 1317 573 0 0 1 1
88 591 1259 651 1354 593 0 0 1 1
88 633 1296 693 1391 613 0 0 1 1
88 665 1358 724 1453 633 0 0 1 1
88 673 1432 732 1527 653 0 0 1 1
88 675 1507 734 1602 673 0 0 1 1
88 669 1577 728 1672 693 0 0 1 1
88 667 1664 726 1759 713 0 0 1 1
88 663 1734 722 1829 733 0 0 1 1
89 589 1337 657 1449 573 0 0 1 2
89 597 1370 665 1482 593 0 0 1 2
89 609 1383 677 1494 613 0 0 1 2
89 621 1403 689 1515 633 0 0 1 2
89 629 1424 697 1536 653 0 0 1 2
89 629 1436 697 1548 673 0 0 1 2
89 629 1453 697 1564 693 0 0 1 2
89 629 1503 697 1614 713 0 0 1 2
89 629 1515 697 1626 733 0 0 1 2
89 627 1531 695 1643 753 0 0 1 2
89 627 1544 695 1655 773 0 0 1 2
89 627 1560 695 1672 793 0 0 1 2
89 629 1581 697 1692 813 0 0 1 2
89 629 1610 697 1721 833 0 0 1 2
89 629 1635 697 1746 853 0 0 1 2
89 631 1659 699 1771 873 0 0 1 2
89 631 1680 699 1792 893 0 0 1 2
89 629 1684 697 1796 913 0 0 1 2
89 629 1709 697 1820 933 0 0 1 2
89 637 1725 703 1833 953 0 0 1 2
90 593 1321 655 1412 644 0 0 1 2
90 601 1350 663 1441 664 0 0 1 2
90 603 1387 665 1474 684 0 0 1 2
90 623 1395 685 1482 704 0 0 1 2
90 631 1424 693 1511 724 0 0 1 2
90 635 1461 695 1548 744 0 0 1 2
90 645 1486 705 1573 764 0 0 1 2
90 645 1486 705 1573 784 0 0 1 2
90 649 1494 709 1577 804 0 0 1 2
90 649 1494 709 1577 824 0 0 1 2
90 649 1494 709 1577 844 0 0 1 2
90 653 1511 715 1593 864 0 0 1 2
90 685 1626 746 1709 884 0 0 1 2
90 685 1626 746 1709 904 0 0 1 2
90 681 1672 742 1754 924 0 0 1 2
90 679 1717 740 1800 944 0 0 1 2
90 677 1734 738 1816 964 0 0 1 2
90 673 1750 734 1833 984 0 0 1 2
90 673 1750 734 1833 1004 0 0 1 2
90 673 1750 734 1833 1024 0 1 1 2
91 836 673 868 730 12 0 0 1 2
91 860 673 892 730 32 0 0 1 2
91 886 673 918 730 52 0 0 1 2
91 910 677 942 734 72 0 0 1 2
91 930 677 961 734 92 0 0 1 2
91 950 677 981 734 112 0 0 1 2
91 965 681 997 747 132 0 0 1 2
91 981 685 1011 759 152 0 0 1 2
91 995 693 1025 776 172 0 0 1 2
91 1013 697 1043 780 192 0 0 1 2
91 1031 706 1061 788 212 0 0 1 2
91 1051 706 1081 788 232 0 0 1 2
91 1069 710 1099 792 252 0 0 1 2
91 1089 714 1119 796 272 0 0 1 2
91 1109 714 1139 796 292 0 0 1 2
91 1129 714 1159 796 312 0 0 1 2
91 1149 718 1179 801 332 0 0 1 2
91 1167 726 1196 809 352 0 0 1 2
91 1185 734 1214 817 372 0 0 1 2
91 1202 739 1232 821 392 0 0 1 2
91 1220 747 1250 829 412 0 0 1 2
91 1240 755 1270 838 432 0 0 1 2
91 1260 759 1290 842 452 0 0 1 2
91 1284 763 1314 846 472 0 0 1 2
91 1300 772 1330 854 492 0 0 1 2
91 1312 784 1356 871 512 0 0 1 2
91 1322 809 1386 896 532 0 0 1 2
91 1342 817 1406 904 552 0 0 1 2
91 1364 817 1428 904 572 0 0 1 2
91 1372 817 1432 904 592 0 0 1 2
92 1306 648 1356 747 502 0 0 1 2
93 1119 978 1177 1077 502 0 0 1 1
93 1159 937 1216 1036 522 0 0 1 1
93 1198 896 1256 995 542 0 0 1 1
93 1246 879 1306 978 562 0 0 1 1
93 1298 879 1358 978 582 0 0 1 1
93 1354 883 1414 982 602 0 0 1 1
95 713 1412 758 1515 500 0 0 0 2
95 713 1416 758 1519 520 0 0 1 2
95 713 1420 758 1523 540 0 0 1 2
95 713 1424 758 1527 560 0 0 1 2
95 713 1428 758 1531 580 0 0 1 2
95 713 1428 756 1531 600 0 0 1 2
95 713 1428 756 1536 620 0 0 1 2
95 718 1445 762 1552 640 0 0 1 2
95 722 1461 766 1569 660 0 0 1 2
95 730 1478 774 1585 680 0 0 1 2
95 740 1498 784 1602 700 0 0 1 2
95 750 1523 796 1622 720 0 0 0 2
95 754 1552 800 1651 740 0 0 1 2
95 758 1581 804 1680 760 0 0 1 2
95 762 1614 808 1713 780 0 0 1 2
95 766 1643 812 1742 800 0 0 1 2
95 762 1672 808 1771 820 0 0 1 2
95 754 1701 800 1800 840 0 0 1 2
95 744 1725 790 1825 860 0 0 1 2
95 736 1754 782 1853 880 0 0 1 2
95 730 1783 776 1882 900 0 0 1 2
95 728 1816 774 1915 920 0 0 0 2
96 1139 1011 1185 1123 650 0 0 0 2
96 1147 986 1193 1098 670 0 0 1 2
96 1157 962 1202 1073 690 0 0 1 2
96 1167 937 1212 1048 710 0 0 1 2
96 1177 912 1222 1024 730 0 0 1 2
96 1187 887 1232 999 750 0 0 1 2
96 1196 867 1242 974 770 0 0 0 2
96 1208 842 1252 945 790 0 0 1 2
96 1220 817 1264 920 810 0 0 1 2
96 1232 792 1276 896 830 0 0 0 2
96 1248 755 1292 858 850 0 0 1 2
96 1264 722 1308 825 870 0 0 1 2
96 1280 689 1324 792 890 0 0 0 2
96 1288 648 1332 751 910 0 0 0 2
96 1306 644 1350 747 930 0 0 0 2
98 1402 693 1430 763 1020 0 0 1 2
99 1340 957 1414 1044 984 0 0 1 1
99 1294 962 1370 1044 1004 0 0 1 1
99 1242 962 1318 1044 1024 0 0 1 1
100 1318 1085 1402 1189 1003 0 0 1 1
101 1370 1081 1424 1152 642 0 0 1 1
101 1328 1073 1380 1143 662 0 0 1 1
101 1306 1077 1358 1147 682 0 0 1 1
102 1328 1090 1388 1160 722 0 0 1 2
103 19 933 79 986 830 0 0 1 1
104 31 962 81 1040 830 0 0 1 1
105 19 887 73 978 572 0 0 1 1
105 1 887 55 978 592 0 0 1 1
105 1 887 55 978 612 0 0 1 1
106 428 1094 493 1172 342 0 0 1 1
106 470 1131 535 1209 362 0 0 1 1
106 509 1172 575 1251 382 0 0 1 1
106 545 1218 611 1296 402 0 0 1 1
106 581 1267 647 1346 422 0 0 1 1
106 617 1300 683 1379 442 0 0 1 1
106 643 1341 709 1420 462 0 0 1 1
106 649 1412 715 1490 482 0 0 1 1
106 657 1486 717 1560 502 0 0 1 1
106 677 1581 720 1647 522 0 0 1 1
106 681 1655 724 1721 542 0 0 1 1
106 671 1688 715 1754 562 0 0 1 1
107 936 1085 975 1176 10 0 0 1 1
107 954 1028 993 1119 30 0 0 1 1
107 963 986 1003 1077 50 0 0 0 1
107 963 924 1003 1015 70 0 0 1 1
107 952 858 991 949 90 0 0 1 1
107 928 796 967 887 110 0 0 1 1
107 902 755 942 846 130 0 0 0 1
107 892 677 932 768 150 0 0 1 1
107 896 627 936 718 170 0 0 0 1
107 908 569 948 660 190 0 0 1 1
107 916 524 956 615 210 0 0 1 1
107 920 491 959 582 230 0 0 1 1
107 920 454 959 545 250 0 0 1 1
107 920 417 959 507 270 0 0 1 1
107 920 379 959 470 290 0 0 1 1
107 924 342 963 433 310 0 0 1 1
107 928 305 967 396 330 0 0 1 1
107 944 260 983 350 350 0 0 1 1
107 957 214 997 305 370 0 0 1 1
107 985 198 1025 289 390 0 0 1 1
107 1013 181 1053 272 410 0 0 1 1
107 1027 152 1067 243 430 0 0 1 1
107 1041 123 1081 214 450 0 0 1 1
107 1045 99 1085 189 470 0 0 1 1
107 1041 70 1081 161 490 0 0 1 1
107 1033 37 1069 111 510 0 0 0 1
107 1035 24 1071 99 530 0 0 1 1
107 1037 8 1073 82 550 0 0 0 1
107 1039 0 1075 66 570 0 0 0 1
107 1041 0 1077 53 590 0 0 1 1
108 750 20 786 78 401 0 0 1 1
108 750 70 786 128 421 0 0 1 1
108 750 119 786 177 441 0 0 1 1
108 750 169 786 227 461 0 0 1 1
108 750 222 786 280 481 0 0 0 1
108 750 272 788 330 501 0 0 1 1
108 750 330 796 400 521 0 0 1 1
108 750 384 806 470 541 0 0 1 1
108 746 433 806 524 561 0 0 1 1
108 740 478 800 569 581 0 0 1 1
108 732 524 792 615 601 0 0 1 1
108 717 569 776 660 621 0 0 1 1
108 701 611 760 701 641 0 0 1 1
108 665 648 724 739 661 0 0 1 1
108 629 685 689 776 681 0 0 1 1
108 593 726 653 817 701 0 0 1 1
108 553 772 613 862 721 0 0 1 1
108 511 817 571 908 741 0 0 1 1
108 470 875 529 966 761 0 0 1 1
108 432 912 491 1003 781 0 0 1 1
108 432 912 491 1003 801 0 1 1 1
108 432 912 491 1003 821 0 1 1 1
108 432 912 491 1003 841 0 1 1 1
108 432 912 491 1003 861 0 1 1 1
108 432 912 491 1003 881 0 1 1 1
108 432 912 491 1003 901 0 1 1 1
108 432 912 491 1003 921 0 1 1 1
108 432 912 491 1003 941 0 1 1 1
108 432 912 491 1003 961 0 1 1 1
108 432 912 491 1003 981 0 1 1 1
108 432 912 491 1003 1001 0 1 1 1
108 432 912 491 1003 1021 0 1 1 1
109 1380 912 1420 978 19 0 0 1 1
109 1356 904 1396 970 39 0 0 1 1
109 1324 904 1364 970 59 0 0 1 1
109 1282 904 1322 970 79 0 0 1 1
109 1246 904 1286 970 99 0 0 1 1
109 1214 912 1254 978 119 0 0 1 1
109 1181 916 1220 982 139 0 0 1 1
109 1147 912 1187 978 159 0 0 1 1
109 1113 908 1153 974 179 0 0 1 1
109 1081 900 1121 966 199 0 0 1 1
109 1051 879 1091 945 219 0 0 1 1
109 1027 834 1067 900 239 0 0 1 1
109 1001 805 1041 871 259 0 0 1 1
109 973 788 1013 854 279 0 0 1 1
109 944 772 983 838 299 0 0 1 1
109 908 739 948 805 319 0 0 1 1
109 870 710 910 776 339 0 0 1 1
109 832 685 872 751 359 0 0 1 1
109 794 668 834 734 379 0 0 1 1
109 756 656 796 722 399 0 0 1 1
109 720 640 760 706 419 0 0 1 1
109 683 640 722 706 439 0 0 1 1
109 647 648 687 714 459 0 0 1 1
109 615 664 655 730 479 0 0 1 1
109 587 685 627 751 499 0 0 1 1
109 549 710 597 784 519 0 0 1 1
109 525 747 575 821 539 0 0 1 1
109 499 772 549 846 559 0 0 1 1
109 470 809 519 883 579 0 0 1 1
109 438 842 487 916 599 0 0 1 1
109 408 879 460 953 619 0 0 1 1
109 408 883 460 957 639 0 1 1 1
109 408 883 460 957 659 0 1 1 1
109 408 883 460 957 679 0 1 1 1
109 408 883 460 957 699 0 1 1 1
109 408 883 460 957 719 0 1 1 1
109 408 883 460 957 739 0 1 1 1
109 408 883 460 957 759 0 1 1 1
109 408 883 460 957 779 0 1 1 1
109 408 883 460 957 799 0 1 1 1
109 408 883 460 957 819 0 1 1 1
109 408 883 460 957 839 0 1 1 1
109 408 883 460 957 859 0 1 1 1
109 408 883 460 957 879 0 1 1 1
109 408 883 460 957 899 0 1 1 1
109 408 883 460 957 919 0 1 1 1
109 408 883 460 957 939 0 1 1 1
109 408 883 460 957 959 0 1 1 1
109 408 883 460 957 979 0 1 1 1
109 408 883 460 957 999 0 1 1 1
109 408 883 460 957 1019 0 1 1 1
110 1382 941 1422 999 17 0 0 1 1
110 1358 941 1398 999 37 0 0 1 1
110 1328 941 1368 999 57 0 0 1 1
110 1288 949 1328 1007 77 0 0 1 1
110 1252 957 1292 1015 97 0 0 1 1
110 1224 957 1264 1015 117 0 0 1 1
110 1191 957 1230 1015 137 0 0 1 1
110 1159 957 1198 1015 157 0 0 1 1
110 1131 957 1171 1015 177 0 0 1 1
110 1101 957 1141 1015 197 0 0 1 1
110 1073 945 1113 1003 217 0 0 1 1
110 1047 920 1087 978 237 0 0 1 1
110 1019 896 1059 953 257 0 0 1 1
110 991 871 1031 929 277 0 0 1 1
110 961 842 1001 900 297 0 0 1 1
110 934 817 971 871 317 0 0 1 1
110 906 788 944 842 337 0 0 1 1
110 876 759 914 817 357 0 0 1 1
110 848 730 884 796 377 0 0 1 1
110 818 706 854 780 397 0 0 1 1
110 788 681 824 755 417 0 0 1 1
110 758 660 794 734 437 0 0 1 1
110 724 648 764 718 457 0 0 1 1
110 691 640 730 710 477 0 0 1 1
110 657 644 697 714 497 0 0 1 1
110 623 660 673 726 517 0 0 1 1
110 591 681 649 747 537 0 0 1 1
110 559 714 617 780 557 0 0 1 1
110 537 759 595 825 577 0 0 1 1
110 511 801 569 867 597 0 0 1 1
110 479 829 537 891 617 0 0 1 1
110 454 862 511 929 637 0 0 0 1
110 392 879 450 945 657 0 0 0 1
110 372 887 430 953 677 0 1 1 1
