0 1277 376 1316 429 5778 0 0 0 1
0 1208 386 1246 439 5798 0 0 0 1
0 1144 386 1182 439 5818 0 0 1 1
0 1080 386 1118 439 5838 0 0 1 1
0 1019 381 1058 434 5858 0 0 1 1
0 961 372 999 425 5878 0 0 0 1
0 893 365 932 418 5898 0 0 1 1
0 827 360 866 413 5918 0 0 1 1
0 765 358 804 411 5938 0 0 0 1
0 700 362 738 415 5958 0 0 1 1
0 636 365 674 418 5978 0 0 0 1
0 572 367 610 420 5998 0 0 1 1
0 508 369 546 422 6018 0 0 0 1
1 747 342 782 392 5840 0 0 1 2
1 749 363 784 413 5860 0 0 1 2
1 751 383 785 432 5880 0 0 1 2
1 749 399 784 448 5900 0 0 1 2
1 749 415 784 464 5920 0 0 1 2
1 747 432 782 482 5940 0 0 1 2
1 747 445 782 494 5960 0 0 1 2
1 751 461 785 510 5980 0 1 1 2
1 751 471 785 521 6000 0 1 1 2
1 751 492 785 542 6020 0 1 1 2
2 774 348 811 392 5849 0 0 1 2
2 774 369 811 413 5869 0 0 1 2
2 774 388 811 432 5889 0 0 1 2
2 774 406 811 450 5909 0 0 1 2
2 774 418 811 462 5929 0 0 1 2
2 774 434 811 478 5949 0 0 1 2
2 773 454 809 498 5969 0 0 1 2
2 769 471 806 515 5989 0 1 1 2
2 767 491 804 535 6009 0 1 1 2
2 765 508 802 552 6029 0 1 1 2
3 1158 823 1200 844 5858 0 0 1 2
3 1138 821 1180 842 5878 0 0 1 2
3 1122 819 1164 840 5898 0 0 1 2
3 1120 817 1162 839 5918 0 0 1 2
3 1120 817 1162 839 5938 0 0 1 2
3 1120 816 1162 837 5958 0 0 1 2
3 1120 816 1162 837 5978 0 0 1 2
4 159 464 184 491 5517 0 0 1 2
4 173 466 199 492 5537 0 0 1 2
4 190 468 215 494 5557 0 0 1 2
4 204 468 230 494 5577 0 0 1 2
4 221 469 246 496 5597 0 1 1 2
4 235 469 261 496 5617 0 1 1 2
4 250 469 275 496 5637 0 1 1 2
4 265 469 290 496 5657 0 0 1 2
4 283 471 308 498 5677 0 0 1 2
4 299 473 325 499 5697 0 0 1 2
4 316 475 341 501 5717 0 1 1 2
4 332 475 358 501 5737 0 1 1 2
4 347 473 372 499 5757 0 1 1 2
4 361 471 387 498 5777 0 1 1 2
4 378 469 403 496 5797 0 1 1 2
4 392 469 418 496 5817 0 1 1 2
4 407 468 433 494 5837 0 1 1 2
4 424 468 449 494 5857 0 0 1 2
4 440 466 466 492 5877 0 0 1 2
4 456 464 482 491 5897 0 1 1 2
4 473 462 498 489 5917 0 1 1 2
4 489 461 515 487 5937 0 1 1 2
4 506 459 531 485 5957 0 1 1 2
4 522 457 548 484 5977 0 0 1 2
4 539 455 564 482 5997 0 0 1 2
4 555 454 581 480 6017 0 1 1 2
5 1 448 43 489 5336 0 0 1 2
5 9 450 51 491 5356 0 0 1 2
5 18 454 60 494 5376 0 0 1 2
5 31 455 73 496 5396 0 0 1 2
5 36 457 78 498 5416 0 0 1 2
5 40 457 82 498 5436 0 0 1 2
5 49 457 91 498 5456 0 0 1 2
5 67 457 109 498 5476 0 0 1 2
5 76 457 118 498 5496 0 0 1 2
5 91 457 133 496 5516 0 0 1 2
5 107 457 148 494 5536 0 0 1 2
5 122 457 162 492 5556 0 0 1 2
5 137 457 177 491 5576 0 0 1 2
5 153 459 191 491 5596 0 0 1 2
5 168 459 206 489 5616 0 0 1 2
5 182 459 221 487 5636 0 0 1 2
5 199 459 235 485 5656 0 0 1 2
5 213 461 250 485 5676 0 1 1 2
5 230 461 266 485 5696 0 1 1 2
5 244 461 281 485 5716 0 1 1 2
5 261 461 297 485 5736 0 1 1 2
5 275 461 312 485 5756 0 0 1 2
5 290 461 327 485 5776 0 0 1 2
5 305 461 341 485 5796 0 0 1 2
5 321 464 358 489 5816 0 0 1 2
5 338 466 374 491 5836 0 1 1 2
5 356 468 392 492 5856 0 1 1 2
5 374 469 411 494 5876 0 1 1 2
5 392 471 429 496 5896 0 1 1 2
5 411 475 447 499 5916 0 1 1 2
5 427 475 464 499 5936 0 1 1 2
5 438 471 475 496 5956 0 1 1 2
5 451 469 488 494 5976 0 1 1 2
5 464 466 500 491 5996 0 1 1 2
5 475 464 511 489 6016 0 1 1 2
6 539 372 595 408 6004 0 0 1 2
6 477 374 533 409 6024 0 0 1 2
6 416 376 473 411 6044 0 0 1 2
6 356 379 413 415 6064 0 0 1 2
6 294 381 350 416 6084 0 0 1 2
6 233 383 290 418 6104 0 0 1 2
6 173 386 230 422 6124 0 0 1 2
6 111 388 168 424 6144 0 0 1 2
6 60 392 115 427 6164 0 0 1 2
6 12 393 63 429 6184 0 0 1 2
7 1237 390 1270 431 4684 0 0 1 1
7 1178 390 1211 429 4704 0 0 1 1
7 1120 390 1153 429 4724 0 0 1 1
7 1060 388 1093 427 4744 0 0 1 1
7 999 388 1032 427 4764 0 0 1 1
7 941 388 974 427 4784 0 0 1 1
7 882 388 915 427 4804 0 0 1 1
7 824 390 857 429 4824 0 0 1 1
7 767 390 800 429 4844 0 0 1 1
7 709 392 742 431 4864 0 0 1 1
7 650 392 683 431 4884 0 0 1 1
7 592 397 625 436 4904 0 0 1 1
7 531 401 564 439 4924 0 0 1 1
7 471 406 504 445 4944 0 0 1 1
7 411 408 444 446 4964 0 0 1 1
7 354 409 387 448 4984 0 0 1 1
7 297 411 336 452 5004 0 0 1 1
7 235 415 296 459 5024 0 0 1 1
7 180 416 241 461 5044 0 0 1 1
7 129 418 190 462 5064 0 0 1 1
7 85 415 146 459 5084 0 0 1 1
7 43 420 104 464 5104 0 0 1 1
7 5 431 62 475 5124 0 0 1 1
7 3 422 43 462 5683 0 0 1 1
7 42 425 89 464 5703 0 0 1 1
7 89 427 137 466 5723 0 0 1 1
7 137 427 184 466 5743 0 0 1 1
7 186 424 233 462 5763 0 0 1 1
7 235 422 283 461 5783 0 0 1 1
7 283 420 330 459 5803 0 0 1 1
7 330 416 378 455 5823 0 0 1 1
7 378 415 425 454 5843 0 0 1 1
7 424 415 471 454 5863 0 0 1 1
7 469 415 517 454 5883 0 0 1 1
7 513 415 561 454 5903 0 0 1 1
7 559 415 606 454 5923 0 0 1 1
7 604 416 652 455 5943 0 0 1 1
7 654 416 701 455 5963 0 0 1 1
7 705 416 753 455 5983 0 0 1 1
7 751 416 798 455 6003 0 0 1 1
7 795 416 844 455 6023 0 0 1 1
7 840 416 890 455 6043 0 0 1 1
7 884 416 937 455 6063 0 0 1 1
7 928 416 983 455 6083 0 0 1 1
7 974 416 1029 454 6103 0 0 1 1
7 1019 416 1074 454 6123 0 0 1 1
7 1065 415 1120 452 6143 0 0 1 1
7 1111 415 1166 452 6163 0 0 1 1
7 1156 413 1211 450 6183 0 0 1 1
7 1202 413 1257 450 6203 0 0 1 1
7 1235 413 1290 450 6223 0 0 1 1
8 0 438 21 477 4601 0 0 0 2
8 14 432 36 471 4621 0 0 1 2
8 29 427 53 466 4641 0 0 1 2
8 45 422 69 461 4661 0 0 0 2
8 63 420 87 459 4681 0 0 1 2
8 82 418 106 457 4701 0 0 1 2
8 100 418 124 457 4721 0 0 1 2
8 118 416 142 455 4741 0 0 1 2
8 138 416 162 455 4761 0 0 0 2
8 157 413 180 452 4781 0 0 1 2
8 175 409 199 448 4801 0 0 1 2
8 193 406 217 445 4821 0 0 1 2
8 212 402 235 441 4841 0 0 1 2
8 230 399 254 438 4861 0 0 1 2
8 248 395 272 434 4881 0 0 1 2
8 265 390 288 429 4901 0 0 1 2
8 283 386 307 425 4921 0 0 1 2
8 301 383 325 422 4941 0 0 1 2
8 319 381 343 420 4961 0 0 1 2
8 338 378 361 416 4981 0 0 1 2
8 352 374 376 413 5001 0 0 1 2
8 365 374 394 413 5021 0 0 1 2
8 376 372 414 411 5041 0 0 1 2
8 389 371 433 409 5061 0 0 1 2
8 402 369 453 409 5081 0 0 1 2
8 416 367 471 408 5101 0 0 1 2
8 433 367 488 408 5121 0 0 1 2
8 449 367 504 408 5141 0 0 1 2
8 466 365 520 406 5161 0 0 1 2
8 484 365 539 406 5181 0 0 1 2
8 502 363 557 404 5201 0 0 1 2
8 522 363 577 404 5221 0 0 1 2
8 541 362 595 402 5241 0 0 1 2
8 559 362 614 402 5261 0 0 1 2
8 575 362 630 402 5281 0 0 1 2
8 594 363 648 404 5301 0 0 1 2
8 610 365 665 406 5321 0 0 1 2
8 628 365 683 406 5341 0 0 1 2
8 647 365 701 406 5361 0 0 1 2
8 665 363 720 404 5381 0 0 1 2
8 685 362 740 402 5401 0 0 1 2
8 703 362 758 402 5421 0 0 1 2
8 721 360 776 401 5441 0 0 1 2
8 740 360 795 401 5461 0 0 1 2
8 756 360 811 401 5481 0 0 1 2
8 773 360 827 401 5501 0 0 1 2
8 791 360 842 397 5521 0 0 1 2
8 811 360 857 393 5541 0 0 1 2
8 829 360 873 390 5561 0 0 1 2
8 848 360 890 388 5581 0 0 1 2
8 864 360 906 388 5601 0 0 1 2
8 882 360 924 388 5621 0 0 1 2
8 902 360 944 388 5641 0 0 1 2
8 923 360 965 388 5661 0 0 1 2
8 943 360 985 388 5681 0 0 1 2
8 961 358 1003 386 5701 0 0 1 2
8 977 358 1019 386 5721 0 0 1 2
8 996 358 1038 386 5741 0 0 1 2
8 1014 356 1056 385 5761 0 0 1 2
8 1030 356 1072 385 5781 0 0 1 2
8 1049 356 1091 385 5801 0 0 1 2
8 1067 356 1109 385 5821 0 0 1 2
8 1085 358 1127 386 5841 0 0 1 2
8 1103 358 1146 386 5861 0 0 1 2
8 1122 360 1164 388 5881 0 0 1 2
8 1138 362 1180 390 5901 0 0 1 2
8 1156 363 1199 392 5921 0 0 1 2
8 1171 363 1213 392 5941 0 0 1 2
8 1188 362 1230 390 5961 0 0 1 2
8 1208 362 1250 390 5981 0 0 1 2
8 1228 356 1270 385 6001 0 0 1 2
8 1250 355 1284 381 6021 0 0 1 2
8 1273 353 1299 378 6041 0 0 1 2
9 25 424 58 461 6174 0 0 1 2
9 43 422 76 459 6194 0 0 1 2
9 62 420 95 457 6214 0 0 1 2
9 78 418 111 455 6234 0 0 1 2
9 96 416 129 454 6254 0 0 1 2
9 113 413 146 452 6274 0 0 1 2
9 129 406 162 445 6294 0 0 1 2
9 144 399 177 438 6314 0 0 1 2
9 159 392 191 431 6334 0 0 1 2
9 173 385 206 424 6354 0 0 1 2
9 188 378 221 416 6374 0 0 1 2
9 204 371 237 409 6394 0 0 1 2
9 219 369 252 408 6414 0 0 1 2
9 235 367 268 406 6434 0 0 1 2
9 252 365 285 404 6454 0 0 1 2
9 268 363 301 402 6474 0 0 1 2
9 285 362 318 401 6494 0 0 1 2
9 299 360 332 399 6514 0 0 1 2
10 5 441 42 485 6476 0 0 1 2
10 53 439 89 485 6496 0 0 1 2
10 100 438 137 484 6516 0 0 1 2
12 29 448 93 484 6380 0 0 1 1
12 89 448 153 484 6400 0 0 1 1
12 149 446 213 484 6420 0 0 1 1
12 212 446 275 484 6440 0 0 1 1
12 272 445 336 484 6460 0 0 1 1
12 332 445 396 484 6480 0 0 1 1
12 394 445 458 484 6500 0 0 0 1
12 449 441 513 480 6520 0 0 1 1
12 504 438 570 477 6540 0 0 0 1
12 564 432 630 471 6560 0 0 1 1
12 626 427 692 466 6580 0 0 1 1
12 689 420 754 459 6600 0 0 1 1
12 753 413 818 452 6620 0 0 1 1
12 817 408 882 446 6640 0 0 0 1
12 873 409 939 448 6660 0 0 1 1
12 932 411 997 450 6680 0 0 1 1
12 987 409 1052 448 6700 0 0 1 1
12 1038 406 1103 445 6720 0 0 1 1
12 1089 401 1155 439 6740 0 0 1 1
12 1142 397 1208 436 6760 0 0 1 1
12 1195 401 1261 439 6780 0 0 1 1
13 277 369 323 415 6500 0 0 0 1
13 294 362 339 408 6520 0 0 1 1
13 310 355 358 401 6540 0 0 0 1
13 325 355 372 401 6560 0 0 1 1
13 339 356 387 402 6580 0 0 1 1
13 356 356 403 402 6600 0 0 1 1
13 372 356 420 402 6620 0 0 1 1
13 391 358 438 404 6640 0 0 0 1
13 405 356 453 402 6660 0 0 1 1
13 420 355 467 401 6680 0 0 1 1
13 436 353 484 399 6700 0 0 1 1
13 455 353 502 399 6720 0 0 1 1
13 478 353 526 399 6740 0 0 1 1
13 498 351 546 397 6760 0 0 1 1
13 513 351 561 397 6780 0 0 0 1
13 533 353 581 399 6800 0 0 0 1
13 546 349 594 395 6820 0 0 0 1
13 562 348 610 393 6840 0 0 1 1
13 581 348 628 393 6860 0 0 1 1
13 597 346 645 392 6880 0 0 1 1
13 615 346 663 392 6900 0 0 0 1
13 632 339 679 385 6920 0 0 1 1
14 38 446 107 478 6500 0 0 0 1
14 87 445 157 477 6520 0 0 1 1
14 137 445 206 477 6540 0 0 0 1
14 188 448 257 480 6560 0 0 1 1
14 237 448 307 480 6580 0 0 1 1
14 288 445 358 477 6600 0 0 1 1
14 339 443 409 475 6620 0 0 1 1
14 391 441 460 473 6640 0 0 0 1
14 438 445 508 477 6660 0 0 1 1
14 486 448 555 480 6680 0 0 1 1
14 535 448 604 480 6700 0 0 1 1
14 586 446 656 478 6720 0 0 1 1
14 632 446 701 478 6740 0 0 1 1
14 679 446 749 478 6760 0 0 1 1
14 736 448 806 480 6780 0 0 1 1
14 793 452 862 484 6800 0 0 0 1
14 844 448 913 480 6820 0 0 1 1
14 895 446 965 478 6840 0 0 1 1
14 946 445 1016 477 6860 0 0 1 1
14 997 443 1067 475 6880 0 0 1 1
14 1049 439 1118 471 6900 0 0 1 1
14 1100 432 1169 464 6920 0 0 1 1
14 1151 425 1220 457 6940 0 0 1 1
14 1204 422 1268 454 6960 0 0 0 1
15 1 461 40 498 6550 0 0 0 1
15 16 459 54 496 6570 0 0 1 1
15 32 457 71 494 6590 0 0 1 1
15 47 457 87 494 6610 0 0 1 1
15 63 455 102 492 6630 0 0 1 1
15 78 454 118 492 6650 0 0 1 1
15 95 454 135 491 6670 0 0 1 1
15 109 452 149 491 6690 0 0 1 1
15 127 450 168 489 6710 0 0 1 1
15 146 448 186 487 6730 0 0 1 1
15 164 446 204 485 6750 0 0 1 1
15 182 443 222 482 6770 0 0 1 1
15 201 441 241 480 6790 0 0 1 1
15 219 439 259 478 6810 0 0 1 1
15 235 438 275 477 6830 0 0 1 1
15 252 434 292 473 6850 0 0 1 1
15 268 432 308 471 6870 0 0 1 1
15 285 431 325 469 6890 0 0 1 1
15 301 427 341 466 6910 0 0 1 1
15 318 425 358 464 6930 0 0 1 1
15 336 422 376 461 6950 0 0 1 1
15 352 420 392 459 6970 0 0 1 1
15 371 416 411 455 6990 0 0 1 1
15 389 415 429 454 7010 0 0 1 1
15 407 415 447 454 7030 0 0 1 1
16 652 466 721 498 6194 0 0 1 2
16 667 466 736 498 6214 0 0 1 2
16 681 464 751 496 6234 0 0 1 2
16 696 464 765 496 6254 0 0 1 2
16 712 462 782 494 6274 0 0 1 2
16 727 462 796 494 6294 0 0 1 2
16 742 461 811 492 6314 0 0 1 2
16 756 461 826 492 6334 0 0 1 2
16 771 459 840 491 6354 0 0 1 2
16 785 459 855 491 6374 0 0 1 2
16 802 457 871 489 6394 0 0 1 2
16 817 457 886 489 6414 0 0 1 2
16 837 457 906 489 6434 0 0 1 2
16 859 457 928 489 6454 0 0 1 2
16 879 457 948 489 6474 0 0 1 2
16 901 457 970 489 6494 0 0 1 2
16 921 455 987 487 6514 0 0 1 2
16 939 455 999 485 6534 0 0 1 2
16 957 455 1014 485 6554 0 0 1 2
16 977 455 1027 484 6574 0 0 1 2
16 996 455 1040 482 6594 0 0 1 2
16 1014 455 1054 480 6614 0 0 1 2
16 1032 455 1067 480 6634 0 0 1 2
16 1050 455 1083 480 6654 0 0 1 2
16 1067 455 1100 480 6674 0 0 1 2
16 1083 455 1116 480 6694 0 0 1 2
16 1100 455 1133 480 6714 0 0 1 2
16 1116 455 1149 480 6734 0 0 1 2
16 1133 457 1166 482 6754 0 0 1 2
16 1151 459 1184 484 6774 0 0 1 2
16 1166 461 1199 485 6794 0 0 1 2
16 1178 462 1211 487 6814 0 0 1 2
16 1191 464 1224 489 6834 0 0 1 2
16 1204 464 1237 489 6854 0 0 1 2
16 1219 464 1252 489 6874 0 0 1 2
16 1235 462 1268 487 6894 0 0 1 2
16 1250 462 1283 487 6914 0 0 1 2
16 1264 469 1297 494 6934 0 0 1 2
16 1279 469 1310 494 6954 0 0 1 2
17 3 420 54 461 5345 0 0 1 2
17 9 425 60 466 5365 0 0 1 2
17 20 431 71 471 5385 0 0 1 2
17 32 438 85 478 5405 0 0 1 2
17 51 441 104 482 5425 0 0 1 2
17 67 445 120 485 5445 0 0 1 2
17 85 446 138 487 5465 0 0 1 2
17 100 448 153 489 5485 0 0 1 2
17 111 446 164 485 5505 0 0 1 2
17 129 446 180 482 5525 0 0 1 2
17 148 448 197 478 5545 0 0 1 2
17 164 448 213 477 5565 0 0 1 2
17 182 450 230 473 5585 0 0 1 2
17 201 452 246 471 5605 0 0 1 2
17 217 452 263 471 5625 0 0 1 2
17 233 452 279 471 5645 0 0 1 2
17 250 452 296 471 5665 0 0 1 2
17 266 454 312 473 5685 0 0 1 2
17 281 454 327 473 5705 0 0 1 2
17 297 454 343 473 5725 0 0 1 2
17 312 454 358 473 5745 0 0 1 2
17 329 454 374 473 5765 0 0 1 2
17 347 454 392 473 5785 0 0 1 2
17 363 454 409 473 5805 0 0 1 2
17 380 454 425 473 5825 0 0 1 2
17 396 454 442 473 5845 0 0 1 2
17 411 454 456 473 5865 0 0 1 2
17 427 454 473 473 5885 0 0 1 2
17 444 452 489 471 5905 0 0 1 2
17 460 450 506 469 5925 0 0 1 2
17 478 448 524 468 5945 0 0 1 2
17 495 446 541 466 5965 0 0 1 2
17 511 446 557 466 5985 0 0 1 2
17 528 445 573 464 6005 0 0 1 2
17 546 445 592 464 6025 0 0 1 2
17 564 443 610 464 6045 0 0 1 2
17 581 443 626 464 6065 0 0 1 2
17 599 441 645 464 6085 0 0 1 2
17 617 441 663 464 6105 0 0 1 2
17 636 439 681 464 6125 0 0 1 2
17 652 439 700 464 6145 0 0 1 2
17 670 438 718 464 6165 0 0 1 2
17 689 438 736 464 6185 0 0 1 2
17 707 436 753 464 6205 0 0 1 2
17 725 434 771 464 6225 0 0 1 2
17 742 434 789 464 6245 0 0 1 2
17 760 432 807 464 6265 0 0 1 2
17 778 432 826 464 6285 0 0 1 2
17 796 431 844 464 6305 0 0 1 2
17 815 431 860 464 6325 0 0 1 2
17 831 429 879 464 6345 0 0 1 2
17 849 429 897 464 6365 0 0 1 2
17 864 429 912 464 6385 0 0 1 2
17 875 431 923 466 6405 0 0 1 2
17 886 431 933 466 6425 0 0 1 2
17 899 432 946 468 6445 0 0 1 2
17 910 432 957 468 6465 0 0 1 2
17 923 434 970 469 6485 0 0 1 2
17 935 434 983 469 6505 0 0 1 2
17 952 434 999 466 6525 0 0 1 2
17 968 432 1016 464 6545 0 0 1 2
17 987 432 1034 461 6565 0 0 1 2
17 1003 431 1050 459 6585 0 0 1 2
17 1019 431 1067 455 6605 0 0 1 2
17 1036 429 1083 454 6625 0 0 1 2
17 1050 429 1098 454 6645 0 0 1 2
17 1067 429 1114 454 6665 0 0 1 2
17 1082 427 1129 452 6685 0 0 1 2
17 1096 427 1144 452 6705 0 0 1 2
17 1113 427 1160 452 6725 0 0 1 2
17 1127 431 1175 455 6745 0 0 1 2
17 1144 434 1191 459 6765 0 0 1 2
17 1160 438 1208 462 6785 0 0 1 2
17 1175 438 1222 462 6805 0 0 1 2
17 1191 439 1239 464 6825 0 0 1 2
17 1206 439 1253 464 6845 0 0 1 2
17 1220 441 1268 466 6865 0 0 1 2
17 1235 443 1283 468 6885 0 0 1 2
17 1248 445 1295 469 6905 0 0 1 2
17 1264 448 1308 473 6925 0 0 1 2
17 1277 446 1312 471 6945 0 0 1 2
18 60 448 111 480 6102 0 0 1 1
18 122 443 173 475 6122 0 0 1 1
18 184 436 235 468 6142 0 0 1 1
18 246 431 297 462 6162 0 0 1 1
18 308 425 360 457 6182 0 0 1 1
18 371 420 422 452 6202 0 0 1 1
18 433 413 484 445 6222 0 0 1 1
18 495 408 546 439 6242 0 0 1 1
18 557 402 608 434 6262 0 0 1 1
18 617 399 668 431 6282 0 0 1 1
18 674 399 725 431 6302 0 0 1 1
18 731 399 782 431 6322 0 0 1 1
18 787 399 838 431 6342 0 0 1 1
18 846 399 897 431 6362 0 0 1 1
18 902 399 954 431 6382 0 0 1 1
18 961 399 1012 431 6402 0 0 1 1
18 1021 402 1072 434 6422 0 0 1 1
18 1082 406 1133 438 6442 0 0 1 1
18 1144 409 1195 441 6462 0 0 1 1
18 1204 413 1255 445 6482 0 0 1 1
19 837 399 891 441 6 0 0 1 2
19 851 404 906 446 26 0 0 1 2
19 866 409 921 450 46 0 0 1 2
19 882 415 937 455 66 0 0 1 2
19 899 420 954 461 86 0 0 1 2
19 912 425 966 466 106 0 0 1 2
19 924 429 979 469 126 0 0 1 2
19 941 431 994 473 146 0 1 1 2
19 957 434 1010 475 166 0 1 1 2
19 974 436 1027 478 186 0 1 1 2
19 990 439 1043 480 206 0 1 1 2
19 1007 441 1060 484 226 0 1 1 2
19 1023 445 1076 485 246 0 0 1 2
19 1040 446 1094 487 266 0 0 1 2
19 1056 448 1111 489 286 0 0 1 2
19 1071 448 1125 489 306 0 0 1 2
19 1087 450 1142 491 326 0 0 1 2
19 1103 450 1158 491 346 0 0 1 2
19 1118 450 1173 491 366 0 0 1 2
19 1131 450 1186 491 386 0 0 1 2
19 1146 448 1200 489 406 0 0 1 2
19 1158 448 1213 489 426 0 0 1 2
19 1173 448 1228 489 446 0 0 1 2
19 1188 452 1242 492 466 0 0 1 2
19 1204 457 1259 498 486 0 0 1 2
19 1217 466 1272 505 506 0 0 1 2
19 1230 477 1279 514 526 0 0 1 2
19 1241 489 1288 522 546 0 0 1 2
19 1253 501 1295 531 566 0 0 1 2
19 1261 514 1301 544 586 0 0 1 2
19 1264 528 1303 558 606 0 0 1 2
19 1270 540 1306 570 626 0 0 1 2
19 1275 554 1310 584 646 0 0 1 2
19 1279 567 1312 597 666 0 0 1 2
19 1284 583 1314 613 686 0 0 1 2
19 1288 598 1314 628 706 0 0 1 2
19 1292 616 1314 646 726 0 0 1 2
19 1294 634 1314 662 746 0 0 1 2
19 1294 650 1314 680 766 0 0 1 2
19 1295 667 1314 696 786 0 0 1 2
19 1297 685 1314 713 806 0 0 1 2
19 1297 703 1314 729 826 0 0 1 2
19 1297 720 1314 747 846 0 0 1 2
19 1297 738 1314 764 866 0 0 1 2
19 1297 756 1314 782 886 0 0 1 2
19 1297 773 1314 800 906 0 0 1 2
19 1297 791 1314 817 926 0 0 1 2
19 1297 807 1314 833 946 0 0 1 2
19 1299 825 1314 844 966 0 0 1 2
20 1220 371 1255 411 6748 0 0 1 1
20 1158 369 1195 408 6768 0 0 1 1
20 1096 367 1135 406 6788 0 0 1 1
20 1034 367 1072 406 6808 0 0 1 1
20 972 367 1010 406 6828 0 0 1 1
20 908 369 946 408 6848 0 0 1 1
20 846 369 884 408 6868 0 0 1 1
20 784 371 822 409 6888 0 0 1 1
20 725 372 764 411 6908 0 0 1 1
20 667 374 705 413 6928 0 0 1 1
20 608 374 647 413 6948 0 0 1 1
20 542 374 583 413 6968 0 0 1 1
20 477 374 515 413 6988 0 0 1 1
20 411 374 451 413 7008 0 0 1 1
20 350 379 389 418 7028 0 0 1 1
20 288 383 329 422 7048 0 0 1 1
20 228 386 266 425 7068 0 0 1 1
20 169 392 206 431 7088 0 0 1 1
20 111 397 148 436 7108 0 0 1 1
20 51 404 87 443 7128 0 0 1 1
21 3 427 34 459 6593 0 0 1 1
21 56 427 87 459 6613 0 0 1 1
21 109 427 140 459 6633 0 0 1 1
21 162 427 193 459 6653 0 0 1 1
21 215 427 246 459 6673 0 0 1 1
21 268 427 299 459 6693 0 0 1 1
21 321 427 352 459 6713 0 0 1 1
21 376 427 407 459 6733 0 0 1 1
21 433 429 464 461 6753 0 0 1 1
21 489 429 520 461 6773 0 0 1 1
21 546 425 577 457 6793 0 0 1 1
21 603 422 634 454 6813 0 0 1 1
21 659 418 690 450 6833 0 0 1 1
21 716 418 747 450 6853 0 0 1 1
21 771 418 802 450 6873 0 0 1 1
21 826 416 857 448 6893 0 0 1 1
21 880 413 912 445 6913 0 0 1 1
21 935 409 966 441 6933 0 0 1 1
21 992 406 1023 438 6953 0 0 1 1
21 1050 402 1082 434 6973 0 0 1 1
21 1107 399 1138 431 6993 0 0 1 1
21 1162 393 1193 432 7013 0 0 1 1
21 1222 390 1253 432 7033 0 0 1 1
22 1050 455 1085 487 6753 0 0 1 2
22 1063 455 1098 487 6773 0 0 1 2
22 1078 455 1113 487 6793 0 0 1 2
22 1093 455 1127 487 6813 0 0 1 2
22 1107 455 1142 487 6833 0 0 1 2
22 1124 455 1158 487 6853 0 0 1 2
22 1142 455 1175 487 6873 0 0 1 2
22 1160 457 1193 489 6893 0 0 1 2
22 1178 459 1211 491 6913 0 0 1 2
22 1193 459 1226 491 6933 0 0 1 2
22 1206 461 1239 492 6953 0 0 1 2
22 1222 461 1255 492 6973 0 0 1 2
22 1237 461 1270 492 6993 0 0 1 2
22 1253 457 1284 492 7013 0 0 1 2
22 1266 454 1299 492 7033 0 0 1 2
22 1283 452 1312 494 7053 0 0 1 2
23 1144 15 1180 63 5786 0 0 1 2
23 1153 15 1189 63 5806 0 0 1 2
23 1178 12 1215 60 5826 0 0 1 2
23 1195 12 1231 60 5846 0 0 1 2
23 1209 12 1246 60 5866 0 0 1 2
23 1224 12 1261 60 5886 0 0 1 2
23 1239 14 1275 61 5906 0 0 1 2
23 1253 22 1290 70 5926 0 0 1 2
23 1266 35 1303 83 5946 0 0 1 2
23 1270 54 1306 102 5966 0 0 1 2
23 1273 74 1310 121 5986 0 0 1 2
23 1273 95 1310 143 6006 0 0 1 2
23 1273 113 1310 160 6026 0 0 1 2
23 1275 132 1310 178 6046 0 0 1 2
23 1277 151 1310 196 6066 0 0 1 2
23 1279 169 1310 213 6086 0 0 1 2
23 1281 189 1312 233 6106 0 0 1 2
23 1281 208 1312 250 6126 0 0 1 2
23 1283 226 1312 268 6146 0 0 1 2
23 1284 245 1312 286 6166 0 0 1 2
23 1286 265 1312 303 6186 0 0 1 2
23 1286 282 1312 321 6206 0 0 1 2
23 1286 295 1312 333 6226 0 0 1 2
23 1286 305 1312 344 6246 0 0 1 2
23 1286 316 1312 355 6266 0 0 1 2
23 1284 326 1310 365 6286 0 0 1 2
23 1284 337 1310 376 6306 0 0 1 2
23 1284 348 1310 386 6326 0 0 1 2
23 1273 360 1306 402 6837 0 0 1 2
23 1255 358 1288 401 6857 0 0 1 2
23 1235 356 1268 399 6877 0 0 1 2
23 1217 355 1250 397 6897 0 0 1 2
23 1197 355 1230 397 6917 0 0 1 2
23 1175 355 1208 397 6937 0 0 1 2
23 1155 356 1188 399 6957 0 0 1 2
23 1136 356 1169 399 6977 0 0 1 2
23 1116 356 1149 399 6997 0 0 1 2
23 1094 356 1129 399 7017 0 0 1 2
23 1072 358 1109 399 7037 0 0 1 2
23 1050 358 1087 401 7057 0 0 1 2
23 1029 360 1067 401 7077 0 0 1 2
23 1007 362 1047 401 7097 0 0 1 2
23 985 363 1025 402 7117 0 0 1 2
23 963 363 1005 402 7137 0 0 1 2
23 941 365 985 404 7157 0 0 1 2
23 919 367 963 404 7177 0 0 1 2
23 897 367 943 404 7197 0 0 1 2
23 877 369 923 406 7217 0 0 1 2
23 857 369 902 406 7237 0 0 1 2
23 837 369 882 406 7257 0 0 1 2
23 815 369 860 406 7277 0 0 1 2
23 795 369 840 406 7297 0 0 1 2
23 774 369 820 406 7317 0 0 1 2
23 754 369 800 406 7337 0 0 1 2
23 734 369 780 406 7357 0 0 1 2
23 714 369 760 406 7377 0 0 1 2
23 694 369 740 406 7397 0 0 1 2
23 674 369 720 406 7417 0 0 1 2
23 654 369 700 406 7437 0 0 1 2
23 632 369 678 406 7457 0 0 1 2
23 612 369 658 406 7477 0 0 1 2
23 592 369 637 406 7497 0 0 1 2
23 573 369 619 404 7517 0 0 1 2
23 555 369 603 402 7537 0 0 1 2
23 537 369 584 401 7557 0 0 1 2
23 520 369 568 399 7577 0 0 0 2
23 498 369 546 399 7597 0 0 1 2
23 477 371 524 401 7617 0 0 1 2
23 455 372 502 402 7637 0 0 1 2
23 433 374 480 404 7657 0 0 1 2
23 413 376 460 406 7677 0 0 1 2
23 392 376 440 406 7697 0 0 1 2
23 372 376 420 406 7717 0 0 1 2
23 354 376 402 406 7737 0 0 1 2
23 334 376 382 406 7757 0 0 1 2
23 314 376 361 406 7777 0 0 1 2
23 294 376 341 406 7797 0 0 1 2
23 275 378 323 408 7817 0 0 1 2
23 257 379 305 409 7837 0 0 1 2
23 237 379 285 409 7857 0 0 1 2
23 219 381 266 411 7877 0 0 1 2
23 201 383 248 413 7897 0 0 1 2
23 180 385 228 415 7917 0 0 1 2
23 162 388 210 418 7937 0 0 1 2
23 144 390 191 420 7957 0 0 1 2
23 126 390 173 420 7977 0 0 1 2
23 107 388 155 418 7997 0 0 1 2
23 85 388 133 418 8017 0 0 1 2
24 14 429 51 471 7270 0 0 1 1
24 73 432 109 475 7290 0 0 1 1
24 131 434 169 477 7310 0 0 1 1
24 191 438 230 480 7330 0 0 1 1
24 254 439 292 482 7350 0 0 1 1
24 318 439 356 482 7370 0 0 1 1
24 382 439 420 482 7390 0 0 1 1
24 445 439 484 482 7410 0 0 1 1
24 504 439 544 482 7430 0 0 1 1
24 564 439 603 482 7450 0 0 1 1
24 623 438 663 480 7470 0 0 1 1
24 681 438 723 480 7490 0 0 1 1
24 727 434 785 468 7510 0 1 0 1
24 787 432 846 466 7530 0 0 1 1
24 842 427 901 461 7550 0 0 1 1
24 899 422 957 455 7570 0 0 1 1
24 959 420 1018 454 7590 0 0 1 1
24 1019 418 1078 452 7610 0 0 1 1
24 1076 418 1135 452 7630 0 0 1 1
24 1133 416 1191 450 7650 0 0 1 1
24 1189 416 1248 450 7670 0 0 1 1
24 1231 411 1290 445 7690 0 0 1 1
25 1133 190 1180 222 7596 0 0 1 2
25 1140 194 1188 226 7616 0 0 1 2
25 1153 196 1200 227 7636 0 0 1 2
25 1169 196 1217 227 7656 0 0 1 2
25 1188 197 1235 229 7676 0 0 1 2
25 1206 197 1253 229 7696 0 0 1 2
25 1220 197 1268 229 7716 0 0 1 2
25 1233 197 1281 229 7736 0 0 1 2
25 1244 197 1292 229 7756 0 0 1 2
25 1253 204 1301 236 7776 0 1 1 2
25 1264 215 1308 247 7796 0 1 1 2
25 1273 226 1312 257 7816 0 1 1 2
26 40 473 80 501 6911 0 0 1 1
26 80 468 120 496 6931 0 0 1 1
26 120 464 160 492 6951 0 0 1 1
26 160 459 201 487 6971 0 0 1 1
26 199 454 239 482 6991 0 0 1 1
26 237 450 279 478 7011 0 0 1 1
26 275 448 319 477 7031 0 0 1 1
26 314 448 360 475 7051 0 0 1 1
26 352 446 402 473 7071 0 0 1 1
26 389 445 442 473 7091 0 0 1 1
26 427 445 482 471 7111 0 0 1 1
26 466 443 522 469 7131 0 0 1 1
26 504 443 562 469 7151 0 0 1 1
26 541 443 599 469 7171 0 0 1 1
26 577 443 637 469 7191 0 0 1 1
26 614 443 674 469 7211 0 0 1 1
26 652 443 712 469 7231 0 0 1 1
26 689 443 749 469 7251 0 0 1 1
26 725 443 787 469 7271 0 0 1 1
26 762 443 824 469 7291 0 0 1 1
26 798 443 860 469 7311 0 0 1 1
26 835 439 897 464 7331 0 0 1 1
26 870 432 932 457 7351 0 0 1 1
26 906 427 968 452 7371 0 0 1 1
26 941 420 1003 445 7391 0 0 1 1
26 976 415 1038 439 7411 0 0 1 1
26 1012 408 1074 432 7431 0 0 1 1
26 1047 402 1109 427 7451 0 0 1 1
26 1082 395 1144 420 7471 0 0 1 1
26 1118 390 1180 415 7491 0 0 1 1
26 1147 381 1213 413 7511 0 0 1 1
26 1175 367 1246 406 7531 0 0 1 1
26 1208 344 1277 383 7551 0 0 1 1
26 1241 321 1308 360 7571 0 0 1 1
26 1255 293 1314 332 7591 0 1 1 1
26 1259 250 1314 289 7611 0 1 1 1
26 1264 208 1314 247 7631 0 1 1 1
26 1266 171 1314 210 7651 0 1 1 1
26 1270 132 1314 171 7671 0 1 1 1
26 1275 88 1314 127 7691 0 1 1 1
26 1277 45 1314 84 7711 0 1 1 1
26 1279 8 1314 45 7731 0 1 1 1
27 78 392 135 422 8011 0 0 1 6
27 56 392 113 422 8031 0 0 1 6
27 36 392 91 422 8051 0 0 1 6
27 23 392 76 422 8071 0 0 1 6
27 16 392 65 422 8091 0 0 1 6
27 10 392 56 422 8111 0 0 1 6
27 5 392 47 422 8131 0 0 1 6
28 3 436 47 478 7447 0 0 1 1
28 51 436 95 478 7467 0 0 1 1
28 98 436 142 478 7487 0 0 1 1
28 146 436 191 477 7507 0 0 1 1
28 186 438 241 471 7527 0 0 1 1
28 230 436 286 466 7547 0 0 1 1
28 274 432 330 462 7567 0 0 1 1
28 318 429 374 459 7587 0 0 1 1
28 363 427 420 457 7607 0 0 1 1
28 409 427 466 457 7627 0 0 0 1
28 447 425 504 455 7647 0 0 1 1
28 488 425 544 455 7667 0 0 1 1
28 530 425 586 455 7687 0 0 1 1
28 577 425 634 455 7707 0 0 1 1
28 621 424 678 454 7727 0 0 1 1
28 659 422 716 452 7747 0 0 1 1
28 700 420 756 450 7767 0 0 1 1
28 740 418 796 448 7787 0 0 1 1
28 782 416 838 446 7807 0 0 1 1
28 824 416 880 446 7827 0 0 1 1
28 868 416 924 446 7847 0 0 1 1
28 912 418 968 448 7867 0 0 1 1
28 954 418 1010 448 7887 0 0 1 1
28 996 418 1052 448 7907 0 0 1 1
28 1038 418 1094 448 7927 0 0 1 1
28 1080 424 1136 454 7947 0 0 1 1
28 1124 425 1180 455 7967 0 0 1 1
28 1178 425 1235 455 7987 0 0 1 1
28 1228 420 1279 459 8007 0 0 1 1
29 382 413 435 445 7007 0 0 1 2
29 398 413 451 445 7027 0 0 1 2
29 414 411 467 443 7047 0 0 1 2
29 433 411 486 443 7067 0 0 1 2
29 449 411 502 443 7087 0 0 1 2
29 466 409 519 441 7107 0 0 1 2
29 482 409 535 441 7127 0 0 1 2
29 500 408 553 439 7147 0 0 1 2
29 517 408 570 439 7167 0 0 1 2
29 533 406 586 438 7187 0 0 1 2
29 550 406 603 438 7207 0 0 1 2
29 568 404 621 436 7227 0 0 1 2
29 584 404 637 436 7247 0 0 1 2
29 601 402 654 434 7267 0 0 1 2
29 617 402 670 434 7287 0 0 1 2
29 636 402 689 434 7307 0 0 1 2
29 652 401 705 432 7327 0 0 1 2
29 668 399 721 431 7347 0 0 1 2
29 685 397 738 429 7367 0 0 1 2
29 701 397 754 429 7387 0 0 1 2
29 718 395 771 427 7407 0 0 1 2
29 734 393 787 425 7427 0 0 1 2
29 751 392 804 424 7447 0 0 1 2
29 767 392 820 424 7467 0 0 1 2
29 785 390 838 422 7487 0 0 1 2
29 802 390 853 422 7507 0 0 1 2
29 818 392 870 424 7527 0 0 1 2
29 835 393 884 424 7547 0 0 1 2
29 851 395 901 425 7567 0 0 1 2
29 870 395 917 425 7587 0 0 1 2
29 886 393 933 424 7607 0 0 1 2
29 902 393 950 424 7627 0 0 1 2
29 921 392 968 422 7647 0 0 1 2
29 937 390 985 420 7667 0 0 1 2
29 955 388 1003 418 7687 0 0 1 2
29 972 388 1019 418 7707 0 0 1 2
29 992 390 1040 420 7727 0 0 1 2
29 1014 392 1061 422 7747 0 0 1 2
29 1034 395 1082 425 7767 0 0 1 2
29 1052 395 1100 425 7787 0 0 1 2
29 1071 395 1118 425 7807 0 0 1 2
29 1089 393 1136 424 7827 0 0 1 2
29 1107 392 1155 422 7847 0 0 1 2
29 1125 392 1173 422 7867 0 0 0 2
29 1140 388 1188 418 7887 0 0 1 2
29 1156 386 1204 416 7907 0 0 1 2
29 1173 385 1220 415 7927 0 0 1 2
29 1188 383 1235 413 7947 0 0 1 2
29 1204 379 1252 409 7967 0 0 1 2
29 1219 378 1266 408 7987 0 0 1 2
29 1239 372 1290 408 8007 0 0 1 2
30 69 393 120 439 8478 0 0 1 6
30 118 395 171 441 8498 0 0 1 6
30 168 397 222 443 8518 0 0 1 6
31 1246 22 1310 79 8427 0 0 1 2
31 1246 37 1310 93 8447 0 0 1 2
31 1246 51 1310 109 8467 0 0 1 2
31 1246 65 1310 123 8487 0 0 1 2
31 1246 79 1305 134 8507 0 0 1 2
31 1252 93 1292 134 8527 0 0 1 2
31 1253 111 1292 151 8547 0 0 1 2
31 1253 130 1292 171 8567 0 0 1 2
31 1250 148 1288 189 8587 0 0 1 2
31 1246 162 1284 203 8607 0 0 1 2
31 1239 173 1277 213 8627 0 0 1 2
31 1228 178 1266 219 8647 0 0 1 2
31 1215 181 1253 222 8667 0 0 1 2
31 1202 189 1241 229 8687 0 0 1 2
31 1189 192 1228 233 8707 0 0 1 2
31 1175 192 1213 233 8727 0 0 1 2
31 1158 194 1197 234 8747 0 0 1 2
31 1144 192 1182 233 8767 0 0 1 2
31 1133 187 1171 227 8787 0 0 1 2
31 1120 185 1158 226 8807 0 0 1 2
32 1261 798 1294 842 8568 0 0 1 2
32 1241 803 1273 846 8588 0 0 1 2
32 1222 807 1255 846 8608 0 0 1 2
32 1202 807 1235 846 8628 0 0 1 2
32 1184 807 1217 846 8648 0 0 1 2
32 1171 809 1204 846 8668 0 0 1 2
32 1156 810 1189 846 8688 0 0 1 2
32 1142 810 1175 846 8708 0 0 1 2
32 1124 812 1156 844 8728 0 0 1 2
32 1122 810 1155 842 8748 0 0 1 2
32 1122 809 1155 840 8768 0 0 1 2
32 1120 807 1153 839 8788 0 0 1 2
32 1105 807 1138 839 8808 0 0 1 2
33 27 455 78 498 9262 0 0 1 1
33 74 455 124 498 9282 0 0 1 1
33 131 455 179 498 9302 0 0 1 1
33 188 450 239 492 9322 0 0 1 1
33 230 452 290 494 9342 0 0 1 1
33 290 461 350 503 9362 0 0 1 1
33 358 450 418 492 9382 0 0 1 1
33 405 454 466 496 9402 0 0 1 1
33 462 454 522 496 9422 0 0 1 1
33 524 452 584 494 9442 0 0 1 1
33 584 452 645 494 9462 0 0 1 1
33 647 454 707 496 9482 0 0 1 1
33 705 455 765 498 9502 0 0 1 1
33 760 455 820 498 9522 0 0 1 1
34 31 424 82 462 9256 0 0 1 1
34 73 422 124 462 9276 0 0 1 1
34 127 420 179 462 9296 0 0 0 1
34 179 416 230 459 9316 0 0 1 1
34 232 415 283 457 9336 0 0 0 1
34 288 416 339 459 9356 0 0 0 1
34 343 418 394 461 9376 0 0 0 1
34 396 418 447 461 9396 0 0 0 1
34 455 415 506 457 9416 0 0 1 1
34 509 416 559 459 9436 0 0 1 1
34 564 416 612 459 9456 0 0 1 1
34 626 413 672 455 9476 0 0 0 1
34 681 413 727 455 9496 0 0 1 1
34 740 415 784 455 9516 0 0 1 1
34 802 420 842 455 9536 0 0 1 1
34 860 424 899 455 9556 0 0 1 1
34 913 424 952 455 9576 0 0 1 1
34 972 424 1010 455 9596 0 0 1 1
34 1040 427 1078 459 9616 0 0 1 1
34 1094 420 1133 452 9636 0 0 1 1
34 1155 418 1193 450 9656 0 0 1 1
34 1222 420 1259 452 9676 0 0 1 1
35 9 390 60 411 8551 0 0 1 2
35 40 399 91 420 8571 0 0 0 2
35 51 393 102 415 8591 0 0 1 2
35 62 390 113 411 8611 0 0 1 2
35 76 388 127 409 8631 0 0 1 2
35 91 386 142 408 8651 0 0 1 2
35 104 386 155 408 8671 0 0 1 2
35 115 385 166 406 8691 0 0 1 2
35 131 385 182 406 8711 0 0 1 2
35 149 383 201 404 8731 0 0 1 2
35 166 383 217 404 8751 0 0 1 2
35 180 383 232 404 8771 0 0 1 2
35 197 383 248 404 8791 0 0 1 2
35 213 381 265 402 8811 0 0 1 2
35 230 381 281 402 8831 0 0 1 2
35 246 381 297 402 8851 0 0 1 2
35 263 379 314 401 8871 0 0 1 2
35 277 379 329 401 8891 0 0 1 2
35 296 379 347 401 8911 0 0 1 2
35 314 379 365 401 8931 0 0 1 2
35 330 376 382 397 8951 0 0 1 2
35 347 374 398 395 8971 0 0 1 2
35 361 374 413 395 8991 0 0 1 2
35 376 372 429 395 9011 0 0 1 2
35 392 369 445 397 9031 0 0 1 2
35 409 365 464 399 9051 0 0 1 2
35 425 363 480 401 9071 0 0 1 2
35 442 360 498 402 9091 0 0 1 2
35 458 358 515 404 9111 0 0 1 2
35 473 358 530 404 9131 0 0 1 2
35 488 358 544 404 9151 0 0 1 2
35 502 358 559 404 9171 0 0 1 2
35 519 358 575 404 9191 0 0 1 2
35 533 358 590 404 9211 0 0 1 2
35 548 360 604 406 9231 0 0 1 2
35 564 362 621 408 9251 0 0 1 2
35 579 362 636 408 9271 0 0 1 2
35 594 363 650 409 9291 0 0 1 2
35 610 363 667 409 9311 0 0 1 2
35 628 363 685 409 9331 0 0 1 2
35 647 362 703 408 9351 0 0 1 2
35 663 360 720 406 9371 0 0 1 2
35 681 360 738 406 9391 0 0 1 2
35 698 360 754 406 9411 0 0 1 2
35 712 360 769 406 9431 0 0 1 2
35 727 360 784 406 9451 0 0 1 2
35 742 360 798 406 9471 0 0 1 2
35 756 360 813 406 9491 0 0 1 2
35 776 360 827 404 9511 0 0 1 2
35 800 360 840 401 9531 0 0 1 2
35 826 360 853 399 9551 0 0 1 2
35 837 355 864 393 9571 0 0 1 2
35 848 351 875 390 9591 0 0 1 2
35 870 356 897 395 9611 0 0 1 2
35 891 360 917 399 9631 0 0 1 2
35 912 360 937 399 9651 0 0 1 2
35 926 362 952 401 9671 0 0 1 2
35 933 362 959 401 9691 0 0 1 2
35 954 362 977 401 9711 0 0 1 2
35 972 358 996 397 9731 0 0 1 2
35 990 356 1014 395 9751 0 0 0 2
35 1007 356 1030 395 9771 0 0 1 2
35 1021 355 1045 393 9791 0 0 1 2
35 1038 353 1061 392 9811 0 0 1 2
35 1054 353 1078 392 9831 0 0 1 2
35 1072 353 1096 392 9851 0 0 1 2
35 1087 349 1111 388 9871 0 0 1 2
35 1102 346 1125 385 9891 0 0 1 2
35 1114 342 1140 381 9911 0 0 1 2
36 0 454 58 496 9171 0 0 1 1
36 23 446 82 489 9191 0 0 1 1
36 85 439 146 482 9211 0 0 1 1
36 146 432 208 475 9231 0 0 1 1
36 208 429 270 471 9251 0 0 1 1
36 268 427 330 469 9271 0 0 1 1
36 334 429 396 471 9291 0 0 1 1
36 400 431 462 473 9311 0 0 1 1
36 464 429 528 471 9331 0 0 1 1
36 530 427 594 469 9351 0 0 1 1
36 597 425 661 468 9371 0 0 1 1
36 665 422 729 464 9391 0 0 1 1
36 723 422 787 464 9411 0 0 1 1
36 785 422 849 464 9431 0 0 1 1
36 849 420 913 462 9451 0 0 1 1
36 912 418 976 461 9471 0 0 1 1
36 972 418 1036 461 9491 0 0 1 1
36 1029 411 1091 452 9511 0 0 1 1
36 1085 399 1144 438 9531 0 0 1 1
36 1142 386 1197 424 9551 0 0 1 1
36 1193 363 1248 401 9571 0 0 1 1
36 1241 337 1295 374 9591 0 0 1 1
36 1273 270 1312 309 9611 0 0 1 1
36 1281 247 1312 286 9631 0 0 1 1
36 1294 166 1312 204 9651 0 0 1 1
36 1297 109 1312 148 9671 0 0 1 1
37 807 344 842 376 8976 0 1 1 2
37 820 362 855 393 8996 0 0 1 2
37 826 371 868 404 9016 0 0 1 2
37 829 379 880 415 9036 0 0 1 2
37 831 388 893 425 9056 0 0 1 2
37 848 395 912 434 9076 0 0 1 2
37 866 402 930 441 9096 0 0 1 2
37 884 409 948 448 9116 0 0 1 2
37 897 418 961 457 9136 0 0 1 2
37 910 425 974 464 9156 0 0 1 2
37 926 432 990 471 9176 0 0 1 2
37 944 438 1008 477 9196 0 0 1 2
37 963 443 1027 482 9216 0 0 1 2
37 981 448 1045 487 9236 0 0 1 2
37 999 454 1063 492 9256 0 0 1 2
37 1018 459 1082 498 9276 0 0 1 2
37 1036 466 1100 505 9296 0 0 1 2
37 1054 473 1118 512 9316 0 0 1 2
37 1071 480 1135 521 9336 0 0 1 2
37 1089 487 1153 528 9356 0 0 1 2
37 1105 494 1169 537 9376 0 0 1 2
37 1118 503 1182 545 9396 0 0 1 2
37 1133 512 1197 554 9416 0 0 1 2
37 1146 522 1209 565 9436 0 0 1 2
37 1153 535 1217 577 9456 0 0 1 2
37 1160 549 1224 591 9476 0 0 1 2
37 1169 565 1233 607 9496 0 0 1 2
37 1188 584 1242 627 9516 0 0 1 2
37 1206 607 1250 646 9536 0 0 1 2
37 1224 627 1257 666 9556 0 0 1 2
37 1237 644 1270 683 9576 0 0 1 2
37 1244 660 1277 699 9596 0 0 1 2
37 1242 678 1275 717 9616 0 0 1 2
37 1248 697 1281 736 9636 0 0 1 2
37 1252 717 1284 756 9656 0 0 1 2
37 1252 734 1284 773 9676 0 0 1 2
37 1252 754 1284 793 9696 0 0 1 2
37 1252 770 1284 809 9716 0 0 1 2
37 1252 787 1284 826 9736 0 0 1 2
37 1253 802 1286 839 9756 0 0 1 2
37 1255 814 1288 842 9776 0 0 1 2
39 1259 369 1294 401 9770 0 0 1 2
39 1239 367 1273 399 9790 0 0 1 2
39 1220 365 1255 397 9810 0 0 1 2
39 1206 362 1241 393 9830 0 0 1 2
39 1189 358 1224 390 9850 0 0 1 2
39 1171 360 1206 392 9870 0 0 1 2
39 1151 367 1186 399 9890 0 0 1 2
39 1131 374 1166 406 9910 0 0 1 2
40 793 344 826 376 9789 0 0 1 2
40 800 360 833 392 9809 0 0 1 2
40 813 372 846 404 9829 0 0 1 2
40 824 383 857 415 9849 0 0 1 2
40 837 393 870 425 9869 0 0 1 2
40 848 401 880 432 9889 0 0 1 2
40 859 408 891 439 9909 0 0 1 2
41 120 413 190 446 8501 0 0 1 1
41 159 411 228 445 8521 0 0 1 1
41 199 408 268 441 8541 0 0 1 1
41 241 404 310 438 8561 0 0 1 1
41 283 397 352 431 8581 0 0 1 1
41 325 397 394 431 8601 0 0 1 1
41 367 402 436 436 8621 0 0 1 1
41 409 402 478 436 8641 0 0 1 1
41 449 402 519 436 8661 0 0 1 1
41 493 399 562 432 8681 0 0 1 1
41 541 395 610 429 8701 0 0 1 1
41 583 393 652 427 8721 0 0 1 1
41 619 395 689 429 8741 0 0 1 1
41 656 397 725 431 8761 0 0 1 1
41 692 401 762 434 8781 0 0 1 1
41 729 402 798 436 8801 0 0 1 1
41 771 406 840 439 8821 0 0 1 1
41 813 408 882 441 8841 0 0 1 1
41 860 409 930 443 8861 0 0 1 1
41 908 406 977 439 8881 0 0 1 1
41 954 402 1023 436 8901 0 0 1 1
41 996 402 1065 436 8921 0 0 1 1
41 1032 402 1102 436 8941 0 0 1 1
41 1080 406 1149 439 8961 0 0 1 1
41 1131 411 1200 445 8981 0 0 0 1
41 1177 415 1246 450 9001 0 0 1 1
41 1206 406 1277 464 9021 0 0 1 1
42 9 381 47 422 2636 0 0 0 2
42 51 385 89 425 2656 0 0 1 2
42 95 388 133 429 2676 0 0 1 2
42 138 392 177 432 2696 0 0 1 2
42 182 395 221 436 2716 0 0 1 2
42 226 401 265 441 2736 0 0 1 2
42 279 402 318 443 2756 0 0 1 2
42 336 402 374 443 2776 0 0 1 2
42 392 404 431 445 2796 0 0 1 2
42 449 406 488 446 2816 0 0 1 2
42 506 406 544 446 2836 0 0 1 2
42 562 408 601 448 2856 0 0 1 2
42 619 408 658 448 2876 0 0 1 2
42 681 408 720 448 2896 0 0 1 2
42 747 406 785 446 2916 0 0 1 2
42 811 402 849 443 2936 0 0 1 2
42 875 401 913 441 2956 0 0 1 2
42 937 397 976 438 2976 0 0 1 2
42 999 392 1038 432 2996 0 0 1 2
42 1063 388 1102 429 3016 0 0 1 2
43 10 452 54 485 2778 0 0 1 2
43 60 448 104 482 2798 0 0 1 2
43 107 445 151 478 2818 0 0 1 2
43 157 441 201 475 2838 0 0 1 2
43 206 439 250 473 2858 0 0 1 2
43 254 436 297 469 2878 0 0 1 2
43 303 432 347 466 2898 0 0 1 2
43 354 429 398 462 2918 0 0 1 2
43 409 425 453 459 2938 0 0 1 2
43 464 422 508 455 2958 0 0 1 2
43 520 420 564 454 2978 0 0 1 2
43 575 416 619 450 2998 0 0 1 2
43 630 415 674 448 3018 0 0 1 2
44 5 385 40 409 2750 0 0 1 1
44 18 385 53 409 2770 0 0 1 1
44 31 385 65 409 2790 0 0 1 1
44 43 385 78 409 2810 0 0 1 1
44 56 385 91 409 2830 0 0 1 1
44 71 385 106 409 2850 0 0 1 1
44 84 385 118 409 2870 0 0 1 1
44 96 385 131 409 2890 0 0 1 1
44 109 385 144 409 2910 0 0 1 1
44 122 383 157 408 2930 0 0 1 1
44 133 383 168 408 2950 0 0 1 1
44 146 381 180 406 2970 0 0 1 1
44 159 379 193 404 2990 0 0 1 1
44 169 378 204 402 3010 0 0 1 1
44 182 378 217 402 3030 0 0 1 1
45 520 441 568 487 1608 0 0 1 2
45 535 441 583 487 1628 0 0 1 2
45 551 441 599 487 1648 0 0 1 2
45 566 441 614 487 1668 0 0 1 2
45 583 441 630 487 1688 0 0 1 2
45 597 443 645 489 1708 0 0 1 2
45 612 443 659 489 1728 0 0 1 2
45 628 443 676 489 1748 0 0 1 2
45 643 443 690 489 1768 0 0 1 2
45 659 443 707 489 1788 0 0 1 2
45 676 441 723 487 1808 0 0 1 2
45 692 439 740 485 1828 0 0 1 2
45 711 436 758 482 1848 0 0 1 2
45 727 434 774 480 1868 0 0 1 2
45 743 431 791 477 1888 0 0 1 2
45 762 429 809 475 1908 0 0 1 2
45 778 425 826 471 1928 0 0 1 2
45 795 422 842 468 1948 0 0 1 2
45 813 420 860 466 1968 0 0 1 2
45 829 416 877 462 1988 0 0 1 2
45 848 415 893 459 2008 0 0 1 2
45 868 409 910 450 2028 0 0 1 2
45 886 406 926 441 2048 0 0 1 2
45 906 401 941 432 2068 0 0 1 2
45 926 397 957 424 2088 0 0 1 2
45 943 393 974 418 2108 0 0 1 2
45 959 392 990 416 2128 0 0 1 2
45 976 388 1007 413 2148 0 0 1 2
45 992 386 1023 411 2168 0 0 1 2
45 1008 383 1040 408 2188 0 0 1 2
45 1023 381 1054 406 2208 0 0 1 2
45 1040 378 1071 402 2228 0 0 1 2
45 1056 376 1087 401 2248 0 0 1 2
45 1074 372 1105 397 2268 0 0 1 2
45 1093 371 1124 395 2288 0 0 1 2
45 1111 369 1142 393 2308 0 0 1 2
45 1129 367 1160 392 2328 0 0 1 2
45 1147 365 1178 390 2348 0 0 1 2
45 1164 362 1195 386 2368 0 0 1 2
45 1180 358 1211 383 2388 0 0 1 2
45 1199 355 1230 379 2408 0 0 1 2
45 1213 351 1244 376 2428 0 0 1 2
45 1226 348 1257 372 2448 0 0 1 2
45 1237 344 1268 369 2468 0 0 1 2
45 1252 333 1283 358 2488 0 0 1 2
45 1262 321 1295 348 2508 0 0 1 2
45 1272 305 1305 339 2528 0 0 1 2
45 1281 291 1314 330 2548 0 0 1 2
45 1283 277 1314 316 2568 0 0 1 2
45 1286 265 1314 303 2588 0 0 1 2
45 1290 250 1314 289 2608 0 0 1 2
45 1294 238 1314 277 2628 0 0 1 2
45 1294 220 1314 259 2648 0 0 1 2
45 1294 203 1314 242 2668 0 0 1 2
45 1294 185 1314 224 2688 0 0 1 2
46 157 484 202 507 2513 0 0 1 2
46 175 484 221 507 2533 0 0 1 2
46 191 484 237 507 2553 0 0 1 2
46 210 484 255 507 2573 0 0 1 2
46 228 484 274 507 2593 0 0 1 2
46 246 484 292 507 2613 0 0 1 2
46 263 484 308 507 2633 0 0 1 2
46 281 484 327 507 2653 0 0 1 2
46 288 485 334 508 2673 0 0 1 2
46 297 485 343 508 2693 0 0 0 2
46 314 484 360 507 2713 0 0 1 2
46 330 484 376 507 2733 0 0 1 2
46 349 484 394 507 2753 0 0 1 2
46 365 484 411 507 2773 0 0 1 2
46 383 484 429 507 2793 0 0 1 2
46 400 484 445 507 2813 0 0 1 2
46 409 484 455 505 2833 0 0 1 2
46 418 484 464 505 2853 0 0 1 2
46 427 484 473 505 2873 0 0 1 2
46 438 484 482 503 2893 0 0 1 2
46 447 484 491 503 2913 0 0 1 2
46 456 484 500 503 2933 0 0 1 2
46 466 484 509 503 2953 0 0 1 2
46 475 484 519 501 2973 0 0 1 2
46 484 484 528 501 2993 0 0 1 2
46 493 484 537 501 3013 0 0 1 2
47 785 443 827 468 2001 0 0 1 1
47 824 443 866 468 2021 0 0 1 1
47 864 443 904 468 2041 0 0 1 1
47 904 443 943 468 2061 0 0 1 1
47 944 443 983 468 2081 0 0 1 1
47 983 443 1021 468 2101 0 0 1 1
47 1023 443 1060 468 2121 0 0 1 1
47 1063 445 1100 469 2141 0 0 1 1
47 1103 445 1138 469 2161 0 0 1 1
47 1142 445 1177 469 2181 0 0 1 1
47 1182 445 1215 469 2201 0 0 1 1
47 1222 445 1255 469 2221 0 0 1 1
47 1262 445 1294 469 2241 0 0 1 1
48 32 454 78 489 1581 0 0 1 2
48 69 454 115 489 1601 0 0 1 2
48 106 454 151 489 1621 0 0 1 2
48 140 452 186 487 1641 0 0 1 2
48 177 452 222 487 1661 0 0 1 2
48 212 450 257 485 1681 0 0 1 2
48 248 450 294 485 1701 0 0 1 2
48 285 450 330 485 1721 0 0 1 2
48 319 448 365 484 1741 0 0 1 2
48 356 448 402 484 1761 0 0 1 2
48 392 448 438 484 1781 0 0 1 2
48 427 446 473 482 1801 0 0 1 2
48 464 446 509 482 1821 0 0 1 2
48 498 446 544 482 1841 0 0 1 2
48 535 446 581 482 1861 0 0 1 2
48 570 446 615 482 1881 0 0 1 2
48 604 446 652 482 1901 0 0 1 2
48 641 446 689 482 1921 0 0 1 2
48 676 446 723 482 1941 0 0 1 2
48 712 446 760 482 1961 0 0 1 2
48 747 446 795 482 1981 0 0 1 2
48 784 446 831 482 2001 0 0 1 2
48 811 448 859 484 2021 0 0 1 2
49 5 471 38 498 955 0 0 1 2
49 18 469 51 496 975 0 0 1 2
49 31 468 63 494 995 0 0 1 2
49 45 466 78 492 1015 0 0 1 2
49 60 466 96 492 1035 0 0 1 2
49 76 466 113 492 1055 0 0 1 2
49 93 464 129 492 1075 0 0 1 2
49 107 464 146 491 1095 0 0 1 2
49 124 464 162 491 1115 0 0 1 2
49 138 462 179 491 1135 0 0 1 2
49 155 462 197 491 1155 0 0 1 2
49 169 462 213 489 1175 0 0 1 2
49 186 461 230 489 1195 0 0 1 2
49 202 461 246 489 1215 0 0 1 2
49 217 461 263 489 1235 0 0 1 2
49 233 459 279 487 1255 0 0 1 2
49 248 459 297 487 1275 0 0 1 2
49 265 459 314 487 1295 0 0 1 2
49 279 457 330 487 1315 0 0 1 2
49 296 457 347 485 1335 0 0 1 2
49 312 457 363 485 1355 0 0 1 2
49 327 455 380 485 1375 0 0 1 2
49 343 455 398 485 1395 0 0 1 2
49 358 455 414 484 1415 0 0 1 2
49 374 454 431 484 1435 0 0 1 2
49 389 454 447 484 1455 0 0 1 2
49 405 454 464 484 1475 0 0 1 2
49 422 454 482 484 1495 0 0 0 2
49 433 452 493 482 1515 0 0 1 2
50 575 415 641 441 3003 0 0 1 1
50 630 415 696 441 3023 0 0 1 1
50 685 415 751 441 3043 0 0 0 1
50 736 416 802 443 3063 0 0 1 1
50 789 420 855 446 3083 0 0 1 1
50 838 422 904 448 3103 0 0 1 1
50 890 424 955 450 3123 0 0 1 1
50 944 424 1010 450 3143 0 0 1 1
50 999 425 1065 452 3163 0 0 1 1
50 1056 439 1122 466 3183 0 0 1 1
50 1116 445 1182 471 3203 0 0 1 1
50 1173 443 1239 469 3223 0 0 1 1
50 1222 438 1286 464 3243 0 0 1 1
51 1029 395 1071 429 3003 0 0 1 6
51 1093 392 1135 425 3023 0 0 1 6
51 1151 390 1193 424 3043 0 0 1 6
51 1208 390 1250 424 3063 0 0 1 6
51 1261 390 1303 424 3083 0 0 1 6
52 1290 773 1314 816 3006 0 0 1 1
52 1288 729 1314 780 3026 0 0 1 1
52 1286 685 1312 742 3046 0 0 1 1
52 1283 641 1308 697 3066 0 0 1 1
52 1279 597 1305 653 3086 0 0 1 1
52 1277 551 1303 607 3106 0 0 1 1
52 1273 505 1299 561 3126 0 0 1 1
52 1252 466 1277 522 3146 0 0 1 1
52 1228 427 1253 484 3166 0 0 1 1
52 1188 406 1222 457 3186 0 0 1 1
52 1146 386 1188 434 3206 0 0 1 1
52 1103 381 1146 429 3226 0 0 1 1
52 1060 378 1102 425 3246 0 0 1 1
52 1012 378 1054 425 3266 0 0 1 1
52 965 378 1007 425 3286 0 0 1 1
52 915 378 957 425 3306 0 0 1 1
52 864 378 906 425 3326 0 0 0 1
52 820 379 862 427 3346 0 0 1 1
52 776 383 818 431 3366 0 0 1 1
52 731 383 773 431 3386 0 0 1 1
52 683 383 725 431 3406 0 0 1 1
52 628 383 670 431 3426 0 0 1 1
52 581 383 623 431 3446 0 0 1 1
52 533 381 575 429 3466 0 0 1 1
52 484 381 526 429 3486 0 0 0 1
52 436 383 478 431 3506 0 0 1 1
52 382 383 424 431 3526 0 0 1 1
53 630 462 689 503 3118 0 0 1 2
53 645 461 703 501 3138 0 0 1 2
53 665 461 723 501 3158 0 0 1 2
53 679 461 738 501 3178 0 1 1 2
53 687 466 745 507 3198 0 1 1 2
53 696 464 754 505 3218 0 1 1 2
53 705 462 764 503 3238 0 1 1 2
53 716 461 774 501 3258 0 1 1 2
53 734 461 793 501 3278 0 1 1 2
53 773 462 831 503 3298 0 1 1 2
53 787 462 846 503 3318 0 1 1 2
53 802 468 860 508 3338 0 1 1 2
53 815 469 873 510 3358 0 1 1 2
53 824 468 882 508 3378 0 1 1 2
53 842 464 901 505 3398 0 1 1 2
53 866 459 924 499 3418 0 1 1 2
53 891 457 950 498 3438 0 1 1 2
53 915 455 974 496 3458 0 1 1 2
53 928 455 987 496 3478 0 1 1 2
53 928 455 987 496 3498 0 1 1 2
53 928 455 987 496 3518 0 1 1 2
54 1250 383 1295 418 3255 0 0 1 1
54 1191 385 1237 420 3275 0 0 1 1
54 1129 385 1175 420 3295 0 0 1 1
54 1061 385 1107 420 3315 0 0 1 1
54 994 386 1040 422 3335 0 0 1 1
54 928 390 974 425 3355 0 0 1 1
54 860 392 906 427 3375 0 0 1 1
54 795 397 840 432 3395 0 0 1 1
54 723 404 769 439 3415 0 0 1 1
54 652 411 698 446 3435 0 0 1 1
54 579 413 625 448 3455 0 0 1 1
54 508 415 553 450 3475 0 0 1 1
54 444 420 489 455 3495 0 0 1 1
54 372 416 418 452 3515 0 0 1 1
55 1262 333 1312 365 3284 0 1 1 2
55 1253 337 1303 369 3304 0 1 1 2
55 1248 339 1297 371 3324 0 1 1 2
55 1241 339 1290 371 3344 0 0 1 2
55 1208 344 1257 376 3364 0 0 0 2
55 1193 348 1242 379 3384 0 0 1 2
55 1178 351 1228 383 3404 0 0 1 2
55 1164 355 1213 386 3424 0 0 1 2
55 1144 355 1193 386 3444 0 0 1 2
55 1125 355 1175 386 3464 0 0 1 2
55 1107 356 1156 388 3484 0 0 1 2
55 1089 358 1138 390 3504 0 0 1 2
55 1069 358 1118 390 3524 0 0 1 2
56 23 459 71 482 3318 0 0 1 1
56 63 455 111 478 3338 0 0 1 1
56 106 454 153 477 3358 0 0 1 1
56 148 454 195 477 3378 0 0 1 1
56 197 455 244 478 3398 0 0 1 1
56 244 455 292 478 3418 0 0 1 1
56 288 459 336 482 3438 0 0 1 1
56 329 462 376 485 3458 0 0 1 1
56 372 464 420 487 3478 0 1 0 1
56 418 464 466 489 3498 0 1 1 1
56 453 469 500 494 3518 0 1 1 1
57 398 418 455 457 3506 0 0 1 6
57 329 413 385 452 3526 0 0 1 6
57 255 409 312 448 3546 0 0 1 6
57 182 408 239 446 3566 0 0 1 6
57 109 408 166 446 3586 0 0 1 6
57 32 406 89 445 3606 0 0 1 6
57 0 399 29 438 3626 0 0 1 6
58 405 397 462 432 3516 0 0 1 6
58 350 397 407 434 3536 0 0 1 6
58 296 397 352 434 3556 0 0 1 6
58 244 397 301 434 3576 0 0 1 6
58 195 401 252 438 3596 0 0 1 6
58 146 397 202 434 3616 0 0 1 6
58 98 397 155 434 3636 0 0 1 6
58 42 393 98 431 3656 0 0 1 6
58 3 393 56 431 3676 0 0 1 6
59 1091 355 1135 397 3506 0 0 1 6
59 1074 355 1118 397 3526 0 0 1 6
59 1058 355 1102 399 3546 0 0 1 6
59 1040 355 1085 399 3566 0 0 1 6
59 1023 355 1069 399 3586 0 0 1 6
59 1007 356 1052 401 3606 0 0 1 6
59 988 356 1034 401 3626 0 0 1 6
59 970 356 1016 401 3646 0 0 1 6
59 954 355 999 399 3666 0 0 1 6
59 935 353 981 397 3686 0 0 1 6
59 917 353 963 397 3706 0 0 1 6
59 899 353 944 397 3726 0 0 1 6
59 884 353 930 397 3746 0 0 1 6
59 868 353 913 397 3766 0 0 1 6
59 851 355 897 399 3786 0 0 1 6
59 833 355 879 399 3806 0 0 1 6
59 815 355 860 399 3826 0 0 1 6
59 800 355 846 399 3846 0 0 1 6
59 785 351 831 395 3866 0 0 1 6
59 769 349 815 393 3886 0 0 1 6
59 754 349 800 393 3906 0 0 1 6
59 738 349 784 393 3926 0 0 1 6
59 720 349 765 393 3946 0 0 1 6
59 703 351 749 395 3966 0 0 1 6
59 685 353 731 397 3986 0 0 1 6
59 667 355 712 399 4006 0 0 1 6
59 652 356 698 401 4026 0 0 1 6
60 12 411 67 452 3965 0 0 1 6
60 65 424 111 461 3985 0 0 1 6
60 120 429 164 464 4005 0 0 1 6
60 177 431 221 466 4025 0 0 1 6
61 636 454 694 484 3593 0 0 1 1
61 678 448 736 480 3613 0 0 1 1
61 725 441 784 473 3633 0 1 1 1
61 773 441 831 473 3653 0 1 1 1
61 818 443 877 475 3673 0 0 1 1
61 860 441 919 473 3693 0 1 1 1
61 910 439 968 471 3713 0 1 1 1
61 955 436 1014 468 3733 0 1 1 1
61 999 431 1058 462 3753 0 1 1 1
61 1040 427 1098 459 3773 0 0 1 1
61 1080 425 1138 457 3793 0 0 1 1
61 1116 425 1175 457 3813 0 0 1 1
61 1156 425 1215 457 3833 0 0 1 1
61 1202 427 1261 459 3853 0 0 1 1
61 1246 429 1301 461 3873 0 0 1 1
62 1040 461 1082 491 3583 0 0 1 2
62 1052 461 1094 491 3603 0 0 1 2
62 1065 461 1107 491 3623 0 0 1 2
62 1078 461 1120 491 3643 0 0 1 2
62 1091 461 1133 491 3663 0 0 1 2
62 1105 461 1147 491 3683 0 0 1 2
62 1120 461 1162 491 3703 0 0 1 2
62 1136 457 1178 487 3723 0 0 1 2
62 1153 457 1195 487 3743 0 0 1 2
62 1167 459 1209 489 3763 0 0 1 2
62 1184 461 1226 491 3783 0 0 1 2
62 1204 462 1246 492 3803 0 0 1 2
62 1224 462 1266 492 3823 0 0 1 2
62 1239 462 1281 492 3843 0 0 1 2
62 1257 464 1299 494 3863 0 0 1 2
62 1273 468 1312 498 3883 0 0 1 2
62 1295 468 1314 498 3903 0 0 1 2
63 7 446 54 480 3680 0 0 1 6
63 51 446 98 482 3700 0 0 1 6
63 98 446 146 482 3720 0 0 1 6
63 146 445 193 480 3740 0 0 1 6
63 193 443 241 478 3760 0 0 1 6
63 241 443 288 478 3780 0 0 1 6
63 286 443 334 478 3800 0 0 1 6
63 330 443 378 478 3820 0 0 1 6
63 374 443 422 478 3840 0 0 1 6
63 418 443 466 478 3860 0 0 1 6
63 460 443 508 478 3880 0 0 1 6
63 502 443 550 478 3900 0 0 1 6
63 548 441 595 477 3920 0 0 1 6
63 595 438 643 473 3940 0 0 1 6
63 639 438 687 473 3960 0 0 1 6
63 678 439 725 475 3980 0 0 1 6
63 718 441 765 477 4000 0 0 1 6
63 760 441 807 477 4020 0 0 1 6
64 16 436 67 485 3779 0 0 1 3
64 76 438 129 487 3799 0 0 1 3
64 140 438 193 487 3819 0 0 1 3
64 204 434 257 484 3839 0 0 1 3
64 268 429 321 478 3859 0 0 1 3
64 332 425 385 475 3879 0 0 1 3
64 396 422 449 471 3899 0 0 1 3
64 460 420 513 469 3919 0 0 1 3
64 526 415 579 464 3939 0 0 1 3
64 590 411 643 461 3959 0 0 1 3
64 654 408 707 457 3979 0 0 1 3
64 718 408 771 457 3999 0 0 1 3
64 780 408 833 457 4019 0 0 1 3
65 1290 545 1314 568 3657 0 0 1 2
65 1288 522 1312 558 3677 0 0 1 2
65 1288 508 1312 544 3697 0 0 1 2
65 1279 492 1312 528 3717 0 0 1 2
65 1270 477 1308 510 3737 0 0 1 2
65 1261 462 1299 496 3757 0 0 1 2
65 1253 446 1292 480 3777 0 0 1 2
65 1246 431 1284 464 3797 0 0 1 2
65 1235 416 1273 452 3817 0 0 1 2
65 1224 402 1261 439 3837 0 0 1 2
65 1211 393 1250 427 3857 0 0 1 2
65 1197 388 1235 422 3877 0 0 1 2
65 1180 385 1219 418 3897 0 0 1 2
65 1164 379 1202 413 3917 0 0 1 2
65 1147 372 1186 406 3937 0 0 1 2
65 1133 367 1171 401 3957 0 0 1 2
65 1116 360 1155 393 3977 0 0 1 2
65 1100 355 1138 388 3997 0 0 1 2
65 1083 355 1122 390 4017 0 0 1 2
65 1067 356 1105 392 4037 0 0 1 2
65 1050 358 1091 395 4057 0 0 1 2
65 1034 358 1074 399 4077 0 0 1 2
65 1018 360 1058 401 4097 0 0 1 2
65 1001 362 1043 404 4117 0 0 1 2
65 985 362 1027 406 4137 0 0 1 2
65 968 362 1010 406 4157 0 0 1 2
65 952 360 994 404 4177 0 0 1 2
65 935 358 977 402 4197 0 0 1 2
65 921 356 963 401 4217 0 0 1 2
65 904 355 946 399 4237 0 0 1 2
65 888 353 930 397 4257 0 0 1 2
65 871 351 913 395 4277 0 0 1 2
65 855 349 897 393 4297 0 0 1 2
65 838 348 880 392 4317 0 0 1 2
65 824 346 866 390 4337 0 0 1 2
65 807 344 849 388 4357 0 0 1 2
65 796 339 838 383 4377 0 0 1 2
65 796 328 838 372 4397 0 0 1 2
65 796 328 838 372 4417 0 0 1 2
65 796 328 838 372 4437 0 0 1 2
65 796 328 838 372 4457 0 0 1 2
65 796 328 838 372 4477 0 0 1 2
65 796 328 838 372 4497 0 0 1 2
65 796 328 838 372 4517 0 0 1 2
66 124 431 166 462 4005 0 0 1 2
66 182 431 224 462 4025 0 0 1 2
66 241 429 283 461 4045 0 0 1 2
66 299 427 341 459 4065 0 0 1 2
66 358 427 400 459 4085 0 0 1 2
66 416 425 458 457 4105 0 0 1 2
66 475 425 517 457 4125 0 0 1 2
66 533 424 575 455 4145 0 0 1 2
66 590 422 632 454 4165 0 0 1 2
66 648 422 690 454 4185 0 0 1 2
66 705 422 747 454 4205 0 0 1 2
66 762 420 804 452 4225 0 0 1 2
66 820 420 862 452 4245 0 0 1 2
66 877 418 919 450 4265 0 0 1 2
66 933 418 976 450 4285 0 0 1 2
66 990 418 1032 450 4305 0 0 1 2
66 1049 416 1091 448 4325 0 0 1 2
66 1105 416 1147 448 4345 0 0 1 2
66 1162 416 1204 448 4365 0 0 1 2
66 1219 422 1261 454 4385 0 0 1 2
67 718 413 787 461 4005 0 0 1 2
67 754 432 824 480 4025 0 0 1 2
67 798 436 868 485 4045 0 0 1 2
67 846 436 915 485 4065 0 0 1 2
67 895 436 965 485 4085 0 0 1 2
67 943 436 1012 485 4105 0 0 1 2
67 990 436 1060 485 4125 0 0 1 2
67 1038 434 1107 485 4145 0 0 1 2
67 1085 427 1155 478 4165 0 0 1 2
67 1133 420 1202 471 4185 0 0 1 2
67 1184 415 1253 466 4205 0 0 1 2
67 1239 415 1306 466 4225 0 0 1 2
68 859 416 917 469 4045 0 0 1 6
68 919 424 977 477 4065 0 0 1 6
68 981 429 1040 482 4085 0 0 1 6
68 1041 434 1100 487 4105 0 0 1 6
68 1102 441 1160 494 4125 0 0 1 6
68 1158 450 1217 503 4145 0 0 1 6
68 1202 466 1259 519 4165 0 0 1 6
68 1244 480 1301 533 4185 0 0 1 6
68 1264 526 1312 579 4205 0 0 1 6
69 1135 616 1171 650 3635 0 0 1 2
69 1149 618 1186 651 3655 0 0 1 2
69 1164 621 1200 655 3675 0 0 1 2
69 1178 623 1215 657 3695 0 0 1 2
69 1193 632 1230 666 3715 0 0 1 2
69 1206 643 1242 676 3735 0 0 1 2
69 1217 655 1253 689 3755 0 0 1 2
69 1228 667 1264 701 3775 0 0 1 2
69 1239 680 1275 713 3795 0 0 1 2
69 1250 692 1286 726 3815 0 0 1 2
69 1261 704 1297 738 3835 0 0 1 2
69 1272 717 1308 750 3855 0 0 1 2
69 1279 729 1312 763 3875 0 0 1 2
69 1281 740 1314 773 3895 0 0 1 2
69 1284 757 1314 791 3915 0 0 1 2
69 1292 780 1314 814 3935 0 0 1 2
69 1295 796 1314 830 3955 0 0 1 2
69 1294 816 1314 842 3975 0 0 1 2
71 1220 817 1257 846 3836 0 0 1 2
71 1202 816 1239 846 3856 0 0 1 2
71 1180 819 1217 846 3876 0 0 1 2
71 1164 821 1200 846 3896 0 0 1 2
71 1147 819 1184 846 3916 0 0 1 2
71 1135 819 1169 846 3936 0 0 1 2
71 1131 817 1164 846 3956 0 0 1 2
71 1131 817 1164 846 3976 0 0 1 2
71 1127 814 1160 842 3996 0 0 1 2
71 1125 814 1160 842 4016 0 0 1 2
71 1124 816 1164 842 4036 0 0 1 2
71 1124 816 1166 844 4056 0 0 1 2
71 1122 817 1167 844 4076 0 0 1 2
71 1122 817 1169 844 4096 0 0 1 2
71 1122 819 1171 846 4116 0 1 1 2
71 1122 819 1171 846 4136 0 1 1 2
71 1122 819 1171 846 4156 0 1 1 2
71 1122 819 1171 846 4176 0 1 1 2
71 1122 819 1171 846 4196 0 1 1 2
71 1122 819 1171 846 4216 0 1 1 2
71 1122 819 1171 846 4236 0 1 1 2
71 1122 819 1171 846 4256 0 1 1 2
71 1122 819 1171 846 4276 0 1 1 2
71 1122 819 1171 846 4296 0 1 1 2
71 1122 819 1171 846 4316 0 1 1 2
71 1122 819 1171 846 4336 0 1 1 2
71 1122 819 1171 846 4356 0 1 1 2
71 1122 819 1171 846 4376 0 1 1 2
71 1122 819 1171 846 4396 0 1 1 2
71 1122 819 1171 846 4416 0 1 1 2
71 1122 819 1171 846 4436 0 1 1 2
71 1122 819 1171 846 4456 0 1 1 2
71 1122 819 1171 846 4476 0 1 1 2
71 1122 819 1171 846 4496 0 1 1 2
71 1122 819 1171 846 4516 0 1 1 2
72 148 376 222 406 3004 0 0 1 2
72 160 376 235 406 3024 0 0 1 2
72 171 376 246 406 3044 0 0 1 2
72 184 376 259 406 3064 0 0 1 2
72 197 376 272 406 3084 0 0 1 2
72 210 376 285 404 3104 0 0 1 2
72 222 376 297 404 3124 0 0 1 2
72 235 376 308 404 3144 0 0 1 2
72 248 376 321 404 3164 0 0 1 2
72 261 376 334 404 3184 0 0 1 2
72 274 376 347 404 3204 0 0 1 2
72 286 376 360 404 3224 0 0 1 2
72 299 376 372 404 3244 0 0 1 2
72 312 376 385 404 3264 0 0 1 2
72 325 374 398 402 3284 0 0 1 2
72 334 372 407 401 3304 0 0 1 2
72 343 371 416 399 3324 0 0 1 2
72 352 369 425 397 3344 0 0 1 2
72 363 367 436 395 3364 0 0 1 2
72 376 367 449 395 3384 0 0 1 2
72 389 367 462 395 3404 0 0 1 2
72 402 367 475 395 3424 0 0 1 2
72 413 367 486 395 3444 0 0 1 2
72 422 367 495 395 3464 0 0 1 2
72 431 367 504 395 3484 0 0 1 2
72 442 365 513 395 3504 0 0 1 2
72 456 365 520 397 3524 0 0 1 2
72 469 365 528 401 3544 0 0 1 2
72 484 365 535 402 3564 0 0 1 2
72 497 365 544 406 3584 0 0 1 2
72 508 365 555 406 3604 0 0 1 2
72 520 367 568 408 3624 0 0 1 2
72 531 367 579 408 3644 0 0 1 2
72 544 369 592 409 3664 0 0 1 2
72 555 369 603 409 3684 0 0 1 2
72 566 371 614 411 3704 0 0 1 2
72 579 371 626 411 3724 0 0 1 2
72 592 371 639 411 3744 0 0 1 2
72 606 369 654 409 3764 0 0 1 2
72 619 367 667 408 3784 0 0 1 2
72 632 365 679 406 3804 0 0 1 2
72 645 365 692 406 3824 0 0 1 2
72 659 367 707 408 3844 0 0 1 2
72 676 369 723 409 3864 0 0 1 2
72 690 371 738 411 3884 0 0 1 2
72 705 372 753 413 3904 0 0 1 2
72 723 371 771 411 3924 0 0 1 2
72 740 367 787 408 3944 0 0 1 2
72 756 365 804 406 3964 0 0 1 2
72 773 363 820 404 3984 0 0 1 2
72 785 362 833 402 4004 0 0 1 2
72 798 360 848 401 4024 0 0 1 2
72 813 356 862 397 4044 0 0 1 2
72 826 355 877 393 4064 0 0 1 2
72 838 353 891 392 4084 0 0 1 2
72 851 349 904 388 4104 0 0 1 2
72 866 348 919 386 4124 0 0 1 2
72 879 344 933 383 4144 0 0 1 2
72 893 344 948 383 4164 0 0 1 2
72 908 344 963 383 4184 0 0 1 2
72 923 344 977 383 4204 0 0 1 2
72 937 342 992 381 4224 0 0 1 2
72 952 342 1007 381 4244 0 0 1 2
72 966 342 1021 381 4264 0 0 1 2
72 981 342 1036 381 4284 0 0 1 2
72 996 340 1050 379 4304 0 0 1 2
72 1010 340 1065 379 4324 0 0 1 2
72 1025 340 1080 379 4344 0 0 1 2
72 1038 339 1093 378 4364 0 0 1 2
72 1052 339 1107 378 4384 0 0 1 2
72 1067 339 1122 378 4404 0 0 1 2
72 1082 339 1136 378 4424 0 0 1 2
72 1096 337 1151 376 4444 0 0 1 2
72 1111 337 1166 376 4464 0 0 1 2
72 1125 337 1180 376 4484 0 0 1 2
72 1142 335 1195 374 4504 0 0 1 2
72 1162 332 1208 369 4524 0 0 1 2
72 1180 326 1222 363 4544 0 0 1 2
72 1200 323 1235 356 4564 0 0 1 2
72 1217 318 1250 351 4584 0 0 1 2
72 1231 312 1264 346 4604 0 0 1 2
72 1246 307 1279 340 4624 0 0 1 2
72 1259 302 1292 335 4644 0 0 1 2
72 1272 298 1305 330 4664 0 0 1 2
73 678 360 721 395 4004 0 0 1 2
73 659 360 703 395 4024 0 0 1 2
73 643 360 687 395 4044 0 0 1 2
73 625 360 668 395 4064 0 0 1 2
73 608 360 652 395 4084 0 0 1 2
73 592 362 636 397 4104 0 0 1 2
73 573 362 617 397 4124 0 0 1 2
73 557 362 601 397 4144 0 0 1 2
73 539 362 583 397 4164 0 0 1 2
73 522 363 566 399 4184 0 0 1 2
73 508 363 551 399 4204 0 0 1 2
73 491 363 535 399 4224 0 0 1 2
73 475 363 519 399 4244 0 0 1 2
73 458 365 502 401 4264 0 0 1 2
73 444 365 488 401 4284 0 0 1 2
73 427 365 471 401 4304 0 0 1 2
73 411 365 455 401 4324 0 0 1 2
73 396 367 440 402 4344 0 0 1 2
73 380 367 424 402 4364 0 0 1 2
73 363 367 407 402 4384 0 0 1 2
73 347 367 391 402 4404 0 0 1 2
73 332 369 376 404 4424 0 0 1 2
73 316 369 360 404 4444 0 0 1 2
73 299 369 343 404 4464 0 0 1 2
73 283 369 327 404 4484 0 0 1 2
73 268 371 312 406 4504 0 0 1 2
73 250 372 296 406 4524 0 0 1 2
73 233 374 281 406 4544 0 0 1 2
73 217 378 265 406 4564 0 0 1 2
73 201 378 250 406 4584 0 0 1 2
73 186 378 235 406 4604 0 0 1 2
73 171 376 221 404 4624 0 0 1 2
73 157 376 206 404 4644 0 0 1 2
73 142 376 191 404 4664 0 0 1 2
73 127 378 177 406 4684 0 0 1 2
73 113 379 162 408 4704 0 0 1 2
73 93 381 142 409 4724 0 0 1 2
73 73 381 122 409 4744 0 0 1 2
73 60 381 107 409 4764 0 0 1 2
73 47 383 95 411 4784 0 0 1 2
73 45 385 91 413 4804 0 0 1 2
73 45 385 91 413 4824 0 0 1 2
73 12 381 58 409 4844 0 0 1 2
73 0 379 43 408 4864 0 0 1 2
74 1219 812 1248 842 2899 0 0 1 2
74 1219 796 1248 826 2919 0 0 1 2
74 1219 782 1248 812 2939 0 0 1 2
74 1220 768 1250 798 2959 0 0 1 2
74 1220 752 1250 782 2979 0 0 1 2
74 1220 738 1250 768 2999 0 0 1 2
74 1220 719 1252 756 3019 0 0 1 2
74 1219 701 1253 743 3039 0 0 1 2
74 1217 683 1253 731 3059 0 0 1 2
74 1215 666 1252 713 3079 0 0 1 2
74 1213 650 1250 697 3099 0 0 1 2
74 1209 632 1246 680 3119 0 0 1 2
74 1204 614 1241 662 3139 0 0 1 2
74 1199 597 1235 644 3159 0 0 1 2
74 1191 579 1228 627 3179 0 0 1 2
74 1186 565 1222 613 3199 0 0 1 2
74 1180 549 1217 597 3219 0 0 1 2
74 1175 535 1211 583 3239 0 0 1 2
74 1169 519 1206 567 3259 0 0 1 2
74 1160 503 1197 551 3279 0 0 1 2
74 1153 487 1189 535 3299 0 0 1 2
74 1144 473 1180 521 3319 0 0 1 2
74 1135 461 1171 508 3339 0 0 1 2
74 1125 448 1162 496 3359 0 0 1 2
74 1116 438 1153 485 3379 0 0 1 2
74 1105 425 1142 473 3399 0 0 1 2
74 1091 413 1127 461 3419 0 0 1 2
74 1076 402 1113 450 3439 0 0 1 2
74 1061 392 1098 439 3459 0 0 1 2
74 1045 388 1082 436 3479 0 0 1 2
74 1030 386 1067 434 3499 0 0 1 2
74 1016 383 1054 425 3519 0 0 1 2
74 999 379 1043 418 3539 0 0 1 2
74 985 376 1030 411 3559 0 0 1 2
74 974 369 1021 406 3579 0 0 1 2
74 950 365 997 402 3599 0 0 1 2
74 933 363 981 401 3619 0 0 1 2
74 917 362 965 399 3639 0 0 1 2
74 901 360 948 397 3659 0 0 1 2
74 884 358 932 395 3679 0 0 1 2
74 868 358 915 395 3699 0 0 1 2
74 851 356 899 393 3719 0 0 1 2
74 835 356 882 393 3739 0 0 1 2
74 818 356 866 393 3759 0 0 1 2
74 802 356 849 393 3779 0 0 1 2
74 784 356 831 393 3799 0 0 1 2
74 767 356 815 393 3819 0 0 1 2
74 751 355 798 392 3839 0 0 1 2
74 734 355 782 392 3859 0 0 1 2
74 716 355 764 392 3879 0 0 1 2
74 700 356 747 393 3899 0 0 1 2
74 681 356 729 393 3919 0 0 1 2
74 665 358 712 395 3939 0 0 1 2
74 650 358 698 395 3959 0 0 1 2
74 634 358 681 395 3979 0 0 1 2
74 617 358 665 395 3999 0 0 1 2
74 601 358 648 395 4019 0 0 1 2
74 584 360 632 397 4039 0 0 1 2
74 566 360 615 399 4059 0 0 1 2
74 550 362 601 399 4079 0 0 1 2
74 533 362 584 401 4099 0 0 1 2
74 517 363 568 402 4119 0 0 1 2
74 500 365 551 402 4139 0 0 1 2
74 484 365 535 404 4159 0 0 1 2
74 467 367 520 406 4179 0 0 1 2
74 451 367 504 406 4199 0 0 1 2
74 435 367 488 406 4219 0 0 1 2
74 418 367 471 406 4239 0 0 1 2
74 403 367 456 406 4259 0 0 1 2
74 387 367 440 406 4279 0 0 1 2
74 371 367 424 406 4299 0 0 1 2
74 354 367 407 406 4319 0 0 1 2
74 339 367 392 406 4339 0 0 1 2
74 323 367 376 406 4359 0 0 1 2
74 307 367 360 406 4379 0 0 1 2
74 292 367 345 406 4399 0 0 1 2
74 275 367 329 406 4419 0 0 1 2
74 259 367 312 406 4439 0 0 1 2
74 243 367 296 406 4459 0 0 1 2
74 228 367 281 406 4479 0 0 1 2
74 212 367 265 406 4499 0 0 1 2
74 199 369 248 404 4519 0 0 1 2
74 186 371 232 404 4539 0 0 1 2
74 173 372 215 404 4559 0 0 1 2
74 160 374 199 404 4579 0 0 1 2
74 144 372 184 401 4599 0 0 1 2
74 129 371 168 399 4619 0 0 1 2
74 113 369 153 397 4639 0 0 1 2
74 102 371 142 399 4659 0 0 1 2
74 87 372 127 401 4679 0 0 1 2
74 69 372 109 401 4699 0 0 1 2
74 51 374 91 402 4719 0 0 1 2
74 31 378 71 406 4739 0 0 1 2
74 18 376 58 404 4759 0 0 1 2
74 9 374 49 402 4779 0 0 1 2
74 3 378 43 406 4799 0 0 1 2
74 1 378 36 406 4819 0 0 1 2
75 16 480 53 498 4710 0 0 1 2
75 56 477 93 494 4730 0 0 1 2
75 96 471 133 489 4750 0 0 1 2
75 135 468 173 485 4770 0 0 1 2
75 177 464 213 491 4790 0 0 1 2
75 226 466 263 494 4810 0 0 1 2
75 274 469 310 498 4830 0 0 1 2
75 319 469 356 498 4850 0 0 1 2
75 365 466 402 494 4870 0 0 1 2
75 409 462 445 491 4890 0 0 1 2
75 453 459 489 487 4910 0 1 1 2
75 495 457 531 485 4930 0 1 1 2
75 537 455 573 484 4950 0 1 1 2
75 579 454 615 482 4970 0 1 1 2
75 619 452 656 480 4990 0 1 1 2
75 661 452 698 480 5010 0 1 1 2
75 692 455 729 484 5030 0 0 1 2
76 1125 800 1158 833 4738 0 0 1 2
76 1129 800 1162 832 4758 0 0 1 2
76 1131 800 1164 832 4778 0 0 1 2
76 1131 800 1164 832 4798 0 0 1 2
76 1131 800 1164 832 4818 0 0 1 2
76 1140 798 1173 830 4838 0 0 1 2
76 1151 798 1184 830 4858 0 0 1 2
76 1151 802 1184 833 4878 0 0 1 2
76 1149 805 1182 837 4898 0 0 1 2
76 1149 809 1182 840 4918 0 0 1 2
76 1151 814 1184 844 4938 0 0 1 2
76 1155 823 1188 844 4958 0 0 1 2
76 1169 825 1202 846 4978 0 0 1 2
76 1184 826 1217 846 4998 0 0 1 2
76 1220 832 1253 846 5018 0 0 1 2
77 650 452 723 489 5018 0 0 1 1
77 670 461 743 498 5038 0 0 1 1
77 703 489 776 526 5058 0 1 1 1
77 725 519 798 556 5078 0 0 1 1
77 731 549 804 586 5098 0 0 1 1
77 732 552 806 590 5118 0 0 1 1
78 53 461 107 501 5099 0 0 1 1
78 109 461 164 501 5119 0 0 1 1
78 164 461 219 501 5139 0 0 1 1
78 219 461 274 501 5159 0 0 1 1
78 268 461 323 501 5179 0 0 1 1
78 312 462 367 503 5199 0 0 1 1
78 374 462 429 503 5219 0 1 1 1
78 425 461 480 501 5239 0 0 1 1
78 491 457 546 498 5259 0 1 1 1
78 546 455 601 496 5279 0 1 1 1
78 601 452 656 492 5299 0 1 1 1
78 650 448 705 489 5319 0 0 1 1
78 689 443 743 484 5339 0 0 1 1
78 732 441 787 482 5359 0 1 1 1
78 807 445 862 485 5379 0 0 1 1
78 846 439 901 482 5399 0 0 0 1
78 915 436 970 478 5419 0 0 0 1
78 961 431 1016 473 5439 0 1 0 1
78 1021 427 1074 468 5459 0 0 1 1
78 1076 427 1131 468 5479 0 0 1 1
78 1135 427 1189 468 5499 0 0 1 1
78 1189 424 1242 466 5519 0 0 1 1
78 1242 422 1294 466 5539 0 0 1 1
