5 900 861 943 930 138 0 0 1 2
5 886 853 929 919 158 0 0 1 2
5 872 846 914 912 178 0 0 1 2
5 859 839 902 905 198 0 0 1 2
5 848 813 891 879 218 0 0 1 2
5 839 787 882 853 238 0 0 1 2
5 831 762 873 828 258 0 0 1 2
5 820 736 863 802 278 0 0 1 2
7 32 901 55 952 716 0 0 1 2
7 74 916 101 967 736 0 0 1 2
7 110 923 139 971 756 0 0 1 2
7 142 923 172 971 776 0 0 1 2
7 169 919 199 967 796 0 0 1 2
7 192 919 221 967 816 0 0 1 2
7 215 916 244 963 836 0 0 1 2
7 238 916 265 963 856 0 0 1 2
7 260 916 287 963 876 0 0 1 2
7 279 919 306 967 896 0 0 1 2
7 299 919 326 967 916 0 0 1 2
7 319 923 345 971 936 0 0 1 2
7 322 923 347 971 956 0 0 1 2
7 358 919 383 967 976 0 0 1 2
7 378 919 404 967 996 0 0 1 2
7 381 927 422 985 1016 0 0 1 2
7 383 930 436 1004 1036 0 0 1 2
7 395 930 449 1004 1056 0 0 1 2
8 10 883 39 938 674 0 0 1 2
8 55 897 83 949 694 0 0 1 2
8 117 916 144 967 714 0 0 1 2
8 165 919 196 971 734 0 0 1 2
8 201 916 233 967 754 0 0 1 2
8 231 912 263 963 774 0 0 1 2
8 260 912 292 963 794 0 0 1 2
8 290 908 322 960 814 0 0 1 2
8 317 905 349 956 834 0 0 1 2
8 338 901 370 952 854 0 0 1 2
8 358 897 390 949 874 0 0 1 2
8 379 894 410 945 894 0 0 1 2
8 401 890 431 941 914 0 0 1 2
8 420 886 451 938 934 0 0 1 2
8 442 883 472 934 954 0 0 1 2
8 469 879 501 930 974 0 0 1 2
8 486 879 517 930 994 0 0 1 2
8 492 879 526 930 1014 0 0 1 2
8 501 875 538 934 1034 0 0 1 2
8 524 875 561 934 1054 0 0 1 2
9 24 985 48 1029 243 0 0 1 2
9 51 993 74 1037 263 0 0 1 2
9 64 989 87 1033 283 0 0 1 2
9 76 985 99 1029 303 0 0 1 2
9 89 982 112 1026 323 0 0 1 2
9 101 978 124 1022 343 0 0 1 2
9 115 974 139 1018 363 0 0 1 2
9 148 974 171 1018 383 0 0 1 2
9 153 971 178 1015 403 0 0 1 2
9 156 960 181 1004 423 0 0 1 2
9 172 952 196 996 443 0 0 1 2
9 189 952 212 996 463 0 0 1 2
9 205 952 228 996 483 0 0 1 2
9 221 949 244 993 503 0 0 1 2
9 238 949 263 993 523 0 0 1 2
9 258 949 281 993 543 0 0 1 2
9 276 945 299 993 563 0 0 1 2
9 294 945 319 993 583 0 0 1 2
9 312 945 337 993 603 0 0 1 2
9 333 945 358 989 623 0 0 1 2
9 356 945 381 989 643 0 0 1 2
9 378 945 403 989 663 0 0 1 2
9 401 945 426 989 683 0 0 1 2
9 431 949 456 989 703 0 0 1 2
9 476 956 499 996 723 0 0 1 2
9 499 963 524 1004 743 0 0 1 2
9 522 967 547 1007 763 0 0 1 2
9 547 974 572 1015 783 0 0 1 2
9 570 978 597 1018 803 0 0 1 2
9 593 982 620 1022 823 0 0 1 2
9 608 982 634 1022 843 0 0 1 2
9 624 978 650 1018 863 0 0 1 2
9 638 978 665 1018 883 0 0 1 2
9 654 974 681 1015 903 0 0 1 2
9 670 974 697 1015 923 0 0 1 2
9 684 971 711 1011 943 0 0 1 2
9 699 967 724 1007 963 0 0 1 2
9 713 960 738 1000 983 0 0 1 2
9 725 956 752 1000 1003 0 0 1 2
9 734 945 766 1004 1023 0 0 1 2
9 743 934 781 1011 1043 0 0 1 2
10 1077 43 1116 128 62 0 0 1 2
10 1082 76 1121 161 82 0 0 1 2
10 1086 106 1125 190 102 0 0 1 2
10 1091 139 1130 223 122 0 0 1 2
10 1094 161 1134 245 142 0 0 1 2
10 1096 175 1135 260 162 0 0 1 2
10 1096 194 1135 278 182 0 0 1 2
10 1098 208 1137 293 202 0 0 1 2
10 1100 227 1139 311 222 0 0 1 2
10 1102 241 1141 326 242 0 0 1 2
10 1102 260 1141 344 262 0 1 1 2
10 1100 293 1139 377 282 0 1 1 2
10 1098 322 1137 403 302 0 0 1 2
10 1098 340 1137 421 322 0 0 1 2
10 1098 359 1137 439 342 0 0 1 2
10 1098 381 1137 461 362 0 0 1 2
10 1098 399 1137 480 382 0 0 1 2
10 1098 421 1137 502 402 0 0 1 2
10 1098 439 1137 520 422 0 0 1 2
10 1098 461 1137 542 442 0 0 1 2
10 1098 480 1137 560 462 0 0 1 2
10 1098 502 1137 582 482 0 0 1 2
10 1098 520 1135 600 502 0 0 1 2
10 1100 542 1134 608 522 0 0 1 2
10 1103 560 1132 615 542 0 0 1 2
10 1100 579 1127 630 562 0 0 1 2
10 1093 597 1119 648 582 0 0 1 2
10 1082 615 1109 666 602 0 0 1 2
10 1066 626 1093 677 622 0 0 1 2
10 1052 637 1078 688 642 0 0 1 2
10 1037 655 1064 707 662 0 0 1 2
10 1028 677 1055 729 682 0 0 1 2
10 1018 699 1045 751 702 0 0 1 2
10 1007 721 1032 773 722 0 0 1 2
10 995 743 1020 795 742 0 0 1 2
10 991 762 1016 813 762 0 0 1 2
10 987 784 1012 835 782 0 0 1 2
10 984 802 1009 853 802 0 0 1 2
10 979 820 1005 872 822 0 0 1 2
10 975 842 1002 894 842 0 0 1 2
10 966 857 993 908 862 0 0 1 2
10 955 872 982 923 882 0 0 1 2
10 943 886 970 938 902 0 0 1 2
10 932 901 959 956 922 0 0 1 2
10 921 916 948 971 942 0 0 1 2
10 911 930 938 985 962 0 0 1 2
10 913 941 939 993 982 0 0 1 2
10 909 956 936 1007 1002 0 0 1 2
10 904 978 932 1033 1022 0 0 1 2
10 897 996 927 1055 1042 0 0 1 2
11 1257 458 1282 505 671 0 0 0 2
11 1237 443 1262 494 691 0 0 1 2
11 1218 432 1242 483 711 0 0 1 2
11 1200 421 1225 472 731 0 0 1 2
11 1184 406 1209 458 751 0 0 1 2
11 1168 388 1193 439 771 0 0 1 2
11 1152 373 1177 425 791 0 0 1 2
11 1139 355 1164 406 811 0 0 1 2
11 1130 329 1155 381 831 0 0 1 2
11 1119 304 1144 355 851 0 0 1 2
11 1112 282 1137 333 871 0 0 1 2
11 1112 256 1137 307 891 0 0 1 2
11 1112 234 1137 285 911 0 0 1 2
11 1112 212 1137 263 931 0 0 1 2
11 1112 186 1137 238 951 0 0 1 2
11 1112 157 1137 208 971 0 0 1 2
11 1112 131 1137 183 991 0 0 1 2
11 1109 102 1137 168 1011 0 0 1 2
11 1105 73 1141 161 1031 0 0 1 2
11 1102 43 1144 153 1051 0 0 1 2
12 971 644 998 696 679 0 0 1 2
12 995 644 1021 696 699 0 0 1 2
12 1016 644 1041 696 719 0 0 1 2
12 1034 644 1059 696 739 0 0 1 2
12 1052 641 1077 696 759 0 0 1 2
12 1070 641 1094 696 779 0 0 1 2
12 1086 633 1112 688 799 0 0 1 2
12 1100 619 1127 670 819 0 0 1 2
12 1105 597 1132 648 839 0 0 1 2
12 1109 571 1135 622 859 0 0 1 2
12 1112 546 1137 597 879 0 0 1 2
12 1112 520 1137 571 899 0 0 1 2
12 1112 494 1137 546 919 0 0 1 2
12 1111 469 1137 520 939 0 0 1 2
12 1111 443 1135 494 959 0 0 1 2
12 1109 417 1135 469 979 0 0 1 2
12 1109 392 1135 443 999 0 0 1 2
12 1111 362 1137 425 1019 0 0 1 2
12 1114 333 1141 410 1039 0 0 1 2
12 1116 304 1144 392 1059 0 0 1 2
13 103 780 155 850 1047 0 0 1 2
14 754 919 786 985 1055 0 0 1 2
17 299 1011 331 1059 126 0 0 1 2
17 310 1007 342 1055 146 0 0 1 2
17 321 1007 353 1055 166 0 0 1 2
17 331 1004 363 1051 186 0 0 1 2
17 344 1000 376 1048 206 0 0 1 2
17 356 1000 388 1048 226 0 0 1 2
17 369 996 401 1044 246 0 0 1 2
17 381 996 413 1044 266 0 0 1 2
17 394 993 426 1040 286 0 0 1 2
17 406 993 438 1040 306 0 0 1 2
17 419 993 451 1040 326 0 0 1 2
17 433 989 465 1037 346 0 0 1 2
17 445 985 477 1033 366 0 0 1 2
17 460 985 492 1033 386 0 0 1 2
17 474 982 504 1029 406 0 0 1 2
17 488 982 518 1029 426 0 0 1 2
17 502 978 531 1026 446 0 0 1 2
17 515 978 545 1026 466 0 0 1 2
17 529 974 558 1022 486 0 0 1 2
17 545 971 572 1018 506 0 0 1 2
17 563 971 590 1015 526 0 0 1 2
17 581 967 608 1011 546 0 0 1 2
17 600 963 624 1011 566 0 0 1 2
17 618 963 642 1007 586 0 0 1 2
17 636 960 659 1004 606 0 0 1 2
17 656 960 675 1000 626 0 0 1 2
17 674 956 693 996 646 0 0 1 2
17 693 956 711 996 666 0 0 1 2
17 715 967 732 1007 686 0 0 1 2
17 747 978 765 1022 706 0 0 1 2
17 777 985 795 1033 726 0 0 1 2
17 795 985 813 1033 746 0 0 1 2
17 813 985 831 1037 766 0 0 1 2
17 832 985 850 1037 786 0 0 1 2
17 850 982 868 1033 806 0 0 1 2
17 868 978 886 1029 826 0 0 1 2
17 886 974 904 1026 846 0 0 1 2
17 897 971 916 1022 866 0 0 1 2
17 909 971 930 1018 886 0 0 1 2
17 921 967 945 1015 906 0 0 1 2
17 934 963 957 1011 926 0 0 1 2
17 946 960 971 1007 946 0 0 1 2
17 961 960 986 1007 966 0 0 1 2
17 977 956 1002 1004 986 0 0 1 2
17 993 952 1018 1000 1006 0 0 1 2
17 1011 945 1036 996 1026 0 0 1 2
17 1028 952 1055 1004 1046 0 0 1 2
18 435 1018 460 1059 344 0 0 1 2
18 447 1018 472 1059 364 0 0 1 2
18 461 1015 486 1055 384 0 0 1 2
18 474 1011 499 1051 404 0 0 1 2
18 486 1011 511 1051 424 0 0 1 2
18 501 1007 526 1048 444 0 0 1 2
18 513 1007 538 1048 464 0 0 1 2
18 527 1004 552 1044 484 0 0 1 2
18 542 1000 565 1040 504 0 0 1 2
18 559 1000 583 1037 524 0 0 1 2
18 577 996 600 1033 544 0 0 1 2
18 597 993 618 1029 564 0 0 1 2
18 615 989 636 1026 584 0 0 1 2
18 633 989 654 1022 604 0 0 1 2
18 652 985 672 1018 624 0 0 1 2
18 670 982 690 1015 644 0 0 1 2
18 690 982 707 1015 664 0 0 1 2
18 709 993 727 1026 684 0 0 1 2
18 740 1004 759 1037 704 0 0 1 2
18 772 1015 793 1048 724 0 0 1 2
18 790 1015 813 1048 744 0 0 1 2
18 809 1018 832 1051 764 0 0 1 2
18 829 1018 854 1051 784 0 0 1 2
18 847 1015 872 1048 804 0 0 1 2
18 864 1011 889 1044 824 0 0 1 2
18 880 1004 907 1037 844 0 0 1 2
18 893 1004 920 1037 864 0 0 1 2
18 907 1000 932 1033 884 0 0 1 2
18 920 996 946 1029 904 0 0 1 2
18 934 993 959 1026 924 0 0 1 2
18 946 989 971 1022 944 0 0 1 2
18 963 989 987 1022 964 0 0 1 2
18 977 989 1002 1022 984 0 0 1 2
18 991 985 1016 1022 1004 0 0 1 2
18 1009 985 1028 1022 1024 0 0 1 2
18 1027 985 1046 1022 1044 0 0 1 2
19 1021 1022 1046 1066 72 0 0 1 2
19 1037 1022 1062 1066 92 0 0 1 2
19 1052 1018 1077 1066 112 0 0 1 2
19 1068 1015 1091 1062 132 0 0 1 2
19 1082 1011 1105 1062 152 0 0 1 2
19 1100 1007 1123 1059 172 0 0 1 2
19 1118 1007 1141 1059 192 0 0 1 2
19 1135 1004 1159 1055 212 0 0 1 2
19 1155 1004 1178 1055 232 0 0 1 2
19 1175 1004 1198 1055 252 0 0 1 2
19 1194 1004 1218 1055 272 0 0 1 2
19 1212 1000 1235 1051 292 0 0 1 2
19 1228 1000 1251 1051 312 0 0 1 2
19 1242 1000 1266 1051 332 0 0 1 2
20 993 974 1020 1018 82 0 0 1 2
20 1009 974 1036 1018 102 0 0 1 2
20 1023 974 1050 1018 122 0 0 1 2
20 1037 974 1064 1018 142 0 0 1 2
20 1053 971 1080 1015 162 0 0 1 2
20 1071 971 1098 1015 182 0 0 1 2
20 1091 967 1118 1011 202 0 0 1 2
20 1111 967 1137 1011 222 0 0 1 2
20 1128 963 1155 1007 242 0 0 1 2
20 1143 963 1169 1007 262 0 0 1 2
20 1157 963 1184 1007 282 0 0 1 2
20 1175 960 1201 1004 302 0 0 1 2
20 1193 960 1219 1004 322 0 0 1 2
20 1210 960 1237 1004 342 0 0 1 2
20 1234 960 1259 1004 362 0 0 1 2
21 1000 1007 1025 1048 86 0 0 1 2
21 1014 1007 1039 1048 106 0 0 1 2
21 1030 1004 1055 1044 126 0 0 1 2
21 1045 1004 1070 1044 146 0 0 1 2
21 1061 1000 1086 1040 166 0 0 1 2
21 1078 996 1103 1037 186 0 0 1 2
21 1096 996 1121 1037 206 0 0 1 2
21 1114 993 1139 1033 226 0 0 1 2
21 1132 993 1157 1033 246 0 0 1 2
21 1148 993 1173 1033 266 0 0 1 2
21 1164 993 1189 1033 286 0 0 1 2
21 1182 989 1207 1029 306 0 0 1 2
21 1200 985 1225 1022 326 0 0 1 2
21 1219 985 1244 1022 346 0 0 1 2
22 1251 861 1276 912 751 0 0 0 2
22 1230 868 1255 919 771 0 0 1 2
22 1210 868 1235 919 791 0 0 1 2
22 1193 864 1218 916 811 0 0 1 2
22 1177 861 1201 912 831 0 0 1 2
22 1159 857 1184 908 851 0 0 1 2
22 1141 853 1166 905 871 0 0 1 2
22 1125 850 1150 901 891 0 0 1 2
22 1107 846 1132 897 911 0 0 1 2
22 1091 842 1116 894 931 0 0 1 2
22 1073 839 1098 890 951 0 0 1 2
22 1055 835 1080 886 971 0 0 1 2
22 1039 831 1064 883 991 0 0 1 2
22 1023 831 1048 883 1011 0 0 1 2
22 1007 835 1036 883 1031 0 0 1 2
22 998 813 1027 861 1051 0 0 1 2
23 28 1066 62 1132 29 0 0 1 2
24 87 1029 115 1066 32 0 0 1 2
24 26 1022 49 1059 52 0 0 1 2
25 124 1055 156 1106 26 0 0 1 2
25 51 1033 82 1084 46 0 0 1 2
26 160 993 196 1055 20 0 0 0 2
26 39 978 74 1040 40 0 0 1 2
27 153 949 185 1000 26 0 0 1 2
27 51 941 82 993 46 0 0 1 2
28 42 1011 76 1066 93 0 0 1 2
32 1119 1454 1155 1506 101 0 0 1 1
32 1155 1502 1191 1553 121 0 0 1 1
32 1187 1561 1223 1612 141 0 0 1 1
32 1223 1597 1259 1649 161 0 0 1 1
32 1257 1638 1280 1689 181 0 0 1 1
33 1205 1597 1230 1649 233 0 0 1 2
33 1219 1605 1244 1656 253 0 0 1 2
33 1232 1616 1257 1667 273 0 0 1 2
33 1246 1627 1269 1678 293 0 0 1 2
33 1257 1645 1276 1696 313 0 0 1 2
34 1212 1568 1239 1619 231 0 0 1 2
34 1228 1575 1253 1627 251 0 0 1 2
34 1242 1583 1267 1634 271 0 0 1 2
34 1257 1594 1282 1645 291 0 0 1 2
34 1267 1612 1282 1663 311 0 0 1 2
35 782 95 813 168 239 0 0 1 2
35 793 117 823 190 259 0 0 1 2
37 0 1231 39 1355 44 0 0 1 4
38 62 1227 137 1341 55 0 0 1 4
38 7 1216 65 1330 75 0 0 1 4
43 782 1165 818 1223 132 0 0 1 2
43 779 1139 814 1198 152 0 0 1 2
43 775 1110 811 1169 172 0 0 1 2
43 770 1084 806 1143 192 0 0 1 2
43 768 1062 804 1121 212 0 0 1 2
43 765 1044 800 1103 232 0 0 1 2
43 761 1026 797 1084 252 0 0 1 2
43 759 1007 795 1066 272 0 0 1 2
43 756 989 791 1048 292 0 0 1 2
43 752 971 788 1029 312 0 0 1 2
43 745 949 781 1007 332 0 0 1 2
43 740 923 775 982 352 0 0 1 2
43 734 901 770 960 372 0 0 1 2
43 729 879 765 938 392 0 0 1 2
43 724 857 759 916 412 0 0 1 2
43 720 835 756 894 432 0 0 1 2
43 716 813 752 872 452 0 0 1 2
43 716 784 752 842 472 0 0 1 2
43 716 758 752 817 492 0 0 1 2
43 716 740 750 795 512 0 0 1 2
44 563 912 600 974 122 0 0 1 2
44 577 905 615 967 142 0 0 1 2
44 590 897 627 960 162 0 0 1 2
44 608 897 645 960 182 0 0 1 2
44 627 897 665 960 202 0 0 1 2
44 647 901 684 963 222 0 0 1 2
44 666 901 704 963 242 0 0 1 2
44 684 905 722 967 262 0 0 1 2
44 699 905 736 971 282 0 0 1 2
44 709 901 747 967 302 0 0 1 2
44 718 886 756 952 322 0 0 1 2
44 732 883 770 949 342 0 0 1 2
44 747 879 784 945 362 0 0 1 2
44 756 864 793 930 382 0 0 1 2
44 759 842 798 908 402 0 0 1 2
44 765 824 802 890 422 0 0 1 2
44 772 806 811 872 442 0 0 1 2
44 781 787 820 853 462 0 0 1 2
44 790 769 829 835 482 0 0 1 2
44 798 743 838 809 502 0 0 1 2
44 807 732 839 787 522 0 0 1 2
45 10 963 42 1000 233 0 0 1 2
45 28 963 60 1000 253 0 0 1 2
45 46 963 78 1000 273 0 0 1 2
45 64 960 96 996 293 0 0 1 2
45 83 960 115 996 313 0 0 1 2
45 101 960 133 996 333 0 0 1 2
45 119 956 151 993 353 0 0 1 2
45 137 956 169 993 373 0 0 1 2
45 153 952 185 989 393 0 0 1 2
45 148 941 180 978 413 0 0 1 2
45 160 938 192 974 433 0 0 1 2
45 171 930 203 967 453 0 0 1 2
45 189 930 221 967 473 0 0 1 2
45 206 930 237 963 493 0 0 1 2
45 226 930 255 963 513 0 0 1 2
45 244 930 272 963 533 0 0 1 2
45 263 930 290 963 553 0 0 1 2
45 283 930 308 967 573 0 0 1 2
45 303 930 326 967 593 0 0 1 2
45 322 934 345 971 613 0 0 1 2
45 345 934 369 971 633 0 0 1 2
45 367 934 392 971 653 0 0 1 2
45 390 938 415 974 673 0 0 1 2
45 413 938 438 974 693 0 0 1 2
45 452 941 476 978 713 0 0 1 2
45 477 945 501 982 733 0 0 1 2
45 502 952 526 989 753 0 0 1 2
45 527 956 551 993 773 0 0 1 2
45 552 963 576 1000 793 0 0 1 2
45 577 967 602 1004 813 0 0 1 2
45 597 967 622 1004 833 0 0 1 2
45 613 963 638 1000 853 0 0 1 2
45 629 960 654 996 873 0 0 1 2
45 645 956 670 993 893 0 0 1 2
45 663 952 688 989 913 0 0 1 2
45 679 949 704 985 933 0 0 1 2
45 691 949 716 985 953 0 0 1 2
45 704 945 729 982 973 0 0 1 2
45 716 941 743 978 993 0 0 1 2
45 729 941 756 978 1013 0 0 1 2
46 76 1018 119 1077 142 0 0 1 1
46 148 1007 190 1066 162 0 0 1 1
46 219 996 262 1055 182 0 0 1 1
46 304 978 347 1037 202 0 0 1 1
46 376 985 419 1044 222 0 0 1 1
46 445 996 488 1055 242 0 0 1 1
46 502 1044 545 1103 262 0 0 1 1
46 542 1095 584 1154 282 0 0 1 1
46 583 1136 625 1194 302 0 0 1 1
46 625 1161 668 1220 322 0 0 1 1
46 688 1172 731 1231 342 0 0 1 1
46 749 1183 791 1242 362 0 0 1 1
46 807 1209 850 1267 382 0 0 1 1
46 864 1242 907 1300 402 0 0 1 1
46 900 1286 943 1344 422 0 0 1 1
46 936 1330 979 1388 442 0 0 1 1
46 979 1374 1020 1432 462 0 1 1 1
46 1020 1425 1062 1484 482 0 0 1 1
46 1080 1498 1121 1557 502 0 0 1 1
46 1118 1535 1153 1594 522 0 0 1 1
46 1155 1575 1185 1630 542 0 0 1 1
46 1194 1616 1219 1667 562 0 0 1 1
46 1246 1656 1271 1707 582 0 0 1 1
47 998 1264 1039 1341 192 0 0 1 2
47 1007 1282 1048 1359 212 0 0 1 2
47 1016 1297 1057 1374 232 0 0 1 2
47 1025 1315 1066 1392 252 0 0 1 2
47 1034 1330 1075 1407 272 0 0 1 2
47 1043 1348 1084 1425 292 0 0 1 2
47 1052 1363 1093 1440 312 0 0 1 2
47 1061 1381 1102 1458 332 0 0 1 2
47 1070 1396 1111 1473 352 0 0 1 2
47 1078 1410 1119 1487 372 0 0 1 2
47 1087 1429 1128 1506 392 0 0 1 2
47 1096 1447 1137 1524 412 0 0 1 2
47 1103 1465 1144 1542 432 0 0 1 2
47 1112 1484 1153 1561 452 0 0 1 2
47 1119 1502 1160 1579 472 0 0 1 2
47 1128 1520 1169 1597 492 0 0 1 2
47 1143 1531 1182 1608 512 0 0 1 2
47 1157 1546 1194 1619 532 0 0 1 2
47 1171 1564 1207 1634 552 0 0 1 2
47 1187 1579 1219 1645 572 0 0 1 2
47 1201 1597 1232 1660 592 0 0 1 2
47 1216 1612 1244 1671 612 0 0 1 2
47 1232 1627 1257 1685 632 0 0 1 2
47 1246 1645 1269 1696 652 0 0 1 2
47 1259 1656 1280 1707 672 0 0 1 2
47 1255 1634 1278 1685 692 0 0 1 2
47 1255 1616 1278 1667 712 0 0 1 2
47 1251 1597 1275 1649 732 0 0 1 2
47 1239 1579 1264 1630 752 0 0 1 2
47 1239 1572 1264 1623 772 0 0 1 2
47 1246 1583 1271 1634 792 0 0 1 2
47 1253 1590 1278 1641 812 0 0 1 2
48 1139 916 1169 971 71 0 0 1 2
48 1127 916 1157 971 91 0 0 1 2
48 1114 916 1144 967 111 0 0 1 2
48 1102 912 1132 963 131 0 0 1 2
48 1089 912 1119 963 151 0 0 1 2
48 1077 908 1107 960 171 0 0 1 2
48 1061 908 1091 960 191 0 0 1 2
48 1046 908 1077 960 211 0 0 1 2
48 1032 905 1062 956 231 0 0 1 2
48 1020 905 1050 956 251 0 0 1 2
48 1009 905 1039 956 271 0 0 1 2
48 996 905 1028 956 291 0 0 1 2
48 984 905 1016 956 311 0 0 1 2
48 970 901 1002 952 331 0 0 1 2
48 955 897 987 949 351 0 0 1 2
48 939 894 971 945 371 0 0 1 2
48 923 890 955 941 391 0 0 1 2
48 909 883 941 934 411 0 0 1 2
48 895 879 927 930 431 0 0 1 2
48 880 875 913 927 451 0 0 1 2
48 866 868 898 919 471 0 0 1 2
48 852 864 884 916 491 0 0 1 2
48 839 853 870 901 511 0 0 1 2
48 832 839 861 883 531 0 0 1 2
48 825 828 850 864 551 0 0 1 2
48 820 817 841 850 571 0 0 0 2
48 813 798 834 835 591 0 0 1 2
48 806 784 827 820 611 0 0 1 2
48 800 769 820 809 631 0 0 1 2
48 795 758 814 798 651 0 0 1 2
49 1141 879 1173 934 78 0 0 1 2
49 1130 879 1162 934 98 0 0 1 2
49 1119 875 1152 930 118 0 0 1 2
49 1109 872 1141 927 138 0 0 1 2
49 1098 872 1130 927 158 0 0 1 2
49 1084 868 1116 923 178 0 0 1 2
49 1070 864 1102 919 198 0 0 1 2
49 1057 861 1089 916 218 0 0 1 2
49 1043 857 1075 912 238 0 0 1 2
49 1030 857 1062 912 258 0 0 1 2
49 1018 857 1050 912 278 0 0 1 2
49 1005 857 1037 912 298 0 0 1 2
49 993 857 1025 912 318 0 0 1 2
49 977 853 1009 908 338 0 0 1 2
49 963 850 995 905 358 0 0 1 2
49 948 850 980 905 378 0 0 1 2
49 932 846 964 901 398 0 0 1 2
49 918 842 950 897 418 0 0 1 2
49 904 839 936 890 438 0 0 1 2
49 889 831 921 886 458 0 0 1 2
49 877 828 909 879 478 0 0 1 2
49 863 824 895 875 498 0 0 1 2
49 854 817 886 864 518 0 0 1 2
49 848 809 877 857 538 0 0 1 2
49 843 802 870 850 558 0 0 1 2
49 838 791 864 842 578 0 0 1 2
49 832 784 859 831 598 0 0 1 2
49 827 773 854 820 618 0 0 1 2
49 825 758 852 809 638 0 0 1 2
49 825 740 852 791 658 0 0 1 2
50 852 850 875 883 516 0 0 1 2
50 843 835 866 868 536 0 0 1 2
50 834 824 857 857 556 0 0 1 2
50 827 813 850 846 576 0 0 1 2
50 823 798 847 831 596 0 0 1 2
50 818 784 841 817 616 0 0 1 2
50 814 769 838 802 636 0 0 1 2
50 811 758 832 791 656 0 0 1 2
51 1228 875 1266 945 295 0 0 1 2
51 1210 868 1248 938 315 0 0 1 2
51 1191 864 1228 934 335 0 0 1 2
51 1173 864 1210 934 355 0 0 1 2
51 1155 864 1193 934 375 0 0 1 2
51 1134 861 1171 927 395 0 0 1 2
51 1112 857 1150 923 415 0 0 1 2
51 1089 857 1127 923 435 0 0 1 2
51 1066 857 1103 923 455 0 0 1 2
51 1041 853 1080 916 475 0 0 1 2
51 1027 850 1066 916 495 0 0 1 2
51 1011 857 1036 905 515 0 0 1 2
51 989 857 1014 905 535 0 0 1 2
51 970 853 993 901 555 0 0 1 2
51 950 853 975 897 575 0 0 1 2
51 932 850 955 894 595 0 0 1 2
51 913 846 938 890 615 0 0 1 2
51 895 842 920 890 635 0 0 1 2
51 879 842 904 886 655 0 0 1 2
51 861 839 886 886 675 0 0 1 2
51 850 842 875 886 695 0 0 1 2
51 841 846 866 886 715 0 0 1 2
51 831 842 856 886 735 0 0 1 2
51 822 839 847 886 755 0 0 1 2
51 811 835 836 883 775 0 0 1 2
51 793 835 818 883 795 0 0 1 2
51 775 831 800 883 815 0 0 1 2
51 761 820 786 872 835 0 0 1 2
51 749 809 773 861 855 0 0 1 2
51 734 798 759 850 875 0 0 1 2
51 718 787 743 839 895 0 0 1 2
51 702 780 727 831 915 0 0 1 2
51 686 773 711 824 935 0 0 1 2
51 670 765 695 817 955 0 0 0 2
52 765 43 795 95 619 0 0 1 2
53 961 421 996 502 380 0 0 1 2
53 959 403 995 483 400 0 0 1 2
53 957 384 993 465 420 0 0 1 2
53 957 362 993 443 440 0 0 1 2
53 957 344 993 425 460 0 0 1 2
53 957 326 993 406 480 0 0 1 2
53 957 307 993 388 500 0 0 0 2
53 959 285 993 366 520 0 0 1 2
53 961 267 993 344 540 0 0 1 2
53 963 249 995 322 560 0 0 1 2
53 964 227 995 300 580 0 0 1 2
53 966 208 996 278 600 0 0 1 2
53 968 190 996 256 620 0 0 1 2
53 970 172 998 234 640 0 0 0 2
53 970 142 998 205 660 0 0 1 2
53 971 113 1000 175 680 0 0 1 2
53 973 84 1000 146 700 0 0 1 2
53 975 58 1002 120 720 0 0 0 2
53 975 32 1002 91 740 0 0 1 2
53 977 10 1004 62 760 0 0 1 2
54 1225 1542 1260 1608 116 0 0 1 1
54 1200 1524 1235 1590 136 0 0 0 1
54 1171 1498 1207 1564 156 0 0 1 1
54 1143 1473 1178 1539 176 0 0 1 1
54 1116 1447 1152 1513 196 0 0 0 1
54 1082 1418 1118 1484 216 0 0 1 1
54 1050 1388 1086 1454 236 0 0 1 1
54 1020 1366 1055 1432 256 0 0 1 1
54 991 1337 1027 1403 276 0 1 1 1
54 966 1300 1002 1366 296 0 0 0 1
54 932 1267 968 1333 316 0 0 1 1
54 905 1231 941 1297 336 0 1 0 1
54 884 1190 920 1256 356 0 1 1 1
54 864 1150 900 1216 376 0 0 0 1
54 822 1088 857 1154 396 0 0 1 1
54 784 1033 820 1099 416 0 0 1 1
54 754 989 790 1055 436 0 0 1 1
54 711 952 747 1018 456 0 0 1 1
54 654 923 690 989 476 0 0 1 1
54 597 894 633 960 496 0 0 1 1
54 540 864 581 930 516 0 0 1 1
54 483 842 527 905 536 0 0 1 1
54 424 835 469 897 556 0 0 1 1
54 363 831 408 894 576 0 0 1 1
54 301 831 345 894 596 0 0 1 1
54 242 831 287 894 616 0 0 1 1
54 189 828 233 890 636 0 0 1 1
54 133 828 178 890 656 0 0 1 1
54 78 839 123 901 676 0 0 1 1
54 35 853 80 916 696 0 0 1 1
54 19 875 64 938 716 0 0 1 1
54 3 897 41 960 736 0 0 1 1
55 1005 864 1036 934 96 0 0 1 2
55 1005 883 1036 949 116 0 0 1 2
55 1005 897 1036 967 136 0 0 1 2
55 1005 916 1036 982 156 0 0 1 2
55 1005 938 1036 1004 176 0 0 1 2
55 1011 952 1041 1018 196 0 0 1 2
55 1018 963 1048 1029 216 0 0 1 2
55 1025 974 1055 1040 236 0 0 1 2
55 1032 985 1062 1051 256 0 0 1 2
55 1037 1000 1068 1066 276 0 0 1 2
55 1043 1015 1073 1081 296 0 0 1 2
55 1048 1033 1078 1099 316 0 0 1 2
55 1052 1044 1082 1110 336 0 0 1 2
55 1055 1059 1086 1125 356 0 0 1 2
55 1057 1070 1087 1136 376 0 0 1 2
55 1059 1077 1089 1143 396 0 0 1 2
55 1057 1077 1087 1143 416 0 0 1 2
55 1055 1077 1086 1143 436 0 0 1 2
55 1055 1073 1086 1139 456 0 0 1 2
55 1053 1073 1084 1139 476 0 0 1 2
55 1052 1073 1082 1139 496 0 0 1 2
55 1052 1070 1082 1136 516 0 0 1 2
55 1052 1070 1082 1136 536 0 0 1 2
55 1052 1070 1082 1132 556 0 0 1 2
55 1052 1070 1082 1132 576 0 0 1 2
55 1053 1070 1084 1132 596 0 0 1 2
55 1053 1066 1084 1128 616 0 0 1 2
55 1053 1066 1084 1128 636 0 0 1 2
55 1053 1066 1084 1128 656 0 0 1 2
55 1053 1066 1084 1125 676 0 0 1 2
55 1055 1062 1086 1125 696 0 0 1 2
55 1055 1062 1086 1121 716 0 0 1 2
55 1055 1062 1086 1121 736 0 0 1 2
55 1055 1062 1086 1121 756 0 0 1 2
55 1055 1062 1086 1117 776 0 0 1 2
55 1057 1059 1087 1117 796 0 0 1 2
55 1057 1059 1087 1117 816 0 0 1 2
55 1057 1059 1087 1114 836 0 0 1 2
55 1057 1059 1087 1114 856 0 0 1 2
55 1057 1059 1087 1110 876 0 0 1 2
55 1059 1055 1089 1110 896 0 0 1 2
55 1059 1055 1089 1110 916 0 0 1 2
55 1059 1055 1089 1106 936 0 0 1 2
55 1059 1055 1089 1106 956 0 0 1 2
55 1059 1055 1089 1106 976 0 0 1 2
55 1061 1055 1091 1106 996 0 0 1 2
55 1064 1059 1094 1110 1016 0 0 1 2
56 114 1359 153 1436 126 0 0 1 2
56 87 1341 126 1421 146 0 0 1 2
56 64 1326 103 1407 166 0 0 1 2
56 46 1311 85 1392 186 0 0 1 2
56 28 1297 67 1377 206 0 0 1 2
56 14 1286 51 1366 226 0 0 1 2
56 8 1282 41 1363 246 0 0 1 2
56 3 1275 30 1355 266 0 0 1 2
58 1014 989 1043 1037 72 0 0 1 2
58 1028 989 1057 1037 92 0 0 1 2
58 1043 985 1071 1033 112 0 0 1 2
58 1057 982 1086 1029 132 0 0 1 2
58 1071 978 1100 1029 152 0 0 1 2
58 1089 974 1118 1026 172 0 0 1 2
58 1109 967 1137 1018 192 0 0 1 2
58 1128 963 1157 1015 212 0 0 1 2
58 1148 960 1177 1011 232 0 0 1 2
58 1166 960 1194 1011 252 0 0 1 2
58 1184 960 1212 1011 272 0 0 1 2
58 1201 960 1230 1011 292 0 0 1 2
58 1221 960 1250 1011 312 0 0 1 2
58 1241 960 1269 1011 332 0 0 1 2
60 1241 875 1267 927 701 0 0 1 2
60 1216 883 1242 934 721 0 0 1 2
60 1191 890 1218 941 741 0 0 1 2
60 1166 897 1193 949 761 0 0 1 2
60 1148 897 1175 949 781 0 0 1 2
60 1135 897 1162 949 801 0 0 1 2
60 1123 897 1150 949 821 0 0 1 2
60 1109 897 1135 949 841 0 0 1 2
60 1096 897 1123 949 861 0 0 1 2
60 1082 894 1109 945 881 0 0 1 2
60 1068 894 1094 945 901 0 0 1 2
60 1052 894 1078 945 921 0 0 1 2
60 1037 890 1064 941 941 0 0 1 2
60 1023 890 1050 941 961 0 0 1 2
60 1007 890 1034 941 981 0 0 1 2
60 993 890 1020 941 1001 0 0 1 2
60 979 894 1004 941 1021 0 0 1 2
60 964 897 987 941 1041 0 0 1 2
60 950 901 973 945 1061 0 0 0 2
61 1228 857 1255 901 710 0 0 1 2
61 1203 868 1232 908 730 0 0 1 2
61 1180 875 1209 916 750 0 0 1 2
61 1157 883 1185 923 770 0 0 1 2
61 1143 879 1171 923 790 0 0 1 2
61 1128 875 1157 923 810 0 0 1 2
61 1116 872 1143 919 830 0 0 1 2
61 1102 868 1128 919 850 0 0 1 2
61 1087 864 1114 916 870 0 0 1 2
61 1073 864 1100 916 890 0 0 1 2
61 1059 864 1086 916 910 0 0 1 2
61 1045 861 1071 912 930 0 0 1 2
61 1030 861 1057 912 950 0 0 1 2
61 1016 857 1043 908 970 0 0 1 2
61 1002 857 1028 908 990 0 0 1 2
61 986 857 1012 908 1010 0 0 1 2
61 971 864 996 908 1030 0 0 1 2
61 957 872 980 908 1050 0 0 1 2
62 1246 1535 1271 1586 728 0 0 1 2
62 1219 1506 1244 1557 748 0 0 1 2
62 1201 1484 1226 1535 768 0 0 1 2
62 1196 1469 1223 1520 788 0 0 1 2
62 1193 1458 1219 1513 808 0 0 1 2
62 1187 1447 1214 1502 828 0 0 1 2
62 1182 1436 1209 1491 848 0 0 1 2
62 1177 1429 1203 1480 868 0 0 1 2
62 1173 1418 1198 1469 888 0 0 1 2
62 1168 1407 1193 1458 908 0 0 1 2
62 1162 1396 1187 1447 928 0 0 1 2
62 1159 1385 1184 1440 948 0 0 1 2
62 1153 1374 1178 1429 968 0 0 1 2
62 1137 1370 1164 1421 988 0 0 1 2
62 1130 1370 1159 1421 1008 0 0 1 2
62 1127 1370 1155 1429 1028 0 0 1 2
62 1121 1374 1152 1436 1048 0 0 1 2
