0 0 146 42 195 6653 0 0 0 2
0 42 125 84 175 6673 0 0 1 2
0 82 107 124 157 6693 0 0 1 2
0 123 92 165 141 6713 0 0 1 2
0 165 80 207 130 6733 0 0 1 2
0 207 74 249 123 6753 0 0 1 2
0 251 69 293 119 6773 0 0 1 2
0 299 65 341 114 6793 0 0 1 2
0 347 65 389 114 6813 0 0 1 2
0 391 65 433 114 6833 0 0 1 2
0 436 65 479 114 6853 0 0 1 2
0 482 58 525 107 6873 0 1 1 2
0 532 56 574 105 6893 0 1 1 2
0 596 56 638 105 6913 0 1 1 2
0 657 51 699 101 6933 0 0 1 2
0 712 49 754 98 6953 0 0 1 2
0 767 49 809 98 6973 0 0 1 2
0 824 44 866 94 6993 0 0 1 2
0 881 35 923 85 7013 0 0 1 2
1 1 107 55 152 6757 0 0 1 1
1 58 76 112 121 6777 0 0 1 1
1 128 53 181 98 6797 0 0 1 1
1 203 38 257 83 6817 0 0 1 1
1 284 26 337 71 6837 0 0 1 1
1 361 15 416 60 6857 0 0 1 1
1 440 4 495 49 6877 0 0 1 1
1 517 0 572 44 6897 0 0 1 1
1 593 0 648 40 6917 0 0 1 1
1 666 0 721 38 6937 0 0 1 1
1 741 0 796 38 6957 0 0 1 1
1 815 0 870 33 6977 0 0 1 1
1 892 0 945 31 6997 0 0 1 1
1 971 2 1024 33 7017 0 0 1 1
2 3 85 38 164 1337 0 0 1 1
2 18 80 53 159 1357 0 0 1 1
2 33 76 67 155 1377 0 0 1 1
2 73 62 108 141 1397 0 0 1 1
2 137 42 172 121 1417 0 0 1 1
2 201 26 236 105 1437 0 0 1 1
2 266 13 301 89 1457 0 0 1 1
2 317 13 352 89 1477 0 0 1 1
2 369 13 402 89 1497 0 0 1 1
2 422 17 462 80 1517 0 0 1 1
2 477 22 525 74 1537 0 0 1 1
2 532 24 587 67 1557 0 0 1 1
2 594 20 649 62 1577 0 0 1 1
2 655 17 710 60 1597 0 0 1 1
2 721 11 776 53 1617 0 0 1 1
2 787 6 842 49 1637 0 0 1 1
2 853 2 908 44 1657 0 0 1 1
2 918 0 973 42 1677 0 0 1 1
2 987 0 1041 24 1697 0 0 1 1
3 67 62 102 132 1472 0 0 1 1
3 132 38 167 107 1492 0 0 1 1
3 189 26 231 89 1512 0 0 1 1
3 242 24 295 76 1532 0 0 1 1
3 297 24 359 65 1552 0 0 1 1
3 363 29 425 69 1572 0 0 1 1
3 427 31 490 71 1592 0 0 1 1
3 490 24 552 65 1612 0 0 1 1
3 552 20 615 60 1632 0 0 1 1
3 618 17 681 58 1652 0 0 1 1
3 684 20 747 60 1672 0 0 1 1
3 752 20 815 60 1692 0 0 1 1
3 820 17 883 58 1712 0 0 1 1
3 886 17 949 58 1732 0 0 1 1
3 951 15 1013 56 1752 0 0 1 1
3 1017 15 1079 56 1772 0 0 1 1
3 1099 22 1162 62 1792 0 1 1 1
4 3 114 40 188 1591 0 0 1 1
4 53 83 89 148 1611 0 0 1 1
4 104 49 141 112 1631 0 0 1 1
4 154 31 189 96 1651 0 0 1 1
4 207 24 251 87 1671 0 0 1 1
4 266 24 310 87 1691 0 0 1 1
4 328 24 372 87 1711 0 0 1 1
4 391 24 435 87 1731 0 0 1 1
4 449 26 493 89 1751 0 0 1 1
4 508 24 552 87 1771 0 0 1 1
4 572 17 616 80 1791 0 0 1 1
4 633 11 677 74 1811 0 0 1 1
4 692 6 736 69 1831 0 0 1 1
4 758 6 802 69 1851 0 0 1 1
4 828 8 872 71 1871 0 0 1 1
4 896 6 940 69 1891 0 0 1 1
4 958 2 1002 65 1911 0 0 1 1
4 1019 0 1063 62 1931 0 0 1 1
5 7 96 42 166 1728 0 0 1 1
5 99 56 134 125 1748 0 0 1 1
5 165 35 209 98 1768 0 0 1 1
5 225 26 284 78 1788 0 0 1 1
5 291 24 350 76 1808 0 0 1 1
5 356 24 414 76 1828 0 0 1 1
5 425 26 484 78 1848 0 0 1 1
5 495 22 554 74 1868 0 0 1 1
5 563 15 622 67 1888 0 0 1 1
5 635 11 694 62 1908 0 0 1 1
5 708 6 767 58 1928 0 0 1 1
5 782 4 840 56 1948 0 0 1 1
5 859 0 918 35 1968 0 0 1 1
6 1189 119 1228 161 8547 0 0 1 2
6 1184 107 1222 148 8567 0 0 1 2
6 1176 94 1215 137 8587 0 0 1 2
6 1169 80 1209 123 8607 0 0 1 2
6 1162 69 1202 110 8627 0 0 1 2
6 1140 67 1180 107 8647 0 1 1 2
6 1110 67 1151 107 8667 0 1 1 2
6 1083 67 1123 107 8687 0 1 1 2
6 1053 67 1094 107 8707 0 1 1 2
6 1026 67 1066 107 8727 0 1 1 2
6 997 67 1037 107 8747 0 1 1 2
6 969 67 1009 107 8767 0 1 1 2
6 940 67 980 107 8787 0 1 1 2
6 912 67 952 107 8807 0 0 1 2
6 888 67 929 107 8827 0 0 1 2
6 866 69 907 110 8847 0 0 1 2
6 842 69 883 110 8867 0 0 1 2
6 818 71 859 112 8887 0 0 1 2
6 795 74 835 114 8907 0 0 1 2
6 771 74 811 114 8927 0 0 1 2
6 747 76 787 116 8947 0 0 1 2
6 725 76 765 116 8967 0 0 1 2
6 701 78 741 119 8987 0 0 1 2
6 677 78 725 121 9007 0 0 1 2
6 653 78 719 125 9027 0 0 1 2
6 622 78 692 128 9047 0 0 1 2
6 594 78 664 128 9067 0 0 1 2
6 572 78 642 128 9087 0 0 1 2
6 550 78 620 128 9107 0 0 1 2
6 528 78 598 128 9127 0 0 1 2
6 503 76 572 125 9147 0 0 1 2
6 479 76 548 125 9167 0 0 1 2
6 453 74 523 123 9187 0 0 1 2
6 429 71 499 121 9207 0 0 1 2
6 405 71 475 121 9227 0 0 1 2
6 378 74 448 123 9247 0 0 1 2
6 350 76 420 125 9267 0 0 1 2
6 326 74 396 123 9287 0 0 1 2
6 304 71 374 121 9307 0 0 1 2
6 279 71 348 121 9327 0 0 1 2
6 255 71 324 121 9347 0 0 1 2
6 235 71 304 121 9367 0 0 1 2
6 212 71 282 121 9387 0 0 1 2
6 190 74 260 123 9407 0 0 1 2
6 172 76 242 125 9427 0 0 1 2
6 161 76 231 125 9447 0 0 1 2
6 150 78 220 128 9467 0 0 1 2
6 137 78 207 128 9487 0 0 1 2
6 121 80 189 130 9507 0 0 1 2
6 106 80 168 128 9527 0 0 1 2
6 91 80 150 128 9547 0 0 1 2
6 71 67 132 114 9567 0 0 1 2
6 51 53 112 101 9587 0 0 1 2
6 29 40 89 87 9607 0 0 1 2
6 3 26 60 74 9627 0 0 1 2
7 25 442 78 474 8681 0 0 1 2
7 27 420 80 451 8701 0 0 1 2
7 31 400 84 431 8721 0 0 1 2
7 34 379 88 411 8741 0 0 1 2
7 36 357 89 388 8761 0 0 1 2
7 40 337 93 368 8781 0 0 1 2
7 44 316 97 348 8801 0 0 0 2
7 45 298 99 330 8821 0 0 1 2
7 49 280 102 312 8841 0 0 1 2
7 51 265 104 296 8861 0 0 1 2
7 55 247 108 278 8881 0 0 1 2
7 56 229 110 260 8901 0 0 1 2
7 60 213 113 245 8921 0 0 1 2
7 62 195 115 227 8941 0 0 1 2
7 66 177 119 209 8961 0 0 1 2
7 67 161 121 193 8981 0 0 1 2
7 71 143 124 175 9001 0 0 1 2
7 84 130 135 170 9021 0 0 1 2
7 97 116 148 164 9041 0 0 1 2
7 110 103 161 159 9061 0 0 1 2
7 128 89 178 148 9081 0 0 1 2
7 152 76 200 134 9101 0 0 1 2
7 174 69 222 128 9121 0 0 1 2
7 198 65 246 123 9141 0 0 1 2
7 209 60 257 119 9161 0 0 1 2
7 212 56 260 114 9181 0 0 1 2
7 238 53 286 112 9201 0 0 1 2
7 262 49 310 107 9221 0 0 1 2
7 286 44 334 103 9241 0 0 1 2
7 310 40 358 98 9261 0 0 1 2
7 330 38 378 96 9281 0 0 1 2
7 348 40 396 98 9301 0 0 1 2
7 365 42 413 101 9321 0 0 1 2
7 383 47 431 105 9341 0 0 1 2
7 402 47 449 105 9361 0 0 1 2
7 420 44 468 103 9381 0 0 1 2
7 440 44 488 103 9401 0 0 1 2
7 460 44 508 103 9421 0 0 1 2
7 479 47 526 105 9441 0 0 1 2
7 499 49 547 107 9461 0 0 1 2
7 517 51 565 110 9481 0 0 1 2
7 537 53 585 112 9501 0 0 1 2
7 550 58 607 114 9521 0 0 1 2
7 563 65 629 119 9541 0 0 1 2
7 580 69 649 121 9561 0 0 1 2
7 600 71 670 123 9581 0 0 1 2
7 620 74 690 125 9601 0 0 1 2
7 633 67 703 121 9621 0 0 1 2
7 651 65 721 119 9641 0 0 1 2
7 673 67 743 121 9661 0 0 1 2
7 695 67 765 121 9681 0 0 1 2
7 708 60 776 114 9701 0 0 1 2
7 721 53 787 107 9721 0 0 1 2
7 745 47 811 101 9741 0 0 1 2
7 769 40 833 94 9761 0 0 1 2
7 787 31 851 85 9781 0 0 1 2
7 804 22 868 76 9801 0 0 1 2
7 818 13 883 67 9821 0 0 1 2
7 833 4 897 58 9841 0 0 1 2
7 848 0 912 49 9861 0 0 1 2
8 0 606 42 660 5531 0 0 1 2
8 0 595 40 649 5551 0 0 1 2
8 0 579 40 633 5571 0 0 1 2
8 1 568 42 622 5591 0 1 1 2
8 9 550 49 604 5611 0 1 1 2
8 14 530 55 584 5631 0 1 1 2
8 22 512 62 566 5651 0 1 1 2
8 27 492 67 546 5671 0 1 1 2
8 34 474 75 528 5691 0 0 1 2
8 34 458 75 512 5711 0 0 1 2
8 34 440 75 494 5731 0 0 1 2
8 34 424 75 478 5751 0 0 1 2
8 34 406 75 463 5771 0 0 1 2
8 34 391 75 447 5791 0 0 1 2
8 36 373 77 429 5811 0 0 1 2
8 40 352 78 409 5831 0 0 1 2
8 45 330 84 386 5851 0 0 1 2
8 45 312 84 368 5871 0 0 1 2
8 45 296 84 352 5891 0 1 1 2
8 45 276 84 332 5911 0 1 1 2
8 45 256 84 312 5931 0 1 1 2
8 45 236 84 292 5951 0 1 1 2
8 47 215 86 271 5971 0 0 1 2
8 49 193 88 249 5991 0 0 1 2
8 56 175 91 222 6011 0 0 1 2
8 69 161 100 202 6031 0 0 1 2
8 78 152 110 193 6051 0 0 1 2
8 89 137 121 177 6071 0 0 1 2
8 100 121 132 161 6091 0 0 1 2
8 112 103 143 143 6111 0 0 1 2
8 124 92 156 132 6131 0 0 1 2
8 139 83 170 123 6151 0 0 1 2
8 161 74 192 114 6171 0 0 1 2
8 176 74 207 114 6191 0 0 1 2
8 190 74 222 114 6211 0 0 1 2
8 205 71 236 112 6231 0 0 1 2
8 220 71 251 112 6251 0 0 1 2
8 236 69 268 110 6271 0 0 1 2
8 253 65 284 105 6291 0 0 1 2
8 271 62 302 103 6311 0 0 1 2
8 293 62 324 103 6331 0 0 1 2
8 315 65 347 105 6351 0 0 1 2
8 334 65 365 105 6371 0 0 1 2
8 350 67 381 107 6391 0 0 1 2
8 369 67 400 107 6411 0 0 1 2
8 387 69 418 110 6431 0 0 1 2
8 405 71 436 112 6451 0 0 1 2
8 422 71 453 112 6471 0 0 1 2
8 444 56 475 96 6491 0 0 1 2
8 459 58 497 101 6511 0 0 1 2
8 470 58 519 105 6531 0 0 1 2
8 481 58 543 112 6551 0 0 1 2
8 493 58 565 114 6571 0 0 1 2
8 512 58 583 114 6591 0 0 1 2
8 530 56 602 112 6611 0 0 1 2
8 550 56 622 112 6631 0 0 0 2
8 561 56 633 112 6651 0 1 1 2
8 578 56 649 112 6671 0 1 1 2
8 596 56 668 112 6691 0 1 1 2
8 618 58 690 114 6711 0 1 1 2
8 633 60 703 116 6731 0 1 1 2
8 659 60 728 116 6751 0 0 1 2
8 681 60 750 116 6771 0 0 1 2
8 695 60 765 116 6791 0 0 1 2
8 716 58 785 114 6811 0 0 1 2
8 736 56 806 112 6831 0 0 1 2
8 756 53 826 110 6851 0 0 1 2
8 769 58 839 114 6871 0 0 1 2
8 785 60 855 116 6891 0 0 1 2
8 804 65 873 121 6911 0 0 1 2
8 824 69 894 125 6931 0 0 0 2
8 839 67 908 123 6951 0 0 1 2
8 857 67 927 123 6971 0 0 1 2
8 879 67 949 123 6991 0 0 1 2
8 908 65 969 116 7011 0 0 1 2
8 941 62 987 110 7031 0 0 1 2
8 954 65 1000 112 7051 0 0 1 2
8 967 67 1013 114 7071 0 0 1 2
8 980 69 1026 116 7091 0 0 1 2
8 1006 69 1052 116 7111 0 0 1 2
8 1030 65 1075 112 7131 0 0 1 2
8 1055 58 1101 105 7151 0 0 1 2
8 1072 58 1118 105 7171 0 0 1 2
8 1088 58 1134 105 7191 0 0 1 2
8 1101 56 1147 103 7211 0 0 1 2
8 1120 56 1165 103 7231 0 0 1 2
8 1142 53 1187 101 7251 0 0 1 2
8 1164 53 1209 101 7271 0 0 1 2
8 1187 53 1233 101 7291 0 0 1 2
8 1211 53 1257 101 7311 0 0 1 2
8 1222 62 1268 110 7331 0 0 1 2
8 1257 67 1303 114 7351 0 0 1 2
8 1266 65 1312 112 7371 0 0 1 2
8 1285 60 1320 107 7391 0 0 1 2
9 187 0 251 31 1681 0 0 1 1
9 117 0 181 42 1701 0 0 1 1
9 51 17 115 60 1721 0 0 1 1
9 0 40 53 80 1741 0 0 1 1
10 0 6 60 53 1731 0 0 1 1
10 0 6 27 49 1751 0 0 1 1
10 0 6 27 49 1771 0 0 1 1
10 0 6 27 49 1791 0 0 1 1
10 0 6 27 49 1811 0 0 1 1
10 0 6 27 49 1831 0 0 1 1
10 0 6 27 49 1851 0 0 1 1
10 0 6 27 49 1871 0 0 1 1
10 0 6 27 49 1891 0 0 1 1
10 0 6 27 49 1911 0 0 1 1
10 0 6 27 49 1931 0 0 1 1
10 0 6 27 49 1951 0 0 1 1
10 0 6 27 49 1971 0 0 1 1
10 0 6 27 49 1991 0 0 1 1
10 0 6 27 49 2011 0 0 1 1
10 0 6 27 49 2031 0 0 0 1
12 56 4 112 62 1340 0 0 1 1
12 1 29 47 87 1360 0 0 1 1
12 25 65 89 128 1920 0 0 1 1
12 78 42 143 105 1940 0 0 1 1
12 141 33 205 96 1960 0 0 1 1
12 205 26 269 89 1980 0 0 1 1
12 271 26 336 89 2000 0 0 0 1
12 343 26 405 71 2020 0 0 1 1
12 413 24 473 60 2040 0 0 1 1
12 481 20 539 53 2060 0 0 1 1
12 545 15 604 49 2080 0 0 1 1
12 607 11 666 44 2100 0 0 1 1
12 670 8 728 42 2120 0 0 1 1
12 741 4 800 38 2140 0 0 1 1
12 813 0 872 33 2160 0 0 1 1
12 877 0 936 33 2180 0 0 1 1
12 941 4 1000 38 2200 0 0 1 1
12 1008 11 1066 44 2220 0 0 1 1
12 1059 15 1118 49 2240 0 0 1 1
12 1107 29 1165 62 2260 0 1 1 1
12 1186 56 1244 89 2280 0 1 1 1
12 1241 74 1299 107 2300 0 1 1 1
13 9 125 58 175 1825 0 0 1 1
13 62 92 112 141 1845 0 0 1 1
13 113 60 163 110 1865 0 0 1 1
13 176 42 225 92 1885 0 0 1 1
13 240 31 290 80 1905 0 0 1 1
13 306 26 356 76 1925 0 0 1 1
13 372 26 422 76 1945 0 0 1 1
13 438 22 488 71 1965 0 0 1 1
13 503 20 552 69 1985 0 0 1 1
13 567 20 618 67 2005 0 0 1 1
13 637 20 692 58 2025 0 0 1 1
13 708 17 765 51 2045 0 0 1 1
13 778 15 835 49 2065 0 0 1 1
13 848 15 905 49 2085 0 0 0 1
13 914 11 971 44 2105 0 0 1 1
13 982 8 1039 42 2125 0 0 1 1
13 1037 4 1094 33 2145 0 0 1 1
14 1 83 40 130 1823 0 0 1 1
14 40 60 100 107 1843 0 0 1 1
14 102 26 163 74 1863 0 0 1 1
14 163 13 224 60 1883 0 0 1 1
14 229 2 290 49 1903 0 0 1 1
14 299 0 359 47 1923 0 0 1 1
14 361 0 422 47 1943 0 0 1 1
14 425 0 486 47 1963 0 0 1 1
14 493 0 554 44 1983 0 0 1 1
14 561 0 624 38 2003 0 0 1 1
14 633 0 697 31 2023 0 0 1 1
14 708 0 773 26 2043 0 0 1 1
14 787 0 851 26 2063 0 0 1 1
14 855 0 919 24 2083 0 0 1 1
14 916 0 980 22 2103 0 0 1 1
14 973 0 1037 22 2123 0 0 1 1
15 5 101 47 168 1789 0 0 1 1
15 64 65 106 132 1809 0 0 1 1
15 130 38 172 105 1829 0 0 1 1
15 200 15 242 83 1849 0 0 1 1
15 269 11 312 78 1869 0 0 1 1
15 339 6 381 74 1889 0 0 1 1
15 409 2 451 69 1909 0 0 1 1
15 479 2 521 69 1929 0 0 1 1
15 550 0 593 67 1949 0 0 1 1
15 622 0 664 67 1969 0 0 1 1
15 690 2 730 69 1989 0 0 1 1
15 760 0 807 58 2009 0 0 1 1
15 826 0 894 42 2029 0 0 1 1
15 896 0 967 35 2049 0 0 1 1
15 962 0 1033 29 2069 0 0 1 1
16 82 2 121 49 2029 0 0 1 1
16 5 24 44 71 2049 0 0 1 1
17 1 359 45 411 2081 0 0 1 2
17 1 355 47 406 2101 0 0 1 2
17 7 341 53 393 2121 0 0 1 2
17 11 328 56 379 2141 0 0 1 2
17 12 312 58 364 2161 0 0 1 2
17 20 301 66 352 2181 0 1 1 2
17 22 287 67 339 2201 0 1 1 2
17 25 274 71 325 2221 0 1 1 2
17 29 258 75 310 2241 0 1 1 2
17 33 245 78 296 2261 0 1 1 2
17 36 231 82 283 2281 0 1 1 2
17 40 218 86 269 2301 0 1 1 2
17 42 209 88 260 2321 0 0 1 2
17 47 195 93 247 2341 0 0 1 2
17 51 182 97 233 2361 0 0 1 2
17 53 173 99 224 2381 0 0 1 2
17 55 161 100 213 2401 0 0 1 2
17 60 152 106 204 2421 0 0 1 2
17 69 141 115 193 2441 0 0 1 2
17 77 132 123 184 2461 0 0 1 2
17 88 121 134 173 2481 0 0 1 2
17 100 107 146 159 2501 0 0 1 2
17 110 101 156 152 2521 0 0 1 2
18 0 195 42 236 9980 0 0 1 2
18 3 182 47 222 10000 0 0 0 2
18 12 170 58 218 10020 0 0 1 2
18 22 161 69 215 10040 0 0 0 2
18 34 150 80 197 10060 0 0 0 2
18 47 137 93 184 10080 0 0 0 2
18 51 128 97 175 10100 0 0 0 2
18 66 119 112 166 10120 0 0 1 2
18 82 112 128 159 10140 0 0 0 2
18 91 98 137 146 10160 0 0 0 2
18 106 92 152 139 10180 0 0 0 2
18 115 85 161 137 10200 0 0 0 2
18 134 76 179 128 10220 0 0 1 2
18 150 67 196 121 10240 0 0 1 2
18 165 62 211 116 10260 0 0 1 2
18 179 60 225 114 10280 0 0 1 2
18 194 65 240 119 10300 0 0 1 2
18 212 67 258 121 10320 0 0 1 2
18 233 67 279 121 10340 0 0 1 2
18 255 67 301 121 10360 0 0 0 2
18 271 65 317 119 10380 0 0 1 2
18 288 65 334 119 10400 0 0 1 2
18 306 65 352 119 10420 0 0 1 2
18 324 69 370 123 10440 0 0 1 2
18 343 69 389 123 10460 0 0 1 2
18 358 65 403 119 10480 0 0 1 2
18 374 62 418 116 10500 0 0 1 2
18 392 62 436 116 10520 0 0 1 2
19 0 139 45 193 10008 0 0 1 3
19 3 128 49 182 10028 0 0 1 3
19 12 119 58 173 10048 0 0 1 3
19 25 110 71 164 10068 0 0 1 3
19 34 98 80 152 10088 0 0 1 3
19 47 87 93 141 10108 0 0 1 3
19 58 76 104 130 10128 0 0 1 3
19 73 62 119 116 10148 0 0 1 3
19 89 47 135 101 10168 0 0 1 3
19 102 35 148 89 10188 0 0 1 3
19 117 33 163 87 10208 0 0 1 3
19 134 33 179 87 10228 0 0 1 3
19 152 26 198 80 10248 0 0 1 3
19 170 20 216 74 10268 0 0 1 3
19 192 22 238 76 10288 0 0 1 3
19 214 24 260 78 10308 0 0 1 3
19 236 22 282 76 10328 0 0 1 3
19 258 20 304 74 10348 0 0 1 3
19 279 20 324 74 10368 0 0 1 3
19 301 22 347 76 10388 0 0 1 3
19 321 22 367 76 10408 0 0 1 3
19 337 22 383 76 10428 0 0 1 3
19 352 20 398 74 10448 0 0 1 3
19 370 20 416 74 10468 0 0 1 3
19 389 22 435 76 10488 0 0 1 3
19 405 24 451 78 10508 0 0 1 3
19 420 24 466 78 10528 0 0 1 3
20 0 139 45 193 10063 0 0 1 3
20 1 128 49 182 10083 0 0 1 3
20 16 112 64 166 10103 0 0 1 3
20 29 107 77 161 10123 0 0 1 3
20 44 98 89 152 10143 0 0 1 3
20 58 83 104 137 10163 0 0 1 3
20 75 69 121 123 10183 0 0 1 3
20 93 60 139 114 10203 0 0 1 3
20 102 49 148 103 10223 0 0 1 3
20 112 44 157 98 10243 0 0 1 3
20 123 42 168 96 10263 0 0 1 3
20 137 38 183 92 10283 0 0 1 3
20 156 33 201 87 10303 0 0 1 3
20 176 33 222 87 10323 0 0 1 3
20 198 33 244 87 10343 0 0 1 3
20 218 31 264 85 10363 0 0 1 3
20 236 29 282 83 10383 0 0 1 3
20 257 26 302 80 10403 0 0 1 3
20 279 24 324 78 10423 0 0 1 3
20 301 22 347 76 10443 0 0 1 3
20 323 22 369 76 10463 0 0 1 3
20 343 22 389 76 10483 0 0 1 3
20 359 24 405 78 10503 0 0 1 3
20 372 26 418 80 10523 0 0 1 3
22 1263 35 1314 89 6723 0 0 1 2
22 1259 26 1310 80 6743 0 0 1 2
22 1233 11 1285 65 6763 0 1 1 2
22 1208 2 1259 53 6783 0 1 1 2
22 1191 0 1243 49 6803 0 1 1 2
22 1169 0 1221 44 6823 0 1 1 2
22 1140 0 1191 40 6843 0 1 1 2
22 1092 0 1143 40 6863 0 1 1 2
22 1046 0 1097 38 6883 0 1 1 2
22 1022 0 1074 31 6903 0 1 1 2
22 997 0 1048 26 6923 0 1 1 2
22 967 0 1019 26 6943 0 1 1 2
23 3 17 44 60 2710 0 0 1 2
23 3 40 44 83 2730 0 0 1 2
23 1 62 42 105 2750 0 0 1 2
23 0 85 40 128 2770 0 0 1 2
24 16 103 58 152 2754 0 0 1 1
24 75 83 117 132 2774 0 0 1 1
24 134 65 176 114 2794 0 0 1 1
24 192 44 235 94 2814 0 0 1 1
24 251 26 293 76 2834 0 0 1 1
24 312 15 354 65 2854 0 0 1 1
24 376 11 418 60 2874 0 0 1 1
24 440 4 482 53 2894 0 0 1 1
24 504 4 547 53 2914 0 0 1 1
24 571 4 611 53 2934 0 0 1 1
24 635 4 675 53 2954 0 0 1 1
24 701 4 741 53 2974 0 0 1 1
24 765 4 806 53 2994 0 0 1 1
24 829 6 870 56 3014 0 0 1 1
25 12 83 56 139 2851 0 0 1 1
25 78 65 123 121 2871 0 0 1 1
25 145 47 187 105 2891 0 0 1 1
25 216 33 258 92 2911 0 0 1 1
25 290 22 332 80 2931 0 0 1 1
25 363 11 405 69 2951 0 0 1 1
25 284 33 326 92 2971 0 0 1 1
25 157 76 201 132 2991 0 0 1 1
25 413 38 457 92 3011 0 0 1 1
25 670 0 714 51 3031 0 0 0 1
26 130 53 185 85 2941 0 0 1 1
26 218 35 273 67 2961 0 0 1 1
26 304 15 359 47 2981 0 0 1 1
26 336 11 391 42 3001 0 0 1 1
26 336 11 391 42 3021 0 0 1 1
27 857 202 896 247 12219 0 0 1 2
27 866 202 905 247 12239 0 0 1 2
27 879 200 918 245 12259 0 0 1 2
27 886 197 925 242 12279 0 0 1 2
27 890 197 929 242 12299 0 0 1 2
27 901 193 940 238 12319 0 0 1 2
27 916 186 954 231 12339 0 0 1 2
27 923 182 962 227 12359 0 0 1 2
27 930 179 969 224 12379 0 0 1 2
27 938 177 976 222 12399 0 0 1 2
27 941 177 980 222 12419 0 0 1 2
27 945 177 984 222 12439 0 0 1 2
27 949 177 987 222 12459 0 0 1 2
27 952 177 991 222 12479 0 0 1 2
27 956 177 995 222 12499 0 0 1 2
27 956 177 1002 220 12519 0 0 1 2
27 952 179 1011 215 12539 0 0 1 2
27 952 182 1019 215 12559 0 0 1 2
27 962 182 1028 215 12579 0 0 1 2
27 969 182 1035 215 12599 0 0 1 2
27 976 182 1042 215 12619 0 0 1 2
27 984 182 1050 215 12639 0 0 1 2
27 991 179 1057 213 12659 0 0 1 2
27 998 179 1064 213 12679 0 0 1 2
27 1006 179 1072 213 12699 0 0 1 2
27 1013 177 1079 211 12719 0 0 1 2
27 1020 177 1086 211 12739 0 0 1 2
27 1028 177 1094 211 12759 0 0 1 2
27 1033 175 1099 209 12779 0 0 1 2
27 1041 175 1107 209 12799 0 0 1 2
27 1048 175 1114 209 12819 0 0 1 2
27 1055 175 1121 209 12839 0 0 1 2
27 1061 175 1127 209 12859 0 0 1 2
27 1066 175 1132 209 12879 0 0 1 2
27 1072 175 1138 209 12899 0 0 1 2
27 1075 175 1142 209 12919 0 0 1 2
27 1081 175 1147 209 12939 0 0 1 2
27 1086 175 1153 209 12959 0 0 1 2
27 1081 179 1147 213 12979 0 0 1 2
27 1072 182 1138 215 12999 0 0 1 2
27 1044 184 1110 222 13019 0 0 1 2
27 1017 184 1081 227 13039 0 0 1 2
27 991 186 1052 231 13059 0 0 1 2
27 963 186 1022 236 13079 0 0 1 2
27 938 186 997 238 13099 0 0 1 2
27 914 186 973 238 13119 0 0 1 2
27 890 184 949 236 13139 0 0 1 2
27 868 182 927 233 13159 0 0 1 2
27 844 182 903 233 13179 0 0 1 2
27 824 179 883 231 13199 0 0 1 2
27 798 186 857 238 13219 0 1 1 2
27 780 195 839 247 13239 0 1 1 2
27 780 195 839 247 13259 0 1 1 2
27 780 195 839 247 13279 0 1 1 2
27 780 195 839 247 13299 0 1 1 2
27 780 195 839 247 13319 0 1 1 2
27 780 195 839 247 13339 0 1 1 2
27 780 195 839 247 13359 0 1 1 2
27 780 195 839 247 13379 0 1 1 2
27 780 195 839 247 13399 0 1 1 2
27 780 195 839 247 13419 0 1 1 2
27 780 195 839 247 13439 0 1 1 2
27 780 195 839 247 13459 0 1 1 2
27 780 195 839 247 13479 0 1 1 2
27 780 195 839 247 13499 0 1 1 2
27 780 195 839 247 13519 0 1 1 2
28 861 687 923 739 12750 0 0 1 2
28 859 703 921 755 12770 0 0 1 2
28 859 712 921 764 12790 0 0 1 2
28 859 712 921 764 12810 0 0 1 2
28 861 710 923 762 12830 0 0 1 2
28 862 710 925 762 12850 0 0 1 2
28 862 708 925 759 12870 0 0 1 2
28 864 708 927 759 12890 0 0 1 2
28 864 705 927 757 12910 0 0 1 2
28 866 705 929 757 12930 0 0 1 2
28 868 703 930 755 12950 0 0 1 2
28 868 703 930 755 12970 0 0 1 2
28 879 701 941 753 12990 0 0 0 2
28 918 703 978 753 13010 0 0 1 2
28 932 699 991 748 13030 0 0 1 2
28 947 694 1004 744 13050 0 0 1 2
28 962 690 1017 739 13070 0 0 1 2
28 976 685 1030 735 13090 0 0 1 2
28 991 683 1042 730 13110 0 0 0 2
28 1000 683 1052 730 13130 0 0 1 2
28 1011 683 1063 730 13150 0 0 1 2
28 1020 683 1072 730 13170 0 0 1 2
28 1031 683 1083 730 13190 0 0 1 2
28 1042 683 1094 730 13210 0 0 1 2
28 1048 685 1099 732 13230 0 0 1 2
28 1048 685 1099 732 13250 0 0 1 2
28 1048 685 1099 732 13270 0 1 1 2
28 1048 685 1099 732 13290 0 1 1 2
28 1048 685 1099 732 13310 0 1 1 2
28 1048 685 1099 732 13330 0 1 1 2
28 1048 685 1099 732 13350 0 1 1 2
28 1048 685 1099 732 13370 0 1 1 2
28 1048 685 1099 732 13390 0 1 1 2
28 1048 685 1099 732 13410 0 1 1 2
28 1048 685 1099 732 13430 0 1 1 2
28 1048 685 1099 732 13450 0 1 1 2
28 1048 685 1099 732 13470 0 1 1 2
28 1048 685 1099 732 13490 0 1 1 2
28 1048 685 1099 732 13510 0 1 1 2
28 1048 685 1099 732 13530 0 1 1 2
29 1224 622 1248 658 2872 0 0 1 2
29 1224 622 1248 658 2892 0 0 1 2
29 1224 622 1248 658 2912 0 0 1 2
29 1224 622 1248 658 2932 0 0 1 2
29 1224 622 1248 658 2952 0 0 1 2
29 1224 622 1248 658 2972 0 0 1 2
29 1224 622 1248 658 2992 0 0 1 2
29 1224 622 1248 658 3012 0 0 1 2
30 0 350 31 420 3031 0 0 0 1
31 34 78 88 148 10440 0 0 1 1
31 78 60 134 130 10460 0 0 1 1
31 145 38 200 107 10480 0 0 1 1
31 220 22 275 92 10500 0 0 0 1
31 313 17 345 60 10520 0 0 1 1
31 392 0 424 40 10540 0 0 0 1
31 468 4 499 44 10560 0 0 1 1
31 543 11 574 51 10580 0 0 1 1
31 618 15 649 56 10600 0 0 1 1
31 694 17 725 58 10620 0 0 1 1
31 771 17 802 58 10640 0 0 1 1
31 846 20 877 60 10660 0 0 1 1
31 921 22 952 62 10680 0 0 1 1
31 997 22 1028 62 10700 0 0 1 1
31 1068 29 1099 69 10720 0 0 1 1
31 1142 42 1173 83 10740 0 0 1 1
31 1221 60 1252 101 10760 0 0 1 1
31 1250 94 1281 134 10780 0 0 1 1
31 1255 107 1287 148 10800 0 1 1 1
31 1255 107 1287 148 10820 0 1 1 1
31 1255 107 1287 148 10840 0 1 1 1
31 1255 107 1287 148 10860 0 1 1 1
31 1255 107 1287 148 10880 0 1 1 1
31 1255 107 1287 148 10900 0 1 1 1
31 1255 107 1287 148 10920 0 1 1 1
31 1255 107 1287 148 10940 0 1 1 1
31 1255 107 1287 148 10960 0 1 1 1
31 1255 107 1287 148 10980 0 1 1 1
31 1255 107 1287 148 11000 0 1 1 1
31 1255 107 1287 148 11020 0 1 1 1
32 372 44 407 76 10515 0 0 1 1
32 398 51 433 83 10535 0 0 1 1
32 420 49 457 80 10555 0 0 1 1
32 440 47 479 76 10575 0 0 1 1
32 460 42 501 71 10595 0 0 1 1
32 479 40 521 69 10615 0 0 1 1
32 497 40 539 69 10635 0 0 1 1
32 514 40 556 69 10655 0 0 1 1
32 532 40 574 69 10675 0 0 1 1
32 550 40 593 69 10695 0 0 1 1
32 569 38 611 67 10715 0 0 1 1
32 587 38 629 67 10735 0 0 1 1
32 605 38 648 67 10755 0 0 1 1
32 624 38 666 67 10775 0 0 1 1
32 640 38 683 67 10795 0 0 1 1
32 659 38 701 67 10815 0 0 1 1
32 677 35 719 65 10835 0 0 1 1
32 695 35 738 65 10855 0 0 1 1
32 714 35 756 65 10875 0 0 1 1
32 732 35 774 65 10895 0 0 1 1
32 750 35 793 65 10915 0 0 1 1
32 769 35 811 65 10935 0 0 1 1
32 785 35 828 65 10955 0 0 1 1
32 800 35 842 65 10975 0 0 1 1
32 815 38 857 67 10995 0 0 1 1
32 829 40 872 69 11015 0 0 1 1
33 392 62 427 105 10510 0 0 1 1
33 416 71 464 112 10530 0 0 1 1
33 433 74 488 114 10550 0 0 1 1
33 440 74 501 114 10570 0 0 1 1
33 448 74 512 112 10590 0 0 1 1
33 462 71 530 110 10610 0 0 1 1
33 484 71 552 110 10630 0 0 1 1
33 508 69 576 107 10650 0 0 1 1
33 532 69 600 107 10670 0 0 1 1
33 554 67 622 105 10690 0 0 1 1
33 576 65 644 103 10710 0 0 1 1
33 593 65 661 103 10730 0 0 1 1
33 609 65 677 103 10750 0 0 1 1
33 626 65 694 103 10770 0 0 1 1
33 642 62 710 101 10790 0 0 1 1
33 659 62 727 101 10810 0 0 1 1
33 675 62 743 101 10830 0 0 1 1
33 692 62 760 101 10850 0 0 1 1
33 708 60 776 98 10870 0 0 1 1
33 725 60 793 98 10890 0 0 1 1
33 741 60 809 98 10910 0 0 1 1
33 758 60 826 98 10930 0 0 1 1
33 774 60 842 98 10950 0 0 1 1
33 789 60 857 98 10970 0 0 1 1
33 806 62 873 101 10990 0 0 1 1
33 820 62 888 101 11010 0 0 1 1
33 835 62 903 101 11030 0 0 1 1
34 440 26 479 83 10525 0 0 1 1
34 464 22 503 78 10545 0 0 1 1
34 477 17 515 74 10565 0 0 1 1
34 490 15 528 71 10585 0 0 1 1
34 504 13 543 69 10605 0 0 1 1
34 523 13 561 69 10625 0 0 1 1
34 541 13 580 69 10645 0 0 1 1
34 561 15 600 71 10665 0 0 1 1
34 580 15 618 71 10685 0 0 1 1
34 598 15 637 71 10705 0 0 1 1
34 611 17 649 74 10725 0 0 1 1
34 624 17 662 74 10745 0 0 1 1
34 640 15 679 71 10765 0 0 1 1
34 661 15 699 71 10785 0 0 1 1
34 679 15 717 71 10805 0 0 1 1
34 699 15 738 71 10825 0 0 1 1
34 719 15 758 71 10845 0 0 1 1
34 738 15 776 71 10865 0 0 1 1
34 758 15 796 71 10885 0 0 1 1
34 776 15 815 71 10905 0 0 1 1
34 796 15 835 71 10925 0 0 1 1
34 815 15 853 71 10945 0 0 1 1
34 833 13 872 69 10965 0 0 1 1
34 851 13 890 69 10985 0 0 1 1
34 870 13 908 69 11005 0 0 1 1
34 888 13 927 69 11025 0 0 1 1
35 1083 62 1153 119 10053 0 0 1 2
35 1063 60 1132 116 10073 0 0 1 2
35 1044 60 1114 116 10093 0 0 1 2
35 1024 60 1094 116 10113 0 0 1 2
35 1008 60 1077 116 10133 0 0 1 2
35 984 60 1053 116 10153 0 0 1 2
35 956 60 1026 116 10173 0 0 1 2
35 938 60 1008 116 10193 0 0 1 2
35 925 53 995 110 10213 0 0 1 2
35 912 47 980 101 10233 0 0 1 2
35 888 42 954 96 10253 0 0 1 2
35 864 40 929 94 10273 0 0 1 2
35 839 42 903 96 10293 0 0 1 2
35 813 44 877 98 10313 0 0 1 2
35 791 47 855 101 10333 0 0 1 2
35 769 49 833 103 10353 0 0 1 2
35 745 51 809 105 10373 0 0 1 2
35 723 51 787 105 10393 0 0 1 2
35 701 49 765 103 10413 0 0 1 2
35 684 47 749 101 10433 0 0 1 2
35 668 47 732 101 10453 0 0 1 2
35 644 51 708 105 10473 0 0 1 2
35 620 56 684 110 10493 0 0 1 2
35 627 85 662 114 10513 0 0 1 2
35 596 87 631 116 10533 0 0 1 2
35 572 89 607 119 10553 0 0 1 2
35 552 92 587 121 10573 0 0 1 2
35 534 92 569 121 10593 0 0 1 2
35 512 92 547 121 10613 0 0 1 2
35 488 92 523 121 10633 0 0 1 2
35 466 92 501 121 10653 0 0 1 2
35 442 92 477 121 10673 0 0 1 2
35 418 92 453 121 10693 0 0 1 2
35 394 92 429 121 10713 0 0 1 2
35 374 92 409 121 10733 0 0 1 2
35 352 92 387 121 10753 0 0 1 2
35 330 94 365 123 10773 0 0 1 2
35 310 94 345 123 10793 0 0 1 2
35 288 94 323 123 10813 0 0 1 2
35 266 96 301 125 10833 0 0 1 2
35 244 101 279 130 10853 0 0 1 2
35 222 103 257 132 10873 0 0 1 2
35 200 105 235 134 10893 0 0 1 2
35 176 110 211 139 10913 0 0 1 2
35 154 112 189 141 10933 0 0 1 2
35 134 116 168 146 10953 0 0 1 2
35 119 125 154 155 10973 0 0 1 2
35 106 134 139 164 10993 0 0 1 2
35 93 143 126 175 11013 0 0 1 2
36 31 200 64 240 10554 0 0 1 2
36 42 182 75 222 10574 0 0 1 2
36 55 166 88 206 10594 0 0 1 2
36 62 148 95 188 10614 0 0 1 2
36 69 130 102 170 10634 0 0 1 2
36 78 114 112 155 10654 0 0 1 2
36 88 96 121 137 10674 0 0 1 2
36 97 78 130 119 10694 0 0 1 2
36 108 60 141 101 10714 0 0 1 2
36 124 44 157 85 10734 0 0 1 2
38 20 26 42 80 10706 0 0 0 1
38 88 4 108 51 10726 0 0 1 1
38 159 0 179 40 10746 0 0 1 1
38 251 0 271 31 10766 0 0 1 1
38 332 0 352 29 10786 0 0 1 1
38 411 0 431 26 10806 0 0 1 1
38 492 0 512 24 10826 0 0 1 1
38 565 0 585 22 10846 0 0 1 1
38 640 0 661 22 10866 0 0 1 1
38 725 0 745 22 10886 0 0 1 1
38 809 0 829 22 10906 0 0 1 1
38 894 0 914 22 10926 0 0 1 1
38 980 0 1000 22 10946 0 0 1 1
38 1055 13 1075 35 10966 0 0 1 1
38 1143 31 1164 53 10986 0 0 1 1
38 1191 38 1211 60 11006 0 1 1 1
38 1191 38 1211 60 11026 0 1 1 1
39 36 209 82 285 10435 0 0 1 2
39 36 191 82 267 10455 0 0 1 2
39 45 168 91 245 10475 0 0 1 2
39 51 148 97 224 10495 0 0 1 2
39 62 146 99 200 10515 0 0 1 2
39 71 134 108 188 10535 0 0 1 2
39 82 121 119 175 10555 0 0 1 2
39 82 105 119 159 10575 0 0 1 2
39 82 87 119 141 10595 0 0 1 2
39 89 74 126 128 10615 0 0 1 2
39 102 62 139 116 10635 0 0 1 2
39 115 51 152 105 10655 0 0 1 2
39 134 44 170 98 10675 0 0 1 2
39 152 40 189 94 10695 0 0 1 2
39 168 35 205 89 10715 0 0 1 2
39 181 38 218 92 10735 0 0 1 2
39 194 42 231 96 10755 0 0 1 2
39 207 42 244 96 10775 0 0 1 2
39 220 42 257 96 10795 0 0 1 2
39 246 38 282 92 10815 0 0 1 2
39 269 35 306 89 10835 0 0 1 2
39 282 44 319 98 10855 0 0 1 2
39 297 47 334 101 10875 0 0 1 2
39 315 42 352 96 10895 0 0 1 2
39 332 40 369 94 10915 0 0 1 2
39 350 38 387 92 10935 0 0 1 2
39 369 31 405 85 10955 0 0 1 2
39 391 24 427 78 10975 0 0 1 2
39 402 20 438 74 10995 0 0 1 2
39 411 20 455 71 11015 0 0 1 2
39 420 24 471 67 11035 0 0 1 2
39 431 22 490 62 11055 0 0 1 2
39 442 8 501 49 11075 0 0 1 2
39 446 0 504 31 11095 0 0 1 2
40 811 60 881 105 11005 0 0 1 2
40 829 62 899 107 11025 0 0 1 2
40 846 65 916 110 11045 0 0 1 2
40 864 65 934 110 11065 0 0 1 2
40 881 65 951 110 11085 0 0 1 2
40 897 65 967 110 11105 0 0 1 2
40 916 65 985 110 11125 0 0 1 2
40 934 65 1004 110 11145 0 0 1 2
40 962 65 1031 110 11165 0 0 1 2
40 982 69 1052 114 11185 0 0 1 2
40 1000 71 1070 116 11205 0 0 1 2
40 1020 62 1090 107 11225 0 0 1 2
40 1035 62 1105 107 11245 0 0 1 2
40 1050 65 1120 110 11265 0 0 1 2
40 1072 62 1142 107 11285 0 0 1 2
40 1088 62 1158 107 11305 0 0 1 2
40 1101 62 1171 107 11325 0 0 1 2
40 1101 62 1171 107 11345 0 0 1 2
40 1101 62 1171 107 11365 0 1 1 2
40 1101 62 1171 107 11385 0 1 1 2
40 1101 62 1171 107 11405 0 1 1 2
40 1101 62 1171 107 11425 0 1 1 2
40 1101 62 1171 107 11445 0 1 1 2
40 1101 62 1171 107 11465 0 1 1 2
40 1101 62 1171 107 11485 0 1 1 2
40 1101 62 1171 107 11505 0 1 1 2
40 1101 62 1171 107 11525 0 1 1 2
41 16 60 49 110 10819 0 0 1 1
41 25 83 77 130 11133 0 0 1 1
41 84 67 135 116 11153 0 0 1 1
41 156 56 205 105 11173 0 0 1 1
41 225 47 275 96 11193 0 0 1 1
41 297 40 347 89 11213 0 0 1 1
41 367 33 416 83 11233 0 0 1 1
41 438 26 488 76 11253 0 0 1 1
41 510 24 560 74 11273 0 0 1 1
41 582 22 631 71 11293 0 0 1 1
41 653 20 703 69 11313 0 0 1 1
41 721 8 771 58 11333 0 0 1 1
41 793 2 842 51 11353 0 0 1 1
41 866 0 916 47 11373 0 0 1 1
41 941 0 991 44 11393 0 0 1 1
41 1004 2 1053 49 11413 0 0 1 1
41 1055 8 1105 56 11433 0 0 1 1
41 1064 11 1114 58 11453 0 1 1 1
41 1064 11 1114 58 11473 0 1 1 1
41 1064 11 1114 58 11493 0 1 1 1
41 1064 11 1114 58 11513 0 1 1 1
42 192 0 247 53 11283 0 0 1 1
42 102 2 157 56 11303 0 0 1 1
42 31 15 86 69 11323 0 0 1 1
43 789 24 912 62 11001 0 0 1 2
43 824 24 927 62 11021 0 0 1 2
43 859 26 941 65 11041 0 0 1 2
43 894 29 956 67 11061 0 0 1 2
43 914 29 976 67 11081 0 0 1 2
43 936 29 998 67 11101 0 0 1 2
43 960 29 1022 67 11121 0 0 1 2
43 985 31 1048 69 11141 0 0 1 2
43 1015 31 1077 69 11161 0 0 1 2
43 1031 31 1094 69 11181 0 0 1 2
43 1050 31 1112 69 11201 0 0 1 2
43 1068 31 1131 69 11221 0 0 1 2
43 1081 31 1143 69 11241 0 0 1 2
43 1088 31 1151 69 11261 0 1 1 2
43 1088 31 1151 69 11281 0 1 1 2
43 1088 31 1151 69 11301 0 1 1 2
43 1088 31 1151 69 11321 0 1 1 2
43 1088 31 1151 69 11341 0 1 1 2
43 1088 31 1151 69 11361 0 1 1 2
43 1088 31 1151 69 11381 0 1 1 2
43 1088 31 1151 69 11401 0 1 1 2
43 1088 31 1151 69 11421 0 1 1 2
43 1088 31 1151 69 11441 0 1 1 2
43 1088 31 1151 69 11461 0 1 1 2
43 1088 31 1151 69 11481 0 1 1 2
43 1088 31 1151 69 11501 0 1 1 2
43 1088 31 1151 69 11521 0 1 1 2
44 1255 35 1320 112 11650 0 1 1 5
44 1232 24 1316 101 11670 0 0 1 5
44 1164 6 1285 80 11690 0 0 1 5
44 1099 0 1221 65 11710 0 0 1 5
44 1033 0 1154 53 11730 0 0 1 5
44 969 0 1090 42 11750 0 0 1 5
44 903 0 1024 31 11770 0 0 1 5
44 165 0 251 20 12009 0 0 1 5
44 102 0 196 24 12029 0 0 1 5
46 49 395 71 427 7505 0 0 1 2
46 42 422 64 454 7525 0 0 1 2
46 42 442 64 474 7545 0 0 1 2
46 42 463 64 494 7565 0 0 1 2
46 45 474 67 505 7585 0 1 1 2
46 66 492 88 523 7605 0 1 1 2
46 86 512 108 543 7625 0 1 1 2
46 106 530 128 561 7645 0 1 1 2
46 130 535 152 566 7665 0 0 1 2
46 154 535 176 566 7685 0 0 1 2
46 178 535 200 566 7705 0 0 1 2
46 198 537 220 568 7725 0 0 1 2
46 216 537 238 568 7745 0 0 1 2
46 229 530 251 561 7765 0 0 1 2
46 242 519 264 550 7785 0 0 1 2
46 251 505 273 537 7805 0 0 1 2
46 253 485 275 517 7825 0 0 1 2
46 257 467 279 499 7845 0 0 1 2
46 269 460 291 492 7865 0 0 1 2
46 282 454 304 485 7885 0 0 1 2
47 163 334 189 366 7001 0 0 1 2
47 163 334 189 366 7021 0 0 1 2
47 163 334 189 366 7041 0 0 1 2
47 161 334 187 366 7061 0 0 1 2
47 161 334 187 366 7081 0 0 1 2
47 159 334 185 366 7101 0 0 1 2
47 159 332 185 364 7121 0 0 1 2
47 157 332 183 364 7141 0 0 1 2
47 157 332 183 364 7161 0 0 1 2
47 157 332 183 364 7181 0 0 1 2
47 156 332 181 364 7201 0 0 1 2
47 156 332 181 364 7221 0 0 1 2
47 154 332 179 364 7241 0 0 1 2
47 152 332 178 364 7261 0 0 1 2
47 152 334 178 366 7281 0 0 1 2
47 150 334 176 366 7301 0 0 1 2
47 150 325 176 357 7321 0 0 1 2
47 148 319 174 350 7341 0 0 1 2
47 139 312 165 343 7361 0 0 1 2
47 123 303 148 334 7381 0 0 1 2
47 106 303 132 334 7401 0 0 1 2
47 86 307 112 339 7421 0 0 1 2
47 78 328 104 359 7441 0 0 1 2
47 73 348 99 379 7461 0 0 1 2
47 66 368 91 400 7481 0 0 1 2
47 58 388 84 420 7501 0 0 1 2
47 58 415 82 451 7521 0 0 1 2
47 58 440 82 476 7541 0 0 1 2
47 58 460 82 496 7561 0 0 1 2
47 58 472 82 508 7581 0 1 1 2
47 73 483 97 519 7601 0 1 1 2
47 88 494 112 530 7621 0 1 1 2
47 102 505 126 541 7641 0 1 1 2
47 121 512 145 548 7661 0 0 1 2
47 141 512 165 548 7681 0 0 1 2
47 161 514 185 550 7701 0 0 1 2
47 183 514 209 550 7721 0 0 1 2
47 205 514 231 550 7741 0 0 1 2
47 218 510 244 546 7761 0 0 1 2
47 224 505 249 541 7781 0 0 1 2
47 229 501 255 537 7801 0 0 1 2
47 231 485 255 526 7821 0 0 1 2
47 233 469 255 512 7841 0 0 1 2
47 257 449 279 487 7861 0 0 1 2
47 279 429 301 465 7881 0 0 1 2
47 290 427 312 463 7901 0 0 1 2
48 91 62 157 119 7718 0 0 1 2
48 156 38 222 94 7738 0 0 1 2
48 222 20 288 76 7758 0 0 1 2
48 288 13 354 69 7778 0 0 1 2
48 356 8 422 65 7798 0 0 1 2
48 422 2 488 60 7818 0 0 1 2
48 492 0 558 58 7838 0 0 1 2
48 567 4 633 62 7858 0 0 1 2
48 640 8 706 67 7878 0 0 1 2
48 712 13 778 71 7898 0 0 1 2
48 785 15 851 74 7918 0 0 1 2
48 859 15 925 74 7938 0 0 1 2
48 934 6 1000 65 7958 0 0 1 2
48 1002 0 1068 51 7978 0 0 1 2
48 1061 0 1127 38 7998 0 0 1 2
49 785 0 855 42 7240 0 0 1 1
49 721 0 791 40 7260 0 0 1 1
49 670 0 739 40 7280 0 0 1 1
49 615 0 684 38 7300 0 0 1 1
49 539 0 609 38 7320 0 0 1 1
49 115 0 181 51 7460 0 0 1 1
49 69 0 135 51 7480 0 0 1 1
49 14 22 80 74 7500 0 0 0 1
50 7 0 51 42 7892 0 0 1 1
52 141 0 207 58 7011 0 0 1 1
52 91 4 157 62 7031 0 0 1 1
52 44 13 108 71 7051 0 0 1 1
52 0 40 49 98 7071 0 0 1 1
53 1276 173 1320 222 11562 0 1 1 2
53 1276 182 1320 231 11582 0 1 1 2
54 1 119 33 173 11973 0 0 1 1
54 53 92 102 137 11993 0 0 1 1
54 119 60 179 107 12013 0 0 1 1
54 196 38 257 85 12033 0 0 1 1
54 273 26 334 74 12053 0 0 1 1
54 347 13 407 60 12073 0 0 1 1
54 425 6 486 53 12093 0 0 1 1
54 512 0 572 47 12113 0 0 1 1
54 582 0 642 47 12133 0 0 1 1
54 653 0 714 47 12153 0 0 1 1
54 703 0 763 35 12173 0 0 1 1
55 0 98 27 137 11902 0 0 1 1
55 67 76 108 112 11922 0 0 1 1
55 150 53 190 89 11942 0 0 1 1
55 231 31 271 67 11962 0 0 1 1
55 315 15 356 51 11982 0 0 1 1
55 394 11 438 49 12002 0 0 1 1
55 473 8 528 56 12022 0 0 1 1
55 556 13 611 60 12042 0 0 1 1
55 631 17 686 65 12062 0 0 1 1
55 723 20 778 67 12082 0 0 1 1
55 804 20 859 67 12102 0 0 1 1
55 896 17 951 65 12122 0 0 1 1
55 1000 13 1055 60 12142 0 0 1 1
55 1072 26 1127 74 12162 0 0 1 1
56 20 80 73 130 6678 0 0 1 1
56 55 65 108 114 6698 0 0 1 1
56 110 49 163 98 6718 0 0 1 1
56 165 31 218 80 6738 0 0 1 1
56 218 20 271 69 6758 0 0 1 1
56 264 17 317 67 6778 0 0 1 1
56 310 17 363 67 6798 0 0 1 1
56 356 17 411 67 6818 0 0 1 1
56 403 17 459 67 6838 0 0 1 1
56 453 17 508 67 6858 0 0 1 1
56 504 17 560 67 6878 0 0 1 1
56 554 15 609 65 6898 0 0 1 1
56 591 15 646 65 6918 0 0 1 1
56 627 15 683 65 6938 0 0 1 1
56 675 8 730 58 6958 0 0 1 1
56 714 8 769 58 6978 0 0 1 1
56 763 8 818 58 6998 0 0 1 1
56 818 11 875 58 7018 0 0 1 1
56 870 0 929 42 7038 0 0 1 1
56 914 0 973 42 7058 0 0 1 1
56 956 0 1015 33 7078 0 0 1 1
57 73 0 167 31 12038 0 0 1 5
57 25 4 113 49 12058 0 0 1 5
57 0 24 53 69 12078 0 0 1 5
58 22 103 60 155 12148 0 0 1 1
58 80 71 119 123 12168 0 0 1 1
58 152 47 190 98 12188 0 0 1 1
58 224 38 262 89 12208 0 0 1 1
58 297 26 336 78 12228 0 0 1 1
58 374 15 413 67 12248 0 0 1 1
58 448 6 486 58 12268 0 0 1 1
58 495 4 539 53 12288 0 0 1 1
58 585 2 629 51 12308 0 0 1 1
58 668 2 712 51 12328 0 0 1 1
58 750 2 795 51 12348 0 0 1 1
58 828 0 872 44 12368 0 0 1 1
58 905 4 949 49 12388 0 0 1 1
58 982 0 1026 44 12408 0 0 1 1
58 1052 13 1096 58 12428 0 0 1 1
59 23 110 64 164 12368 0 0 1 2
59 82 76 123 130 12388 0 0 1 2
59 156 40 196 94 12408 0 0 1 2
59 231 17 271 71 12428 0 0 1 2
59 308 13 348 67 12448 0 0 1 2
59 392 2 433 56 12468 0 0 1 2
59 466 15 506 69 12488 0 0 1 2
59 541 22 582 76 12508 0 0 1 2
59 620 20 661 74 12528 0 0 1 2
60 11 119 29 161 11693 0 0 1 2
60 27 107 45 150 11713 0 0 1 2
60 45 96 64 139 11733 0 0 1 2
60 64 87 82 130 11753 0 0 1 2
60 84 78 102 121 11773 0 0 1 2
60 102 69 121 112 11793 0 0 1 2
60 121 60 139 103 11813 0 0 1 2
60 143 62 161 105 11833 0 0 1 2
60 163 65 181 107 11853 0 0 1 2
60 185 67 203 110 11873 0 0 1 2
60 205 69 224 112 11893 0 0 1 2
60 229 71 247 112 11913 0 0 1 2
60 251 71 271 110 11933 0 0 1 2
60 275 74 293 110 11953 0 0 1 2
60 297 74 317 107 11973 0 0 1 2
60 321 74 341 107 11993 0 0 1 2
60 339 76 372 110 12013 0 0 1 2
60 354 76 403 114 12033 0 0 1 2
60 378 74 427 112 12053 0 0 1 2
60 403 71 453 110 12073 0 0 1 2
60 425 69 475 107 12093 0 0 1 2
60 448 69 497 107 12113 0 0 1 2
60 470 67 519 105 12133 0 0 1 2
60 492 67 541 105 12153 0 0 1 2
60 515 65 565 103 12173 0 0 1 2
60 541 65 591 103 12193 0 0 1 2
60 563 62 613 101 12213 0 0 1 2
60 585 60 635 98 12233 0 0 1 2
60 611 60 661 98 12253 0 0 1 2
60 635 60 684 98 12273 0 0 1 2
60 659 60 708 98 12293 0 0 1 2
60 683 60 732 98 12313 0 0 1 2
60 706 62 756 101 12333 0 0 1 2
60 728 62 778 101 12353 0 0 1 2
60 752 62 802 101 12373 0 0 1 2
60 774 62 824 101 12393 0 0 1 2
60 798 62 848 101 12413 0 0 1 2
60 824 62 873 101 12433 0 0 1 2
60 850 62 899 101 12453 0 0 1 2
60 872 62 921 101 12473 0 0 1 2
60 894 62 943 101 12493 0 0 1 2
60 910 58 963 98 12513 0 0 1 2
60 929 53 982 96 12533 0 0 1 2
60 947 49 1004 96 12553 0 0 1 2
60 978 49 1035 96 12573 0 0 1 2
60 1002 49 1059 96 12593 0 0 1 2
60 1022 49 1079 96 12613 0 0 1 2
60 1044 49 1101 96 12633 0 0 1 2
60 1064 47 1121 94 12653 0 0 1 2
60 1077 44 1134 92 12673 0 0 1 2
60 1101 33 1158 80 12693 0 0 1 2
60 1132 15 1189 62 12713 0 0 1 2
60 1145 4 1202 51 12733 0 0 1 2
60 1165 0 1222 29 12753 0 0 1 2
61 618 76 640 98 10520 0 0 1 2
61 593 76 624 98 10540 0 0 0 2
61 572 76 604 98 10560 0 0 1 2
61 554 78 585 101 10580 0 0 1 2
61 536 80 567 103 10600 0 0 0 2
61 510 80 541 103 10620 0 0 1 2
61 486 80 517 103 10640 0 0 1 2
61 462 80 493 103 10660 0 0 1 2
61 438 80 470 103 10680 0 0 1 2
61 414 80 446 103 10700 0 0 1 2
61 392 80 424 105 10720 0 0 1 2
61 372 78 403 107 10740 0 0 1 2
61 350 78 381 107 10760 0 0 1 2
61 330 76 359 110 10780 0 0 1 2
61 308 74 339 112 10800 0 0 1 2
61 288 74 317 112 10820 0 0 1 2
61 266 74 295 114 10840 0 0 1 2
61 242 76 271 116 10860 0 0 1 2
61 220 78 249 119 10880 0 0 1 2
61 196 80 225 121 10900 0 0 1 2
61 174 80 203 121 10920 0 0 1 2
61 150 83 179 123 10940 0 0 1 2
61 124 94 154 134 10960 0 0 1 2
61 97 112 126 152 10980 0 0 1 2
61 84 130 113 170 11000 0 0 0 2
61 67 139 100 184 11020 0 0 1 2
61 51 148 88 197 11040 0 0 1 2
61 36 159 77 213 11060 0 0 0 2
61 22 168 62 222 11080 0 0 1 2
61 7 179 47 233 11100 0 0 0 2
61 0 157 23 206 11659 0 0 0 2
61 12 141 34 179 11679 0 0 1 2
61 29 130 51 164 11699 0 0 1 2
61 47 116 69 150 11719 0 0 1 2
61 66 105 88 139 11739 0 0 1 2
61 86 96 108 130 11759 0 0 1 2
61 106 85 128 119 11779 0 0 1 2
61 128 78 150 112 11799 0 0 1 2
61 148 71 170 105 11819 0 0 1 2
61 170 67 192 101 11839 0 0 1 2
61 190 65 212 98 11859 0 0 1 2
61 212 60 235 94 11879 0 0 1 2
61 235 58 257 92 11899 0 0 1 2
61 257 53 279 87 11919 0 0 1 2
61 279 51 301 85 11939 0 0 1 2
61 301 49 323 83 11959 0 0 1 2
61 323 47 345 80 11979 0 0 1 2
61 347 47 369 80 11999 0 0 1 2
61 363 42 400 78 12019 0 0 1 2
61 380 42 425 78 12039 0 0 1 2
61 402 42 448 78 12059 0 0 1 2
61 427 42 473 78 12079 0 0 1 2
61 451 40 497 76 12099 0 0 1 2
61 473 40 519 76 12119 0 0 1 2
61 497 40 543 76 12139 0 0 1 2
61 521 40 567 76 12159 0 0 1 2
61 543 40 589 76 12179 0 0 1 2
61 565 40 611 76 12199 0 0 1 2
61 585 38 631 74 12219 0 0 1 2
61 605 38 651 74 12239 0 0 1 2
61 627 35 673 71 12259 0 0 1 2
61 651 35 697 71 12279 0 0 1 2
61 675 35 721 71 12299 0 0 1 2
61 699 35 745 71 12319 0 0 1 2
61 723 33 769 69 12339 0 0 1 2
61 745 29 791 65 12359 0 0 1 2
61 769 24 815 60 12379 0 0 1 2
61 793 22 839 58 12399 0 0 1 2
61 817 22 862 58 12419 0 0 1 2
61 839 22 885 58 12439 0 0 1 2
61 862 22 908 58 12459 0 0 1 2
61 883 17 927 56 12479 0 0 1 2
61 905 13 947 56 12499 0 0 1 2
61 918 13 969 53 12519 0 0 1 2
61 929 13 993 53 12539 0 0 1 2
61 958 6 1022 47 12559 0 0 1 2
61 987 2 1052 42 12579 0 0 1 2
61 1011 0 1075 35 12599 0 0 1 2
61 1035 0 1099 22 12619 0 0 1 2
61 1053 0 1118 8 12639 0 0 1 2
62 870 193 912 231 12159 0 0 1 2
62 885 193 927 231 12179 0 0 1 2
62 899 191 941 229 12199 0 0 1 2
62 912 188 954 227 12219 0 0 1 2
62 923 188 965 227 12239 0 0 1 2
62 932 188 974 227 12259 0 0 1 2
62 941 188 984 227 12279 0 0 1 2
62 951 188 993 227 12299 0 0 1 2
62 960 188 1002 227 12319 0 0 1 2
62 969 188 1011 227 12339 0 0 1 2
62 978 188 1020 227 12359 0 0 1 2
62 989 186 1031 224 12379 0 0 1 2
62 998 186 1041 224 12399 0 0 1 2
62 1002 186 1044 224 12419 0 0 1 2
62 1004 186 1046 224 12439 0 0 1 2
62 1006 186 1048 224 12459 0 0 1 2
62 1008 186 1050 224 12479 0 0 1 2
62 1015 186 1057 224 12499 0 0 1 2
62 1026 184 1077 229 12519 0 0 1 2
62 1030 184 1081 231 12539 0 0 1 2
62 1033 184 1085 231 12559 0 0 1 2
62 1037 184 1088 231 12579 0 0 1 2
62 1044 182 1096 229 12599 0 0 1 2
62 1055 179 1107 227 12619 0 0 1 2
62 1059 179 1110 227 12639 0 0 1 2
62 1064 179 1116 227 12659 0 0 1 2
62 1074 179 1125 227 12679 0 0 1 2
62 1085 173 1136 220 12699 0 0 1 2
62 1088 173 1140 220 12719 0 0 1 2
62 1092 173 1143 220 12739 0 0 1 2
62 1096 173 1147 220 12759 0 0 1 2
62 1097 173 1149 220 12779 0 0 1 2
62 1101 173 1153 220 12799 0 0 1 2
62 1105 175 1156 222 12819 0 0 1 2
62 1118 177 1169 224 12839 0 0 1 2
62 1125 179 1176 227 12859 0 0 1 2
62 1134 182 1186 229 12879 0 0 1 2
62 1160 191 1211 238 12899 0 0 1 2
62 1164 195 1215 242 12919 0 0 1 2
62 1167 197 1219 245 12939 0 0 1 2
62 1156 215 1208 263 12959 0 0 1 2
63 0 166 44 211 12860 0 0 1 1
63 34 137 95 182 12880 0 0 1 1
63 73 105 146 152 12900 0 0 1 1
63 126 71 187 116 12920 0 0 1 1
63 174 51 222 96 12940 0 0 1 1
63 233 42 279 87 12960 0 0 1 1
63 288 40 334 85 12980 0 0 1 1
63 345 38 391 83 13000 0 0 1 1
63 407 40 453 85 13020 0 0 1 1
64 0 164 38 206 9999 0 0 1 2
64 3 152 42 195 10019 0 0 1 2
65 5 103 62 159 12573 0 0 1 1
65 75 74 137 130 12593 0 0 1 1
65 154 44 220 101 12613 0 0 1 1
65 227 33 295 89 12633 0 0 1 1
65 295 29 363 85 12653 0 0 1 1
65 381 26 449 83 12673 0 0 1 1
65 462 24 530 80 12693 0 0 1 1
65 536 20 604 76 12713 0 0 1 1
65 605 13 673 69 12733 0 0 1 1
65 690 4 758 58 12753 0 0 1 1
65 765 0 833 53 12773 0 0 1 1
65 833 4 901 58 12793 0 0 1 1
65 899 4 967 58 12813 0 0 1 1
65 965 0 1033 53 12833 0 0 1 1
65 1044 0 1112 49 12853 0 0 1 1
66 246 0 295 29 12796 0 0 1 1
66 201 0 251 26 12816 0 0 1 1
66 132 2 181 26 12846 0 0 1 1
66 80 24 130 49 12866 0 0 1 1
66 27 47 77 71 12886 0 0 1 1
66 1 80 38 105 12906 0 0 1 1
67 60 0 102 29 12858 0 0 1 1
67 18 11 60 40 12878 0 0 1 1
67 0 33 25 62 12898 0 0 1 1
68 1 321 56 395 8014 0 0 1 2
68 7 296 62 370 8034 0 0 1 2
68 12 274 67 346 8054 0 0 1 2
68 18 249 73 323 8074 0 0 1 2
68 23 227 78 298 8094 0 0 1 2
68 27 202 82 274 8114 0 0 1 2
68 33 179 88 251 8134 0 0 1 2
68 38 166 93 238 8154 0 0 1 2
68 44 150 99 222 8174 0 0 1 2
68 60 123 115 195 8194 0 0 1 2
68 75 96 130 168 8214 0 0 1 2
68 88 74 143 146 8234 0 0 1 2
68 99 53 154 123 8254 0 0 1 2
68 110 35 165 101 8274 0 0 1 2
68 121 15 176 78 8294 0 0 1 2
68 134 0 189 51 8314 0 0 1 2
69 1193 240 1221 283 13015 0 0 1 2
72 589 15 637 58 3011 0 0 1 2
72 662 6 710 49 3031 0 0 1 2
72 734 0 782 42 3051 0 0 1 2
72 802 0 850 35 3071 0 0 1 2
72 870 0 918 24 3091 0 0 1 2
73 354 49 413 83 13005 0 0 1 2
73 416 49 475 83 13025 0 0 1 2
73 479 49 536 83 13045 0 0 1 2
73 541 49 598 80 13065 0 0 1 2
73 602 44 659 76 13085 0 0 1 2
73 664 42 721 74 13105 0 0 1 2
73 730 35 787 67 13125 0 0 1 2
73 796 29 853 60 13145 0 0 1 2
73 861 22 918 53 13165 0 0 1 2
73 927 17 984 49 13185 0 0 1 2
73 989 11 1046 42 13205 0 0 1 2
73 1042 6 1099 38 13225 0 0 1 2
73 1094 4 1151 35 13245 0 0 1 2
73 1147 0 1204 31 13265 0 0 1 2
73 1189 0 1246 31 13285 0 0 1 2
73 1219 0 1276 31 13305 0 1 1 2
73 1219 0 1276 31 13325 0 1 1 2
74 9 289 42 343 13133 0 0 1 2
74 27 236 60 289 13153 0 1 1 2
74 44 188 77 242 13173 0 1 1 2
74 62 134 95 188 13193 0 0 1 2
74 84 85 117 139 13213 0 0 1 2
74 130 56 163 110 13233 0 0 1 2
74 178 29 211 83 13253 0 0 1 2
74 233 26 266 80 13273 0 0 1 2
74 295 22 328 76 13293 0 0 1 2
74 359 17 392 71 13313 0 0 1 2
74 424 13 457 67 13333 0 0 1 2
74 486 8 519 62 13353 0 0 1 2
74 547 2 580 56 13373 0 0 1 2
74 611 0 644 53 13393 0 0 1 2
74 677 0 710 53 13413 0 0 1 2
74 745 0 778 53 13433 0 0 1 2
74 813 0 846 51 13453 0 0 1 2
74 881 0 914 49 13473 0 0 1 2
74 951 0 984 42 13493 0 0 1 2
75 0 116 40 170 2348 0 0 1 2
75 11 110 51 164 2368 0 0 1 2
75 23 103 64 157 2388 0 0 1 2
75 40 98 80 152 2408 0 0 1 2
75 60 92 100 146 2428 0 0 1 2
75 82 87 123 141 2448 0 0 1 2
75 104 80 145 134 2468 0 0 1 2
75 123 74 163 128 2488 0 0 1 2
75 145 71 185 123 2508 0 0 1 2
75 167 71 205 123 2528 0 0 1 2
75 187 71 227 123 2548 0 0 1 2
75 209 71 247 123 2568 0 0 1 2
75 231 71 268 123 2588 0 0 1 2
75 251 71 288 123 2608 0 0 1 2
75 273 74 310 123 2628 0 0 1 2
75 293 74 330 123 2648 0 0 1 2
75 315 74 350 123 2668 0 0 1 2
75 337 74 372 123 2688 0 0 1 2
75 358 74 392 123 2708 0 0 1 2
75 380 74 413 123 2728 0 0 1 2
75 402 76 433 121 2748 0 0 1 2
75 422 76 455 121 2768 0 0 1 2
75 444 76 475 121 2788 0 0 1 2
75 464 76 495 121 2808 0 0 1 2
75 486 76 515 121 2828 0 0 1 2
75 508 76 537 121 2848 0 0 1 2
75 528 78 558 121 2868 0 0 1 2
75 550 78 578 121 2888 0 0 1 2
75 571 78 600 121 2908 0 0 1 2
75 593 78 620 121 2928 0 0 1 2
75 615 78 640 121 2948 0 0 1 2
75 635 78 661 121 2968 0 0 1 2
75 655 78 681 119 2988 0 0 1 2
75 675 76 701 116 3008 0 0 1 2
75 694 76 723 114 3028 0 0 1 2
75 712 74 745 112 3048 0 0 1 2
75 732 74 767 110 3068 0 0 1 2
75 750 74 789 107 3088 0 0 1 2
75 769 71 811 105 3108 0 0 1 2
75 789 71 833 103 3128 0 0 1 2
75 807 69 853 101 3148 0 0 1 2
75 828 69 873 101 3168 0 0 1 2
75 846 69 892 101 3188 0 0 1 2
75 864 67 910 98 3208 0 0 1 2
75 885 67 930 98 3228 0 0 1 2
75 903 65 949 96 3248 0 0 1 2
75 923 65 969 96 3268 0 0 1 2
75 943 62 989 94 3288 0 0 1 2
75 965 60 1011 92 3308 0 0 1 2
75 987 58 1033 89 3328 0 0 1 2
75 1009 56 1055 87 3348 0 0 1 2
75 1031 53 1077 85 3368 0 0 1 2
75 1053 51 1099 83 3388 0 0 1 2
75 1075 49 1121 80 3408 0 0 1 2
75 1097 47 1143 78 3428 0 0 1 2
75 1103 47 1149 78 3448 0 0 1 2
75 1103 47 1149 78 3468 0 0 1 2
75 1103 47 1149 78 3488 0 0 1 2
75 1103 47 1149 78 3508 0 0 1 2
75 1103 47 1149 78 3528 0 0 1 2
76 851 692 897 753 2825 0 0 1 2
76 831 692 877 753 2845 0 0 1 2
76 811 692 857 753 2865 0 0 1 2
76 791 690 837 750 2885 0 0 1 2
76 774 687 820 748 2905 0 0 1 2
76 760 685 806 746 2925 0 0 1 2
76 745 683 791 744 2945 0 0 1 2
76 730 681 776 741 2965 0 0 1 2
76 714 681 760 741 2985 0 0 1 2
76 697 681 739 737 3005 0 0 1 2
76 683 685 710 721 3025 0 0 1 2
76 673 690 694 717 3045 0 1 1 2
76 655 690 675 717 3065 0 1 1 2
76 637 690 657 717 3085 0 1 1 2
76 616 692 637 719 3105 0 1 1 2
76 598 692 618 719 3125 0 1 1 2
76 578 694 598 721 3145 0 1 1 2
76 560 694 580 721 3165 0 1 1 2
76 541 696 561 723 3185 0 1 0 2
76 534 696 554 723 3205 0 1 1 2
76 526 696 547 723 3225 0 1 1 2
76 519 696 539 723 3245 0 1 1 2
76 514 696 534 723 3265 0 1 1 2
76 506 696 526 723 3285 0 1 1 2
77 818 699 883 753 2991 0 0 1 2
77 811 708 864 755 3011 0 0 1 2
77 807 723 840 755 3031 0 0 1 2
77 791 719 822 748 3051 0 0 1 2
77 771 712 802 741 3071 0 0 1 2
77 752 705 784 735 3091 0 0 1 2
77 736 699 767 728 3111 0 0 1 2
77 719 692 750 721 3131 0 0 1 2
77 703 687 734 717 3151 0 1 1 2
77 688 687 719 717 3171 0 1 1 2
77 673 687 705 717 3191 0 1 1 2
77 657 690 688 719 3211 0 1 1 2
77 640 692 672 721 3231 0 1 1 2
77 624 694 655 723 3251 0 1 1 2
77 607 694 638 723 3271 0 1 1 2
77 591 696 622 726 3291 0 1 1 2
77 554 701 585 730 3311 0 1 1 2
77 512 708 543 737 3331 0 1 1 2
77 488 708 519 737 3351 0 1 1 2
77 479 708 510 737 3371 0 1 1 2
77 468 708 499 737 3391 0 1 1 2
77 459 708 490 737 3411 0 1 1 2
77 448 708 479 737 3431 0 1 1 2
77 440 705 471 735 3451 0 1 1 2
77 433 701 464 730 3471 0 1 1 2
77 425 699 457 728 3491 0 1 1 2
77 424 699 455 728 3511 0 1 1 2
77 424 699 455 728 3531 0 1 0 2
78 1031 759 1068 809 2836 0 0 1 2
78 1017 762 1053 811 2856 0 0 1 2
78 1000 764 1037 813 2876 0 0 1 2
78 985 764 1022 813 2896 0 0 1 2
78 971 762 1008 811 2916 0 0 1 2
78 956 762 993 811 2936 0 0 1 2
78 941 759 978 809 2956 0 0 1 2
78 925 759 962 809 2976 0 0 1 2
78 907 759 943 809 2996 0 0 1 2
78 890 764 925 807 3016 0 0 1 2
78 873 768 907 804 3036 0 0 1 2
78 855 762 888 798 3056 0 0 1 2
78 835 753 868 789 3076 0 0 1 2
78 817 744 850 780 3096 0 0 1 2
78 806 732 839 768 3116 0 0 1 2
78 793 723 826 759 3136 0 0 1 2
78 774 719 807 755 3156 0 0 1 2
78 752 717 785 753 3176 0 0 1 2
78 736 714 769 750 3196 0 0 1 2
78 721 712 754 748 3216 0 0 1 2
78 706 710 739 746 3236 0 0 1 2
78 692 708 725 744 3256 0 0 1 2
78 677 703 710 739 3276 0 0 1 2
78 662 703 695 739 3296 0 0 1 2
78 642 703 675 739 3316 0 0 1 2
78 624 705 657 741 3336 0 0 1 2
78 602 708 635 744 3356 0 0 1 2
78 578 708 611 744 3376 0 0 1 2
78 556 708 589 744 3396 0 0 1 2
78 532 708 565 744 3416 0 0 1 2
78 510 708 543 744 3436 0 1 0 2
78 504 708 537 744 3456 0 1 1 2
78 499 708 532 744 3476 0 1 1 2
78 493 708 526 744 3496 0 1 1 2
78 493 708 526 744 3516 0 1 1 2
80 3 352 29 406 2703 0 0 1 2
80 9 334 34 388 2723 0 0 1 2
80 12 319 38 373 2743 0 0 1 2
80 16 303 42 357 2763 0 0 1 2
80 22 285 47 339 2783 0 0 1 2
80 25 267 51 321 2803 0 0 1 2
80 31 249 56 303 2823 0 0 1 2
80 34 231 60 285 2843 0 0 1 2
80 40 213 66 267 2863 0 0 1 2
80 45 195 71 249 2883 0 0 1 2
80 55 177 80 231 2903 0 0 1 2
80 62 157 88 211 2923 0 0 1 2
80 71 137 97 191 2943 0 0 1 2
80 82 121 108 175 2963 0 0 1 2
80 93 107 119 161 2983 0 0 1 2
80 102 92 128 146 3003 0 0 1 2
80 112 76 139 125 3023 0 0 1 2
80 121 60 150 103 3043 0 0 1 2
80 130 44 161 83 3063 0 0 1 2
80 139 29 172 62 3083 0 0 1 2
80 146 13 183 40 3103 0 0 1 2
81 0 364 22 402 3022 0 0 1 2
81 3 346 25 384 3042 0 0 1 2
81 7 328 29 366 3062 0 0 1 2
81 12 310 34 348 3082 0 0 1 2
81 16 289 38 328 3102 0 0 1 2
81 20 271 42 310 3122 0 0 1 2
81 25 254 47 292 3142 0 0 1 2
81 29 236 51 274 3162 0 0 1 2
81 33 218 55 256 3182 0 0 1 2
81 38 197 60 236 3202 0 0 1 2
81 42 179 64 218 3222 0 0 1 2
81 45 161 67 200 3242 0 0 1 2
81 49 143 71 182 3262 0 0 1 2
81 55 125 77 164 3282 0 0 1 2
81 62 110 84 146 3302 0 0 1 2
81 69 94 91 128 3322 0 0 1 2
81 77 78 99 110 3342 0 0 1 2
81 84 62 106 92 3362 0 0 1 2
81 91 47 113 74 3382 0 0 1 2
81 99 31 121 56 3402 0 0 1 2
81 106 15 128 38 3422 0 0 1 2
81 115 0 137 22 3442 0 0 0 2
82 1107 0 1169 49 8015 0 0 1 2
82 1147 0 1211 49 8035 0 0 1 2
82 1202 22 1265 78 8055 0 0 1 2
82 1217 29 1279 85 8075 0 0 1 2
82 1217 29 1279 85 8095 0 0 1 2
82 1217 29 1279 85 8115 0 0 1 2
82 1217 29 1279 85 8135 0 0 1 2
82 1217 29 1279 85 8155 0 0 1 2
82 1217 29 1279 85 8175 0 0 1 2
82 1217 29 1279 85 8195 0 1 1 2
82 1217 29 1279 85 8215 0 1 1 2
82 1217 29 1279 85 8235 0 1 1 2
82 1217 29 1279 85 8255 0 1 1 2
82 1217 29 1279 85 8275 0 1 1 2
82 1217 29 1279 85 8295 0 1 1 2
82 1217 29 1279 85 8315 0 1 1 2
82 1217 29 1279 85 8335 0 1 1 2
82 1217 29 1279 85 8355 0 1 1 2
82 1217 29 1279 85 8375 0 1 1 2
82 1217 29 1279 85 8395 0 1 1 2
82 1217 29 1279 85 8415 0 1 1 2
82 1217 29 1279 85 8435 0 1 1 2
82 1217 29 1279 85 8455 0 1 1 2
82 1217 29 1279 85 8475 0 1 1 2
82 1217 29 1279 85 8495 0 1 1 2
82 1217 29 1279 85 8515 0 1 1 2
83 1265 20 1303 74 8195 0 0 1 1
83 1209 4 1248 56 8215 0 0 1 1
83 1151 0 1187 29 8235 0 0 1 1
84 1153 0 1195 20 3174 0 0 1 1
84 1052 0 1094 20 3194 0 0 1 1
84 949 0 991 20 3214 0 0 1 1
84 853 0 896 17 3234 0 0 1 1
84 778 0 820 17 3254 0 0 1 1
84 701 0 743 17 3274 0 0 1 1
84 626 0 668 17 3294 0 0 1 1
84 548 0 591 17 3314 0 0 1 1
84 473 0 515 17 3334 0 0 1 1
84 396 0 438 17 3354 0 0 1 1
84 321 0 363 17 3374 0 0 1 1
84 242 0 284 15 3394 0 0 1 1
84 163 0 203 15 3414 0 0 1 1
86 62 71 108 139 9919 0 0 1 1
86 146 35 192 103 9939 0 0 1 1
86 238 20 284 87 9959 0 0 1 1
86 330 8 376 76 9979 0 0 1 1
86 424 2 470 71 9999 0 0 1 1
86 503 0 567 69 10019 0 0 1 1
86 582 0 664 67 10039 0 0 1 1
86 683 0 765 56 10059 0 0 1 1
86 778 0 861 56 10079 0 0 1 1
86 877 0 960 51 10099 0 0 1 1
86 973 0 1055 47 10119 0 0 1 1
86 1070 0 1153 44 10139 0 0 1 1
86 1154 22 1237 69 10159 0 0 1 1
86 1239 56 1314 103 10179 0 0 1 1
87 64 67 119 139 8345 0 0 1 1
87 134 56 189 128 8365 0 0 1 1
87 211 33 266 105 8385 0 0 1 1
87 295 24 350 96 8405 0 0 1 1
87 376 20 433 92 8425 0 0 1 1
87 462 13 519 83 8445 0 0 1 1
87 547 6 604 76 8465 0 0 1 1
87 626 4 683 74 8485 0 0 1 1
87 708 0 765 67 8505 0 0 1 1
87 778 0 837 58 8525 0 0 1 1
87 850 0 907 47 8545 0 0 1 1
87 919 0 978 38 8565 0 0 1 1
87 989 0 1048 26 8585 0 0 1 1
88 1221 146 1279 215 8509 0 0 1 2
88 1200 132 1259 202 8529 0 0 1 2
89 62 24 93 69 8596 0 0 1 1
89 22 49 53 94 8616 0 0 1 1
95 956 0 1020 42 13504 0 0 1 1
96 38 83 88 137 13262 0 0 1 1
96 86 58 134 110 13282 0 0 1 1
96 150 42 198 94 13302 0 0 1 1
96 214 24 262 76 13322 0 0 1 1
96 275 17 323 69 13342 0 0 1 1
96 332 15 380 67 13362 0 0 1 1
96 391 15 438 67 13382 0 0 1 1
96 448 20 495 71 13402 0 0 1 1
96 504 26 552 78 13422 0 0 1 1
96 561 31 609 83 13442 0 0 1 1
96 629 26 677 78 13462 0 0 1 1
96 695 22 743 74 13482 0 0 1 1
96 749 15 818 69 13502 0 0 1 1
96 795 8 896 62 13522 0 0 1 1
96 868 2 969 56 13542 0 0 1 1
96 930 2 1031 56 13562 0 0 1 1
96 995 11 1096 65 13582 0 0 1 1
97 33 94 89 152 9013 0 0 1 1
97 84 69 141 128 9033 0 0 1 1
97 150 49 207 107 9053 0 0 1 1
97 227 33 284 92 9073 0 0 1 1
97 304 29 361 87 9093 0 0 1 1
97 378 31 435 89 9113 0 0 1 1
97 448 35 504 94 9133 0 0 1 1
97 515 31 572 89 9153 0 0 1 1
97 582 29 638 87 9173 0 0 1 1
97 648 26 705 85 9193 0 0 1 1
97 714 26 771 85 9213 0 0 1 1
97 782 20 839 78 9233 0 0 1 1
97 848 13 905 71 9253 0 0 1 1
97 907 13 963 71 9273 0 0 1 1
97 976 13 1033 71 9293 0 0 1 1
97 1055 17 1112 76 9313 0 0 1 1
97 1079 0 1136 49 9333 0 0 1 1
98 1241 0 1272 49 8084 0 0 1 1
99 51 8 95 53 9013 0 0 1 1
99 9 31 40 76 9033 0 0 1 1
100 86 0 134 38 9057 0 0 1 1
100 42 8 89 47 9077 0 0 1 1
100 1 33 45 71 9097 0 0 1 1
101 11 0 58 40 9031 0 0 1 1
101 0 0 22 40 9051 0 0 1 1
102 36 22 99 69 13911 0 0 1 2
102 0 67 49 114 13931 0 0 1 2
102 0 67 49 114 13951 0 0 1 2
102 0 67 49 114 13971 0 0 1 2
102 0 67 49 114 13991 0 0 1 2
102 0 67 49 114 14011 0 0 1 2
102 0 67 49 114 14031 0 0 0 2
103 1140 8 1222 65 9065 0 0 1 1
103 106 2 187 49 9275 0 0 1 1
103 18 22 91 69 9295 0 0 1 1
104 982 822 1028 878 13906 0 0 1 2
104 960 827 1006 883 13926 0 0 1 2
104 938 831 984 887 13946 0 0 1 2
104 919 836 965 890 13966 0 0 1 2
104 907 840 951 894 13986 0 0 1 2
104 888 842 934 896 14006 0 0 1 2
104 862 845 914 903 14026 0 0 1 2
104 839 849 894 910 14046 0 0 1 2
104 822 856 877 917 14066 0 0 1 2
104 804 863 859 923 14086 0 0 1 2
106 1033 744 1081 789 13855 0 0 1 2
106 1020 750 1068 795 13875 0 0 1 2
106 1004 755 1050 802 13895 0 0 1 2
106 984 759 1030 809 13915 0 0 1 2
106 971 757 1017 811 13935 0 0 1 2
106 952 755 998 809 13955 0 0 1 2
106 929 753 974 807 13975 0 0 1 2
106 910 746 956 800 13995 0 0 1 2
106 894 737 943 798 14015 0 0 1 2
106 879 730 930 795 14035 0 0 1 2
106 864 730 916 795 14055 0 0 1 2
106 850 728 901 793 14075 0 0 1 2
106 835 730 886 795 14095 0 0 1 2
106 824 744 875 809 14115 0 0 1 2
106 815 757 866 822 14135 0 0 1 2
106 804 771 855 836 14155 0 0 1 2
106 795 782 846 847 14175 0 0 1 2
106 787 791 839 856 14195 0 0 1 2
106 780 802 831 867 14215 0 0 1 2
106 773 813 824 878 14235 0 0 1 2
107 16 92 77 164 13789 0 0 1 1
107 84 69 146 141 13809 0 0 1 1
107 152 47 214 119 13829 0 0 1 1
107 220 24 284 96 13849 0 0 1 1
107 297 13 361 85 13869 0 0 1 1
107 369 8 433 80 13889 0 0 1 1
107 438 6 503 78 13909 0 0 1 1
107 508 2 572 69 13929 0 0 1 1
107 578 0 642 60 13949 0 0 1 1
107 651 0 716 60 13969 0 0 1 1
107 725 0 789 56 13989 0 0 1 1
107 796 0 864 49 14009 0 0 1 1
107 866 0 945 44 14029 0 0 1 1
107 940 0 1024 38 14049 0 0 1 1
108 49 53 130 125 13901 0 0 1 1
108 113 44 181 114 13921 0 0 1 1
108 179 33 244 105 13941 0 0 1 1
108 244 24 308 96 13961 0 0 1 1
108 304 17 369 89 13981 0 0 1 1
108 363 13 427 83 14001 0 0 1 1
108 414 13 482 78 14021 0 0 1 1
108 468 15 536 74 14041 0 0 1 1
108 526 17 596 74 14061 0 0 1 1
108 593 20 662 76 14081 0 0 1 1
108 646 15 716 71 14101 0 0 1 1
108 701 13 771 69 14121 0 0 1 1
108 769 11 839 67 14141 0 0 1 1
108 833 6 903 62 14161 0 0 1 1
108 894 6 963 62 14181 0 0 1 1
108 954 6 1024 62 14201 0 0 1 1
108 1011 2 1081 58 14221 0 0 1 1
108 1052 0 1121 53 14241 0 0 1 1
109 1255 804 1312 865 14031 0 0 1 2
109 1232 820 1288 881 14051 0 0 1 2
109 1217 838 1274 899 14071 0 0 1 2
109 1193 849 1250 910 14091 0 0 1 2
109 1173 867 1230 928 14111 0 0 1 2
109 1158 885 1213 946 14131 0 0 1 2
109 1145 910 1200 971 14151 0 0 1 2
109 1081 937 1136 1000 14171 0 1 1 2
109 1052 966 1107 1027 14191 0 1 1 2
109 1033 984 1086 1047 14211 0 1 1 2
109 1026 991 1081 1054 14231 0 1 1 2
109 1020 995 1075 1058 14251 0 1 1 2
109 1017 1000 1072 1063 14271 0 1 1 2
109 1002 1000 1057 1061 14291 0 0 1 2
109 976 1016 1031 1074 14311 0 0 1 2
110 1099 1027 1162 1074 14111 0 0 1 2
110 1099 1025 1162 1072 14131 0 1 1 2
110 1114 998 1176 1045 14151 0 1 1 2
110 1136 975 1198 1022 14171 0 1 1 2
110 1136 953 1198 1000 14191 0 1 1 2
110 1145 932 1208 980 14211 0 0 1 2
110 1164 908 1226 955 14231 0 0 1 2
110 1164 883 1226 930 14251 0 0 1 2
110 1176 867 1239 914 14271 0 0 1 2
110 1189 847 1252 894 14291 0 0 1 2
110 1204 824 1266 872 14311 0 0 1 2
110 1221 804 1283 851 14331 0 0 1 2
110 1233 786 1296 833 14351 0 0 1 2
110 1246 768 1309 815 14371 0 0 1 2
112 286 11 352 67 14500 0 0 0 1
112 212 22 293 74 14520 0 0 0 1
112 126 42 209 96 14540 0 0 0 1
113 0 591 44 654 14359 0 0 1 2
113 5 575 47 638 14379 0 0 1 2
113 12 541 55 604 14399 0 1 1 2
113 22 503 64 566 14419 0 1 1 2
113 22 483 64 546 14439 0 1 1 2
113 25 460 67 526 14459 0 0 1 2
113 33 431 75 496 14479 0 0 1 2
113 34 406 77 472 14499 0 0 1 2
113 31 375 86 433 14519 0 0 1 2
113 31 346 88 404 14539 0 0 1 2
114 126 0 187 47 14534 0 0 1 1
114 82 2 143 51 14554 0 0 1 1
116 503 26 585 83 12506 0 0 1 1
116 594 31 677 87 12526 0 0 1 1
116 679 33 761 89 12546 0 0 1 1
116 750 29 833 85 12566 0 0 1 1
116 820 20 903 76 12586 0 0 1 1
116 896 11 978 67 12606 0 0 1 1
116 976 4 1059 60 12626 0 0 1 1
116 1035 0 1118 56 12646 0 0 1 1
116 1109 17 1191 74 12666 0 0 1 1
116 1206 51 1288 107 12686 0 0 1 1
116 1250 74 1318 130 12867 0 0 1 1
116 1250 74 1318 130 12887 0 0 1 1
116 1250 74 1318 130 12907 0 0 1 1
116 1250 74 1318 130 12927 0 0 1 1
116 1250 74 1318 130 12947 0 0 1 1
116 1250 74 1318 130 12967 0 0 1 1
116 1250 74 1318 130 12987 0 0 1 1
116 1250 74 1318 130 13007 0 0 1 1
116 1250 74 1318 130 13027 0 0 1 1
117 132 0 192 42 9515 0 0 1 1
117 58 11 121 60 9535 0 0 1 1
117 5 40 60 94 9555 0 0 1 1
118 326 2 391 38 4213 0 0 1 1
118 392 4 457 40 4233 0 0 1 1
118 459 8 523 44 4253 0 0 1 1
118 526 13 591 49 4273 0 0 1 1
118 596 13 661 49 4293 0 0 1 1
118 673 13 738 49 4313 0 0 1 1
118 750 13 815 49 4333 0 0 1 1
118 826 13 890 49 4353 0 0 1 1
118 903 13 967 49 4373 0 0 1 1
118 976 13 1041 49 4393 0 0 1 1
118 1039 20 1103 56 4413 0 0 1 1
118 1103 26 1167 62 4433 0 0 1 1
118 1156 38 1221 74 4453 0 1 1 1
118 1206 53 1270 89 4473 0 1 1 1
118 1233 62 1298 98 4493 0 1 1 1
118 1233 62 1298 98 4513 0 1 1 1
119 108 2 163 44 8478 0 0 1 1
119 51 2 106 44 8498 0 0 1 1
119 5 38 56 80 8518 0 0 1 1
120 1030 791 1075 824 13805 0 0 1 2
120 1011 791 1059 829 13825 0 0 1 2
120 993 791 1044 833 13845 0 0 1 2
120 982 795 1033 838 13865 0 0 1 2
120 969 800 1020 842 13885 0 0 1 2
120 951 804 998 847 13905 0 0 1 2
120 930 809 978 851 13925 0 0 1 2
120 910 813 958 856 13945 0 0 1 2
120 892 820 940 863 13965 0 0 1 2
120 875 827 923 869 13985 0 0 1 2
120 859 836 907 878 14005 0 0 1 2
120 839 836 885 878 14025 0 0 1 2
121 66 8 119 47 6636 0 0 1 1
121 7 26 60 65 6656 0 0 1 1
122 7 301 22 339 3290 0 0 1 2
122 14 283 29 321 3310 0 0 1 2
122 22 263 38 301 3330 0 0 1 2
122 29 245 47 283 3350 0 0 1 2
122 36 227 56 263 3370 0 0 1 2
122 44 206 66 245 3390 0 0 1 2
122 51 188 75 224 3410 0 0 1 2
122 58 170 84 206 3430 0 0 1 2
122 66 150 91 188 3450 0 0 1 2
122 73 132 100 168 3470 0 0 1 2
122 80 114 110 150 3490 0 0 1 2
122 82 94 119 134 3510 0 0 1 2
122 78 71 128 123 3530 0 0 1 2
122 78 51 137 110 3550 0 0 1 2
122 86 31 145 89 3570 0 0 1 2
122 91 15 150 74 3590 0 0 1 2
122 97 4 156 62 3610 0 0 1 2
123 23 107 56 164 3205 0 0 1 1
123 67 89 100 146 3225 0 0 1 1
123 112 74 145 130 3245 0 0 1 1
123 156 56 189 112 3265 0 0 1 1
123 207 51 240 107 3285 0 0 1 1
123 258 47 291 103 3305 0 0 1 1
123 310 42 343 98 3325 0 0 1 1
123 361 40 394 96 3345 0 0 1 1
123 413 35 446 92 3365 0 0 1 1
123 464 31 497 87 3385 0 0 1 1
123 515 26 548 83 3405 0 0 1 1
123 567 22 600 78 3425 0 0 1 1
123 618 17 651 74 3445 0 0 1 1
123 670 13 703 69 3465 0 0 1 1
123 721 8 754 65 3485 0 0 1 1
123 771 6 809 60 3505 0 0 1 1
123 807 8 868 58 3525 0 0 1 1
123 850 11 925 53 3545 0 0 1 1
123 905 4 980 47 3565 0 0 1 1
123 943 2 1019 44 3585 0 0 1 1
123 982 2 1057 44 3605 0 0 1 1
123 1017 0 1092 40 3625 0 0 1 1
123 1041 0 1116 40 3645 0 0 1 1
124 481 69 515 94 3015 0 0 1 2
124 495 69 532 96 3035 0 0 1 2
124 512 69 547 98 3055 0 0 1 2
124 526 69 563 103 3075 0 0 1 2
124 543 69 580 105 3095 0 0 1 2
124 560 69 594 110 3115 0 0 1 2
124 574 69 611 112 3135 0 0 1 2
124 591 69 627 114 3155 0 0 1 2
124 605 69 642 114 3175 0 0 1 2
124 622 69 659 114 3195 0 0 1 2
124 637 69 673 114 3215 0 0 1 2
124 653 69 690 114 3235 0 0 1 2
124 668 69 705 114 3255 0 0 1 2
124 684 69 721 114 3275 0 0 1 2
124 701 67 738 110 3295 0 0 1 2
124 717 65 754 105 3315 0 0 1 2
124 736 62 771 103 3335 0 0 1 2
124 752 60 789 98 3355 0 0 1 2
124 769 56 806 94 3375 0 0 1 2
124 787 53 822 92 3395 0 0 1 2
124 804 51 839 87 3415 0 0 1 2
124 820 49 857 85 3435 0 0 1 2
124 839 44 875 85 3455 0 0 1 2
124 855 42 892 87 3475 0 0 1 2
124 870 42 907 87 3495 0 0 1 2
124 885 47 927 89 3515 0 0 1 2
124 899 51 949 92 3535 0 0 1 2
124 916 53 967 94 3555 0 0 1 2
124 934 53 985 94 3575 0 0 1 2
124 951 51 1002 92 3595 0 0 1 2
124 965 49 1017 89 3615 0 0 1 2
124 980 49 1031 89 3635 0 0 1 2
124 997 49 1048 89 3655 0 0 1 2
124 1017 47 1068 87 3675 0 0 1 2
124 1042 44 1094 85 3695 0 0 1 2
124 1057 44 1109 85 3715 0 0 1 2
124 1072 44 1123 85 3735 0 0 1 2
124 1088 47 1140 87 3755 0 0 1 2
124 1107 44 1158 85 3775 0 0 1 2
124 1127 44 1178 85 3795 0 1 1 2
124 1147 44 1198 85 3815 0 1 1 2
124 1175 49 1226 89 3835 0 1 1 2
124 1202 53 1254 94 3855 0 1 1 2
124 1215 53 1266 94 3875 0 1 1 2
124 1226 58 1277 98 3895 0 1 1 2
124 1233 60 1285 101 3915 0 1 1 2
124 1239 62 1288 103 3935 0 1 1 2
124 1263 67 1312 107 3955 0 1 1 2
124 1276 67 1320 107 3975 0 1 1 2
124 1276 67 1320 107 3995 0 1 1 2
124 1276 67 1320 107 4015 0 1 1 2
125 0 339 33 391 2119 0 0 1 2
125 1 325 34 377 2139 0 0 1 2
125 3 314 36 366 2159 0 0 1 2
125 5 301 38 352 2179 0 0 1 2
125 11 289 44 341 2199 0 0 1 2
125 14 276 47 328 2219 0 1 1 2
125 18 260 51 312 2239 0 1 1 2
125 22 247 55 298 2259 0 1 1 2
125 25 231 58 283 2279 0 1 1 2
125 29 218 62 269 2299 0 1 1 2
125 29 204 62 256 2319 0 1 1 2
125 29 193 62 245 2339 0 1 1 2
125 29 179 62 231 2359 0 0 1 2
125 34 170 67 222 2379 0 0 1 2
125 38 159 71 211 2399 0 0 1 2
125 44 150 77 202 2419 0 0 1 2
125 49 139 82 191 2439 0 0 1 2
125 58 125 91 177 2459 0 0 1 2
125 67 112 100 164 2479 0 0 1 2
125 80 96 113 148 2499 0 0 1 2
125 97 92 132 141 2519 0 0 1 2
125 112 87 148 134 2539 0 0 1 2
125 128 85 167 128 2559 0 0 1 2
125 145 80 183 123 2579 0 0 1 2
125 159 76 201 116 2599 0 0 1 2
125 176 76 218 114 2619 0 0 1 2
125 190 76 233 114 2639 0 0 1 2
125 205 76 247 114 2659 0 0 1 2
125 220 76 262 114 2679 0 0 1 2
125 235 76 277 114 2699 0 0 1 2
125 249 76 291 114 2719 0 0 1 2
125 264 76 306 114 2739 0 0 1 2
125 279 76 321 114 2759 0 0 1 2
125 293 76 336 114 2779 0 0 1 2
125 308 76 350 114 2799 0 0 1 2
125 323 76 365 114 2819 0 0 1 2
125 337 76 380 114 2839 0 0 1 2
125 354 76 394 114 2859 0 0 1 2
125 369 76 409 114 2879 0 0 1 2
125 383 76 424 114 2899 0 0 1 2
125 398 76 438 114 2919 0 0 1 2
125 413 76 453 114 2939 0 0 1 2
125 427 76 468 114 2959 0 0 1 2
125 442 76 482 114 2979 0 0 1 2
125 457 76 497 114 2999 0 0 1 2
125 475 76 514 112 3019 0 0 1 2
125 492 76 532 112 3039 0 0 1 2
125 510 76 548 112 3059 0 0 1 2
125 526 76 565 112 3079 0 0 1 2
125 545 76 583 112 3099 0 0 1 2
125 561 76 600 112 3119 0 0 1 2
125 580 76 618 112 3139 0 0 1 2
125 596 76 635 112 3159 0 0 1 2
125 615 76 651 112 3179 0 0 1 2
125 631 76 670 112 3199 0 0 1 2
125 649 76 686 112 3219 0 0 1 2
125 666 76 703 112 3239 0 0 1 2
125 684 78 721 110 3259 0 0 1 2
125 701 78 738 110 3279 0 0 1 2
125 719 78 754 110 3299 0 0 1 2
125 736 78 773 110 3319 0 0 1 2
125 754 78 789 110 3339 0 0 1 2
125 771 78 807 110 3359 0 0 1 2
125 789 78 824 110 3379 0 0 1 2
125 806 78 840 110 3399 0 0 1 2
125 824 78 859 110 3419 0 0 1 2
125 840 78 875 110 3439 0 0 1 2
125 859 78 892 110 3459 0 0 1 2
125 877 78 910 110 3479 0 0 1 2
125 894 78 927 110 3499 0 0 1 2
125 905 80 941 110 3519 0 0 1 2
125 916 80 954 112 3539 0 0 1 2
125 925 80 969 112 3559 0 0 1 2
125 943 80 987 112 3579 0 0 1 2
125 962 78 1006 110 3599 0 0 1 2
125 980 76 1024 107 3619 0 0 1 2
125 1002 71 1046 103 3639 0 0 1 2
125 1024 71 1068 103 3659 0 0 1 2
125 1044 74 1088 105 3679 0 0 1 2
125 1064 74 1109 105 3699 0 0 1 2
125 1085 71 1129 103 3719 0 0 1 2
125 1103 67 1147 98 3739 0 0 1 2
125 1114 67 1158 98 3759 0 0 1 2
125 1120 69 1164 101 3779 0 0 1 2
125 1138 71 1182 103 3799 0 1 1 2
125 1167 74 1211 105 3819 0 1 1 2
125 1197 76 1241 107 3839 0 1 1 2
125 1202 74 1246 105 3859 0 1 1 2
125 1209 71 1254 103 3879 0 1 0 2
125 1217 74 1261 105 3899 0 1 1 2
125 1226 76 1270 107 3919 0 1 1 2
125 1235 80 1279 112 3939 0 1 1 2
125 1250 87 1294 119 3959 0 1 1 2
125 1266 94 1310 125 3979 0 1 1 2
125 1270 94 1314 125 3999 0 1 1 2
125 1274 94 1318 125 4019 0 1 1 2
126 414 0 471 42 3007 0 0 1 2
126 497 4 554 47 3027 0 0 1 2
126 582 8 638 51 3047 0 0 1 2
126 673 11 730 51 3067 0 0 1 2
126 765 11 822 51 3087 0 0 1 2
126 868 15 923 53 3107 0 0 1 2
126 963 15 1019 53 3127 0 0 1 2
126 1074 20 1127 58 3147 0 0 1 2
126 1145 24 1198 62 3167 0 1 1 2
126 1145 24 1198 62 3187 0 1 1 2
126 1145 24 1198 62 3207 0 1 1 2
126 1145 24 1198 62 3227 0 1 1 2
126 1145 24 1198 62 3247 0 1 1 2
126 1145 24 1198 62 3267 0 1 1 2
126 1145 24 1198 62 3287 0 1 1 2
126 1145 24 1198 62 3307 0 1 1 2
126 1145 24 1198 62 3327 0 1 1 2
126 1145 24 1198 62 3347 0 1 1 2
126 1145 24 1198 62 3367 0 1 1 2
126 1145 24 1198 62 3387 0 1 1 2
126 1145 24 1198 62 3407 0 1 1 2
126 1145 24 1198 62 3427 0 1 1 2
126 1145 24 1198 62 3447 0 1 1 2
126 1145 24 1198 62 3467 0 1 1 2
126 1145 24 1198 62 3487 0 1 1 2
126 1142 11 1195 49 3507 0 1 1 2
126 1142 0 1197 33 3527 0 0 1 2
127 22 164 64 193 2546 0 0 1 2
127 38 150 80 182 2566 0 0 1 2
127 55 137 97 168 2586 0 0 1 2
127 73 123 113 155 2606 0 0 1 2
127 89 112 130 143 2626 0 0 1 2
127 108 107 148 139 2646 0 0 1 2
127 126 101 167 132 2666 0 0 1 2
127 143 96 183 128 2686 0 0 1 2
127 161 92 201 123 2706 0 0 1 2
127 179 87 220 119 2726 0 0 1 2
127 198 83 238 114 2746 0 0 1 2
127 214 76 255 107 2766 0 0 1 2
127 229 76 273 107 2786 0 0 1 2
127 246 76 290 107 2806 0 0 1 2
127 260 74 306 105 2826 0 0 1 2
127 275 74 323 105 2846 0 0 1 2
127 290 74 339 103 2866 0 0 1 2
127 304 71 356 103 2886 0 0 1 2
127 319 71 372 101 2906 0 0 1 2
127 334 71 391 101 2926 0 0 1 2
127 350 69 407 101 2946 0 0 1 2
127 365 69 424 98 2966 0 0 1 2
127 380 69 440 98 2986 0 0 1 2
127 398 67 459 96 3006 0 0 1 2
127 422 62 481 94 3026 0 0 1 2
127 446 58 503 89 3046 0 0 1 2
127 471 53 523 85 3066 0 0 1 2
127 495 49 545 83 3086 0 0 1 2
127 521 44 567 78 3106 0 0 1 2
127 545 40 589 76 3126 0 0 1 2
127 571 38 611 74 3146 0 0 1 2
127 594 40 635 76 3166 0 0 1 2
127 620 42 661 78 3186 0 0 1 2
127 646 44 686 80 3206 0 0 1 2
127 672 47 712 83 3226 0 0 1 2
127 697 49 738 85 3246 0 0 1 2
127 723 51 763 87 3266 0 0 1 2
127 747 53 787 89 3286 0 0 1 2
127 769 53 809 89 3306 0 0 1 2
127 791 56 831 92 3326 0 0 1 2
127 813 56 853 92 3346 0 0 1 2
127 835 58 875 94 3366 0 0 1 2
127 857 58 897 94 3386 0 0 1 2
127 879 60 919 96 3406 0 0 1 2
127 901 60 941 96 3426 0 0 1 2
127 923 62 963 98 3446 0 0 1 2
127 945 62 985 98 3466 0 0 1 2
127 967 65 1006 101 3486 0 0 1 2
127 987 65 1030 101 3506 0 0 1 2
127 1002 62 1055 98 3526 0 0 1 2
127 1017 58 1081 96 3546 0 0 1 2
127 1033 58 1105 96 3566 0 0 1 2
127 1055 58 1127 96 3586 0 0 1 2
127 1075 58 1147 96 3606 0 0 1 2
127 1086 58 1158 96 3626 0 0 1 2
127 1114 58 1186 96 3646 0 1 1 2
127 1138 58 1209 96 3666 0 1 1 2
127 1160 65 1232 103 3686 0 1 1 2
127 1184 78 1255 116 3706 0 1 1 2
127 1200 83 1272 121 3726 0 1 1 2
127 1213 83 1285 121 3746 0 1 1 2
127 1230 92 1301 130 3766 0 1 1 2
127 1250 96 1318 134 3786 0 1 1 2
128 167 665 211 708 3771 0 0 1 2
128 154 663 198 705 3791 0 0 1 2
128 143 660 187 703 3811 0 0 0 2
128 123 663 167 705 3831 0 0 1 2
128 104 667 148 710 3851 0 0 1 2
128 89 672 134 714 3871 0 0 1 2
128 77 678 121 721 3891 0 0 1 2
128 58 678 102 721 3911 0 0 1 2
128 42 681 86 723 3931 0 0 1 2
128 27 687 71 730 3951 0 0 1 2
128 12 692 56 735 3971 0 0 1 2
128 3 687 47 730 3991 0 0 1 2
129 1213 17 1266 65 3914 0 1 1 1
129 1129 4 1182 49 3934 0 1 1 1
130 1 105 44 168 3957 0 0 1 6
130 62 74 104 137 3977 0 0 1 6
130 121 53 163 116 3997 0 0 1 6
130 187 38 229 101 4017 0 0 1 6
131 956 13 1048 60 5 0 0 1 1
131 1004 4 1096 51 25 0 0 1 1
132 976 0 1068 22 5 0 0 1 1
133 82 0 141 40 135 0 0 1 1
133 27 13 84 58 155 0 0 1 1
133 0 35 31 80 175 0 0 1 1
134 47 0 89 38 197 0 0 1 1
134 0 24 31 62 217 0 0 1 1
135 1182 13 1246 74 467 0 1 1 1
135 1101 0 1169 35 487 0 1 0 1
135 973 0 1041 20 507 0 1 1 1
135 873 0 941 17 527 0 1 1 1
136 1142 2 1197 40 326 0 1 1 2
136 1151 20 1206 58 346 0 1 1 2
136 1162 35 1217 74 366 0 1 1 2
136 1178 58 1233 96 386 0 1 1 2
136 1197 80 1252 119 406 0 1 1 2
137 1044 0 1121 26 403 0 1 1 1
137 894 0 971 24 423 0 1 1 1
137 761 0 839 24 443 0 1 0 1
137 662 0 739 22 463 0 1 0 1
138 49 89 80 134 516 0 0 1 1
138 112 51 152 98 536 0 0 0 1
138 178 38 218 85 556 0 0 1 1
138 251 26 291 74 576 0 0 1 1
138 332 20 372 67 596 0 0 1 1
138 402 15 444 62 616 0 0 1 1
138 473 13 515 60 636 0 0 1 1
138 550 11 593 58 656 0 0 1 1
138 626 8 668 56 676 0 0 1 1
138 703 4 745 51 696 0 0 1 1
138 776 4 818 51 716 0 0 1 1
138 853 4 896 51 736 0 0 1 1
138 932 4 974 51 756 0 0 1 1
138 1002 0 1044 47 776 0 0 1 1
138 1061 0 1103 42 796 0 0 1 1
139 67 67 115 123 565 0 0 1 1
139 139 47 187 103 585 0 0 0 1
139 211 35 258 92 605 0 0 1 1
139 282 26 330 83 625 0 0 1 1
139 356 20 403 76 645 0 0 1 1
139 429 15 477 71 665 0 0 1 1
139 503 13 550 69 685 0 0 1 1
139 587 11 637 67 705 0 0 1 1
139 666 11 716 67 725 0 0 1 1
139 741 11 791 67 745 0 0 1 1
139 817 11 866 67 765 0 0 1 1
139 897 4 947 58 785 0 0 1 1
139 976 0 1026 53 805 0 0 1 1
139 1039 4 1088 58 825 0 0 1 1
139 1096 11 1145 65 845 0 1 1 1
139 1191 35 1241 89 865 0 1 1 1
139 1257 80 1307 134 885 0 1 1 1
139 1277 112 1316 166 905 0 1 1 1
140 67 67 113 119 641 0 0 1 1
140 154 33 200 85 661 0 0 1 1
140 244 11 290 62 681 0 0 1 1
140 330 6 376 58 701 0 0 1 1
140 420 2 468 47 721 0 0 1 1
140 508 0 556 40 741 0 0 1 1
140 594 0 642 40 761 0 0 1 1
140 681 0 728 38 781 0 0 1 1
140 773 0 820 38 801 0 0 1 1
140 866 0 914 35 821 0 0 1 1
140 954 0 1002 33 841 0 0 1 1
140 1033 0 1081 31 861 0 0 1 1
141 42 51 99 105 392 0 0 1 1
141 130 33 196 85 412 0 0 1 1
141 227 22 293 74 432 0 0 1 1
141 336 22 402 74 452 0 0 1 1
141 438 17 504 69 472 0 0 1 1
141 537 11 604 62 492 0 0 1 1
141 649 8 714 58 512 0 0 1 1
141 763 8 824 53 532 0 0 1 1
141 877 11 934 56 552 0 0 1 1
141 984 15 1041 60 572 0 0 1 1
141 1059 15 1116 60 592 0 0 1 1
141 1118 24 1175 69 612 0 1 1 1
141 1176 38 1233 83 632 0 1 1 1
142 126 0 174 40 566 0 0 1 1
142 36 22 80 62 586 0 0 1 1
143 123 8 156 33 290 0 0 1 2
143 115 26 148 51 310 0 0 1 2
143 108 44 141 69 330 0 0 1 2
143 100 62 134 87 350 0 0 0 2
143 89 87 123 112 370 0 0 1 2
143 80 114 113 139 390 0 0 0 2
143 73 134 106 159 410 0 0 1 2
143 66 157 99 182 430 0 0 1 2
143 58 182 91 206 450 0 0 1 2
143 55 204 88 229 470 0 0 1 2
143 53 229 86 254 490 0 0 1 2
143 49 251 84 278 510 0 0 1 2
143 44 274 80 305 530 0 0 1 2
143 38 294 77 332 550 0 0 1 2
143 33 316 75 359 570 0 0 1 2
143 29 337 73 384 590 0 1 1 2
143 25 361 69 409 610 0 0 1 2
143 22 388 66 436 630 0 0 1 2
143 18 411 62 458 650 0 0 1 2
143 14 431 58 478 670 0 0 1 2
143 11 451 55 499 690 0 0 1 2
143 3 485 47 532 710 0 1 0 2
143 1 505 44 552 730 0 1 1 2
143 1 528 42 575 750 0 1 1 2
143 0 548 38 597 770 0 1 1 2
143 0 570 36 620 790 0 1 1 2
144 1171 899 1239 959 395 0 0 1 2
144 1197 890 1265 950 415 0 0 1 2
144 1211 867 1279 928 435 0 0 1 2
144 1230 856 1298 917 455 0 0 1 2
144 1250 840 1314 901 475 0 0 1 2
144 1270 824 1320 885 495 0 0 1 2
144 1268 811 1320 865 515 0 0 1 2
144 1268 800 1320 847 535 0 0 1 2
145 1041 1013 1086 1061 666 0 1 1 2
145 1061 1000 1107 1047 686 0 1 1 2
145 1079 984 1125 1031 706 0 1 1 2
145 1099 968 1145 1016 726 0 1 1 2
145 1120 955 1165 1002 746 0 1 1 2
145 1140 939 1186 986 766 0 1 1 2
145 1160 926 1206 973 786 0 1 1 2
145 1178 910 1224 957 806 0 1 1 2
145 1195 896 1241 944 826 0 0 1 2
145 1211 878 1257 926 846 0 0 1 2
145 1228 860 1274 908 866 0 0 1 2
145 1246 847 1292 894 886 0 0 1 2
145 1268 838 1314 885 906 0 0 1 2
145 1281 829 1320 876 926 0 0 0 2
145 1283 804 1320 851 946 0 0 1 2
146 82 0 134 44 865 0 0 1 1
146 22 6 73 51 885 0 0 1 1
147 38 78 82 121 1015 0 0 1 1
148 190 0 229 47 889 0 0 1 2
148 178 13 216 60 909 0 0 1 2
148 165 26 203 74 929 0 0 1 2
148 146 44 185 92 949 0 0 1 2
148 126 65 165 112 969 0 0 1 2
148 112 87 150 134 989 0 0 1 2
148 97 105 139 157 1009 0 0 1 2
148 73 134 123 191 1029 0 0 1 2
148 60 161 112 220 1049 0 0 1 2
148 51 191 102 249 1069 0 0 1 2
148 44 218 95 276 1089 0 0 1 2
148 40 240 89 298 1109 0 0 1 2
148 34 263 84 321 1129 0 0 1 2
148 31 285 77 343 1149 0 0 1 2
148 25 307 71 366 1169 0 0 1 2
148 22 330 66 388 1189 0 0 1 2
148 16 352 60 411 1209 0 0 1 2
148 12 375 55 433 1229 0 0 1 2
148 7 397 49 456 1249 0 0 1 2
148 3 420 42 478 1269 0 0 1 2
149 1 96 16 121 1002 0 0 1 2
149 51 74 80 114 1022 0 0 1 2
149 110 40 156 76 1042 0 0 1 2
149 168 24 225 71 1062 0 0 1 2
149 224 20 280 67 1082 0 0 1 2
149 293 20 350 67 1102 0 0 1 2
149 363 20 420 67 1122 0 0 1 2
149 433 20 490 67 1142 0 0 1 2
149 503 17 560 65 1162 0 0 1 2
149 572 17 629 65 1182 0 0 1 2
149 640 17 697 65 1202 0 0 1 2
149 710 15 767 62 1222 0 0 1 2
149 780 15 837 62 1242 0 0 1 2
149 850 15 907 62 1262 0 0 1 2
149 919 15 976 62 1282 0 0 1 2
149 991 22 1048 69 1302 0 0 1 2
149 1063 35 1120 83 1322 0 0 0 2
149 1112 31 1169 78 1342 0 0 1 2
149 1176 44 1233 92 1362 0 0 1 2
149 1235 87 1290 134 1382 0 0 1 2
149 1265 112 1316 159 1402 0 0 1 2
149 1276 116 1320 164 1422 0 0 1 2
149 1277 119 1320 166 1442 0 1 1 2
149 1277 119 1320 166 1462 0 1 1 2
149 1277 119 1320 166 1482 0 1 1 2
149 1277 119 1320 166 1502 0 1 1 2
149 1277 119 1320 166 1522 0 1 1 2
150 31 35 78 132 1057 0 0 1 2
150 110 22 157 119 1077 0 0 1 2
150 176 20 224 116 1097 0 0 1 2
150 240 17 288 114 1117 0 0 1 2
150 304 17 352 114 1137 0 0 1 2
150 369 15 416 112 1157 0 0 1 2
150 433 13 481 110 1177 0 0 1 2
150 497 13 545 110 1197 0 0 1 2
150 561 11 609 107 1217 0 0 1 2
150 626 8 673 105 1237 0 0 1 2
150 690 8 738 105 1257 0 0 1 2
150 754 6 802 103 1277 0 0 1 2
150 818 4 866 98 1297 0 0 1 2
150 885 0 932 92 1317 0 0 1 2
150 952 0 1000 80 1337 0 0 1 2
153 1103 0 1149 29 4141 0 0 1 1
153 991 0 1037 33 4161 0 0 1 1
153 879 0 923 38 4181 0 0 1 1
153 793 0 837 38 4201 0 0 1 1
153 710 0 754 35 4221 0 0 1 1
153 629 0 673 35 4241 0 0 1 1
153 547 0 591 33 4261 0 0 1 1
153 464 0 508 33 4281 0 0 1 1
153 394 0 438 31 4301 0 0 1 1
153 328 0 372 31 4321 0 0 1 1
153 260 0 304 31 4341 0 0 1 1
153 194 0 238 31 4361 0 0 1 1
153 126 0 170 31 4381 0 0 1 1
153 62 8 100 40 4401 0 0 1 1
153 1 38 27 69 4421 0 0 1 1
159 66 65 95 110 4422 0 0 1 1
159 137 40 167 85 4442 0 0 1 1
159 209 15 238 60 4462 0 0 1 1
159 286 0 315 44 4482 0 0 1 1
159 367 0 396 38 4502 0 0 1 1
159 440 0 477 35 4522 0 0 1 1
159 515 0 558 31 4542 0 0 1 1
159 598 0 640 26 4562 0 0 1 1
159 683 0 725 22 4582 0 0 1 1
159 767 0 809 20 4602 0 0 1 1
159 855 0 897 20 4622 0 0 1 1
159 938 0 980 15 4642 0 0 1 1
160 14 454 62 505 4428 0 0 1 1
160 20 440 67 492 4448 0 0 1 1
160 27 427 75 478 4468 0 0 1 1
160 33 413 80 465 4488 0 0 1 1
160 40 400 86 449 4508 0 0 1 1
160 44 384 88 433 4528 0 0 1 1
160 49 368 89 415 4548 0 0 1 1
160 55 352 91 400 4568 0 0 1 1
160 58 337 91 382 4588 0 0 1 1
160 62 325 95 370 4608 0 0 1 1
160 66 314 99 359 4628 0 0 1 1
160 67 303 100 348 4648 0 0 1 1
160 82 296 115 341 4668 0 0 1 1
160 97 287 130 332 4688 0 0 1 1
160 108 280 141 325 4708 0 0 1 1
160 117 271 150 316 4728 0 0 1 1
160 123 265 156 310 4748 0 0 1 1
160 126 260 159 305 4768 0 0 1 1
160 130 256 163 301 4788 0 0 1 1
160 130 256 163 301 4808 0 0 1 1
160 130 254 163 298 4828 0 0 1 1
160 130 254 163 298 4848 0 0 1 1
160 130 251 163 296 4868 0 0 1 1
160 130 249 163 294 4888 0 0 1 1
160 130 249 163 294 4908 0 0 1 1
160 130 249 163 294 4928 0 0 1 1
160 130 249 163 294 4948 0 0 1 1
160 130 249 163 294 4968 0 0 1 1
160 130 249 163 294 4988 0 0 1 1
160 130 249 163 294 5008 0 0 1 1
160 130 249 163 294 5028 0 0 1 1
161 36 101 75 141 4556 0 0 1 1
161 82 69 121 110 4576 0 0 1 1
161 137 51 176 92 4596 0 0 1 1
161 194 38 233 78 4616 0 0 1 1
161 253 29 291 69 4636 0 0 1 1
161 310 24 348 65 4656 0 0 1 1
161 365 17 403 58 4676 0 0 1 1
161 420 17 459 58 4696 0 0 1 1
161 475 20 514 60 4716 0 0 1 1
161 528 22 567 62 4736 0 0 1 1
161 580 24 618 65 4756 0 0 1 1
161 631 26 670 67 4776 0 0 1 1
161 683 26 721 67 4796 0 0 1 1
161 728 26 767 67 4816 0 0 1 1
161 773 26 811 67 4836 0 0 1 1
161 818 26 857 67 4856 0 0 1 1
161 862 29 901 69 4876 0 0 1 1
161 907 29 945 69 4896 0 0 1 1
161 951 29 989 69 4916 0 0 1 1
161 995 22 1033 62 4936 0 0 1 1
161 1039 15 1077 56 4956 0 0 1 1
161 1066 6 1105 47 4976 0 0 1 1
161 1096 0 1134 31 4996 0 0 1 1
162 42 94 75 128 4736 0 0 1 1
162 86 71 119 105 4756 0 0 1 1
162 135 58 168 92 4776 0 0 1 1
162 187 42 220 76 4796 0 0 1 1
162 238 38 271 71 4816 0 0 1 1
162 291 35 324 69 4836 0 0 1 1
162 343 35 376 69 4856 0 0 1 1
162 394 35 427 69 4876 0 0 1 1
162 446 35 479 69 4896 0 0 1 1
162 497 35 530 69 4916 0 0 1 1
162 552 33 585 67 4936 0 0 1 1
162 611 29 644 62 4956 0 0 1 1
162 668 26 701 60 4976 0 0 1 1
162 725 24 758 58 4996 0 0 1 1
162 787 17 820 51 5016 0 0 1 1
163 16 125 60 161 4745 0 0 1 1
163 53 101 97 137 4765 0 0 1 1
163 89 76 134 112 4785 0 0 1 1
163 126 51 170 87 4805 0 0 1 1
163 170 38 214 74 4825 0 0 1 1
163 224 38 268 74 4845 0 0 1 1
163 277 38 321 74 4865 0 0 1 1
163 330 38 374 74 4885 0 0 1 1
163 381 35 425 71 4905 0 0 1 1
163 435 33 479 69 4925 0 0 1 1
163 488 31 532 67 4945 0 0 1 1
163 541 29 585 65 4965 0 0 1 1
163 593 31 637 65 4985 0 0 1 1
163 648 29 692 65 5005 0 0 1 1
163 706 22 750 58 5025 0 0 1 1
164 1164 0 1257 74 4824 0 0 1 4
165 132 0 172 29 4894 0 0 1 2
165 56 13 97 42 4914 0 0 1 2
166 89 4 126 33 4994 0 0 1 2
166 78 15 115 47 5014 0 0 1 2
167 317 0 372 62 12924 0 0 1 2
167 394 4 449 67 12944 0 0 1 2
167 477 6 532 69 12964 0 0 1 2
167 565 6 620 69 12984 0 0 1 2
167 651 8 706 69 13004 0 0 1 2
167 736 15 798 65 13024 0 0 1 2
167 820 22 890 58 13044 0 0 1 2
167 905 24 976 58 13064 0 0 1 2
167 989 24 1061 58 13084 0 0 1 2
167 1072 24 1143 58 13104 0 0 1 2
167 1121 31 1193 65 13124 0 1 1 2
167 1164 49 1235 83 13144 0 1 1 2
167 1209 69 1281 103 13164 0 1 1 2
167 1266 83 1318 116 13184 0 1 1 2
168 1248 51 1305 125 9574 0 0 1 2
168 1235 51 1292 125 9594 0 0 1 2
168 1221 51 1277 125 9614 0 0 1 2
168 1206 53 1263 128 9634 0 0 1 2
168 1193 53 1250 128 9654 0 0 1 2
168 1178 53 1235 128 9674 0 0 1 2
168 1162 51 1219 125 9694 0 0 1 2
168 1145 49 1202 123 9714 0 0 1 2
168 1129 47 1186 121 9734 0 0 1 2
168 1112 42 1169 119 9754 0 0 1 2
168 1103 42 1160 119 9774 0 0 1 2
168 1092 42 1149 119 9794 0 0 1 2
168 1077 42 1134 119 9814 0 0 1 2
168 1059 44 1116 121 9834 0 0 1 2
168 1041 47 1097 123 9854 0 0 1 2
168 1026 47 1083 123 9874 0 0 1 2
168 1011 47 1068 123 9894 0 0 1 2
168 993 47 1050 123 9914 0 0 1 2
168 974 47 1031 123 9934 0 0 1 2
168 960 47 1017 123 9954 0 0 1 2
168 949 47 1006 123 9974 0 0 1 2
168 938 47 995 123 9994 0 0 1 2
168 923 51 984 121 10014 0 0 1 2
168 905 60 973 119 10034 0 0 1 2
168 881 65 952 119 10054 0 0 1 2
168 875 65 947 119 10074 0 0 1 2
168 868 67 938 121 10094 0 0 1 2
168 859 67 925 121 10114 0 0 1 2
168 850 67 914 121 10134 0 0 1 2
168 848 67 912 121 10154 0 0 1 2
168 850 67 914 121 10174 0 0 1 2
168 851 67 916 121 10194 0 0 1 2
168 851 67 916 121 10214 0 0 1 2
168 850 67 914 121 10234 0 0 1 2
168 848 67 912 121 10254 0 0 1 2
168 844 67 908 121 10274 0 0 1 2
168 842 67 907 121 10294 0 0 1 2
168 839 65 903 119 10314 0 0 1 2
168 826 65 890 119 10334 0 0 1 2
168 813 65 877 119 10354 0 0 1 2
168 798 65 862 119 10374 0 0 1 2
168 785 67 850 121 10394 0 0 1 2
168 771 69 835 123 10414 0 0 1 2
168 752 71 817 125 10434 0 0 1 2
168 734 74 798 128 10454 0 0 1 2
168 723 74 787 128 10474 0 0 1 2
168 710 74 774 128 10494 0 0 1 2
168 717 89 739 116 10514 0 0 1 2
168 699 89 719 116 10534 0 0 1 2
168 681 89 701 116 10554 0 0 1 2
168 666 89 686 116 10574 0 0 1 2
168 649 89 670 116 10594 0 0 1 2
168 633 89 653 116 10614 0 0 1 2
168 618 89 638 116 10634 0 0 1 2
168 602 92 622 119 10654 0 0 1 2
168 585 92 605 119 10674 0 0 1 2
168 571 92 591 119 10694 0 0 1 2
168 574 85 594 112 10714 0 0 1 2
168 561 85 582 112 10734 0 0 1 2
168 548 85 569 112 10754 0 0 1 2
168 536 85 556 112 10774 0 0 1 2
168 523 85 543 112 10794 0 0 1 2
168 510 85 530 112 10814 0 0 1 2
168 495 85 515 112 10834 0 0 1 2
168 481 85 501 112 10854 0 0 1 2
168 466 85 486 112 10874 0 0 1 2
168 451 87 471 114 10894 0 0 1 2
168 436 87 457 114 10914 0 0 1 2
168 422 87 442 114 10934 0 0 1 2
168 405 89 425 116 10954 0 0 1 2
168 389 89 409 116 10974 0 0 1 2
168 372 89 392 116 10994 0 0 1 2
168 356 87 380 116 11014 0 0 1 2
168 341 83 365 116 11034 0 0 1 2
168 324 80 352 116 11054 0 0 1 2
168 308 78 339 116 11074 0 0 1 2
168 293 74 326 114 11094 0 0 1 2
168 279 71 312 112 11114 0 0 1 2
168 266 67 299 107 11134 0 0 1 2
168 251 69 284 110 11154 0 0 1 2
168 235 74 268 114 11174 0 0 1 2
168 224 76 257 116 11194 0 0 1 2
168 214 78 247 119 11214 0 0 1 2
168 203 80 236 121 11234 0 0 1 2
168 187 83 220 123 11254 0 0 1 2
168 174 87 207 128 11274 0 0 1 2
168 167 89 200 130 11294 0 0 1 2
168 154 94 187 134 11314 0 0 1 2
168 139 98 172 139 11334 0 0 1 2
168 124 105 157 146 11354 0 0 1 2
168 115 112 148 152 11374 0 0 1 2
168 110 119 143 159 11394 0 0 1 2
168 100 128 134 168 11414 0 0 1 2
168 89 137 123 177 11434 0 0 1 2
168 78 146 112 186 11454 0 0 1 2
168 67 157 100 197 11474 0 0 1 2
168 56 166 89 206 11494 0 0 1 2
168 47 175 80 215 11514 0 0 1 2
168 38 184 71 227 11534 0 0 1 2
168 27 193 64 236 11554 0 0 1 2
168 18 202 55 245 11574 0 0 1 2
168 9 211 44 254 11594 0 0 1 2
168 1 218 31 260 11614 0 0 1 2
169 1048 791 1094 845 13874 0 0 1 2
169 1030 800 1075 854 13894 0 0 1 2
169 1009 807 1055 860 13914 0 0 1 2
169 987 809 1033 863 13934 0 0 1 2
169 965 813 1011 867 13954 0 0 1 2
169 945 818 991 872 13974 0 0 1 2
169 927 822 971 876 13994 0 0 1 2
169 910 831 952 887 14014 0 0 1 2
169 896 840 936 901 14034 0 0 1 2
169 877 847 918 908 14054 0 0 1 2
169 861 849 901 908 14074 0 0 1 2
169 844 851 885 910 14094 0 0 1 2
169 829 858 870 914 14114 0 0 1 2
169 826 860 866 917 14134 0 0 1 2
170 293 0 334 22 11800 0 0 1 6
170 200 0 240 24 11820 0 0 1 6
170 112 13 152 38 11840 0 0 1 6
170 29 31 69 56 11860 0 0 1 6
171 3 332 33 377 4944 0 0 1 1
171 18 278 49 323 4964 0 1 1 1
171 33 224 64 267 4984 0 1 1 1
171 47 168 80 215 5004 0 0 1 1
171 71 119 112 179 5024 0 0 1 1
171 106 74 152 143 5044 0 0 1 1
171 167 51 212 121 5064 0 0 1 1
171 229 42 275 112 5084 0 0 1 1
171 282 31 328 101 5104 0 0 1 1
171 334 22 380 92 5124 0 0 1 1
171 387 13 433 83 5144 0 0 1 1
171 440 2 486 71 5164 0 0 1 1
171 503 2 548 69 5184 0 0 1 1
171 565 0 611 67 5204 0 0 1 1
171 627 0 673 65 5224 0 0 1 1
171 694 0 739 65 5244 0 0 1 1
171 765 0 811 65 5264 0 0 1 1
171 839 0 885 65 5284 0 0 1 1
171 908 0 954 65 5304 0 0 1 1
171 980 0 1026 62 5324 0 0 1 1
171 1046 0 1092 62 5344 0 0 1 1
171 1120 0 1165 58 5364 0 0 1 1
171 1182 35 1228 94 5384 0 1 1 1
171 1230 74 1276 132 5404 0 1 1 1
171 1243 96 1288 155 5424 0 1 1 1
172 648 29 684 78 5004 0 0 1 6
172 701 26 738 76 5024 0 0 1 6
172 754 22 791 71 5044 0 0 1 6
172 809 17 846 67 5064 0 0 1 6
172 873 11 910 60 5084 0 0 1 6
172 1037 0 1063 31 5162 0 0 1 6
172 1037 0 1063 31 5182 0 0 1 6
172 1037 0 1063 31 5202 0 0 1 6
172 1037 0 1063 31 5222 0 0 1 6
172 1037 0 1063 31 5242 0 0 1 6
172 1037 0 1063 31 5262 0 0 1 6
172 1037 0 1063 31 5282 0 0 1 6
172 1037 0 1063 31 5302 0 0 1 6
172 1037 0 1063 31 5322 0 0 1 6
172 1037 0 1063 31 5342 0 0 1 6
172 1037 0 1063 31 5362 0 0 1 6
172 1037 0 1063 31 5382 0 0 1 6
172 1037 0 1063 31 5402 0 0 1 6
172 1037 0 1063 31 5422 0 0 1 6
172 1037 0 1063 31 5442 0 0 1 6
172 1037 0 1063 31 5462 0 0 1 6
172 1037 0 1063 31 5482 0 0 1 6
172 1037 0 1063 31 5502 0 0 1 6
172 1037 0 1063 31 5522 0 0 1 6
173 767 11 809 56 5010 0 0 1 6
173 829 11 872 56 5030 0 0 1 6
173 894 8 936 53 5050 0 0 1 6
173 954 11 997 56 5070 0 0 1 6
173 1013 17 1055 62 5090 0 0 1 6
173 1068 26 1110 71 5110 0 0 1 6
173 1118 42 1160 87 5130 0 0 1 6
173 1167 56 1209 101 5150 0 0 1 6
173 1200 101 1243 146 5170 0 1 1 6
173 1230 116 1270 161 5190 0 1 1 6
173 1257 130 1298 175 5210 0 1 1 6
174 3 193 33 220 4724 0 0 1 2
174 23 184 53 211 4744 0 0 1 2
174 45 168 75 195 4764 0 0 1 2
174 66 150 95 177 4784 0 0 1 2
174 88 132 117 159 4804 0 0 1 2
174 106 119 135 146 4824 0 0 1 2
174 126 105 156 132 4844 0 0 1 2
174 146 94 176 121 4864 0 0 1 2
174 170 92 200 119 4884 0 0 1 2
174 192 89 222 116 4904 0 0 1 2
174 216 87 246 114 4924 0 0 1 2
174 242 87 271 114 4944 0 0 1 2
174 266 87 295 114 4964 0 0 1 2
174 290 87 319 114 4984 0 0 1 2
174 310 83 341 110 5004 0 0 1 2
174 328 83 361 110 5024 0 0 1 2
174 347 80 381 110 5044 0 0 1 2
174 365 80 400 110 5064 0 0 1 2
174 383 78 420 110 5084 0 0 1 2
174 402 78 440 110 5104 0 0 1 2
174 420 78 460 110 5124 0 1 1 2
174 438 78 479 110 5144 0 1 1 2
174 457 80 497 112 5164 0 1 1 2
174 475 83 515 114 5184 0 1 1 2
175 7 8 40 49 5026 0 0 1 1
176 56 20 89 87 5048 0 0 1 2
176 42 33 75 101 5068 0 0 1 2
176 31 53 64 121 5088 0 0 1 2
176 22 74 55 141 5108 0 0 1 2
176 12 92 45 159 5128 0 0 1 2
176 5 107 38 175 5148 0 0 1 2
176 3 123 36 191 5168 0 0 1 2
176 0 137 33 204 5188 0 0 1 2
176 0 152 27 220 5208 0 0 1 2
177 809 968 877 1056 5036 0 0 1 2
177 809 957 877 1045 5056 0 0 1 2
177 809 944 877 1031 5076 0 0 1 2
177 807 930 875 1018 5096 0 1 1 2
177 798 912 866 1000 5116 0 1 1 2
177 791 896 859 984 5136 0 1 1 2
177 782 885 850 973 5156 0 1 1 2
178 51 206 86 245 4371 0 0 1 2
178 62 186 97 224 4391 0 0 1 2
178 73 166 108 204 4411 0 0 1 2
178 84 143 119 182 4431 0 0 1 2
178 95 123 130 161 4451 0 0 1 2
178 106 101 141 139 4471 0 0 1 2
178 128 89 163 128 4491 0 0 1 2
178 150 85 185 121 4511 0 0 1 2
178 167 83 205 112 4531 0 0 1 2
178 189 80 227 107 4551 0 0 1 2
178 211 78 249 105 4571 0 0 1 2
178 235 74 273 101 4591 0 0 1 2
178 258 74 297 101 4611 0 0 1 2
178 282 74 321 101 4631 0 0 1 2
178 306 71 345 98 4651 0 0 1 2
178 332 71 370 98 4671 0 0 1 2
178 356 71 394 98 4691 0 0 1 2
178 380 71 418 98 4711 0 0 1 2
178 402 71 440 98 4731 0 0 1 2
178 425 71 464 98 4751 0 0 1 2
178 449 71 488 98 4771 0 0 1 2
178 473 71 512 98 4791 0 0 1 2
178 497 71 536 98 4811 0 0 1 2
178 519 71 558 98 4831 0 0 1 2
178 543 71 582 98 4851 0 0 1 2
178 567 71 605 98 4871 0 0 1 2
178 591 71 629 98 4891 0 0 1 2
178 613 71 651 98 4911 0 0 1 2
178 637 71 675 98 4931 0 0 1 2
178 659 71 697 98 4951 0 0 1 2
178 683 71 721 98 4971 0 0 1 2
178 705 71 743 98 4991 0 0 1 2
178 727 69 767 98 5011 0 0 1 2
178 747 69 793 98 5031 0 0 1 2
178 769 69 817 98 5051 0 0 1 2
178 793 67 842 96 5071 0 0 1 2
178 818 65 868 94 5091 0 0 1 2
178 840 65 890 94 5111 0 0 1 2
178 859 65 908 94 5131 0 0 1 2
178 877 62 927 92 5151 0 0 1 2
178 903 62 952 92 5171 0 0 1 2
178 929 60 978 89 5191 0 0 1 2
178 954 58 1004 87 5211 0 0 1 2
178 978 58 1028 87 5231 0 0 1 2
178 1004 58 1053 87 5251 0 0 1 2
178 1030 58 1079 87 5271 0 0 1 2
178 1052 60 1101 89 5291 0 0 1 2
178 1066 60 1116 89 5311 0 0 1 2
178 1079 60 1129 89 5331 0 0 1 2
178 1090 58 1140 87 5351 0 0 1 2
178 1094 47 1143 76 5371 0 0 1 2
178 1097 38 1147 67 5391 0 0 1 2
179 1254 8 1318 69 5510 0 0 0 1
179 1184 0 1248 60 5530 0 0 0 1
179 1055 0 1118 17 5550 0 1 0 1
179 965 0 1028 17 5570 0 1 1 1
179 877 0 940 17 5590 0 1 1 1
179 789 0 850 20 5610 0 1 1 1
179 701 0 761 20 5630 0 1 1 1
179 613 0 673 20 5650 0 1 1 1
179 523 0 583 22 5670 0 1 1 1
179 435 0 495 22 5690 0 1 1 1
179 347 0 407 22 5710 0 1 1 1
179 258 0 317 24 5730 0 1 1 1
179 170 0 229 24 5750 0 1 1 1
179 82 0 141 26 5770 0 0 0 1
179 7 29 64 67 5790 0 0 0 1
180 0 8 45 51 5871 0 0 0 1
180 0 17 45 60 5891 0 0 1 1
180 0 17 45 60 5911 0 0 1 1
180 0 17 45 60 5931 0 0 1 1
180 0 17 45 60 5951 0 0 1 1
180 0 17 45 60 5971 0 0 1 1
180 0 17 45 60 5991 0 0 1 1
180 0 17 45 60 6011 0 0 1 1
180 0 17 45 60 6031 0 0 0 1
181 44 436 69 492 11002 0 0 1 2
181 40 415 75 469 11022 0 0 1 2
181 36 395 78 447 11042 0 0 1 2
181 36 375 82 424 11062 0 0 1 2
181 40 352 86 402 11082 0 0 1 2
181 42 330 88 379 11102 0 0 1 2
181 42 310 88 359 11122 0 0 1 2
181 42 289 88 339 11142 0 0 1 2
181 45 267 91 316 11162 0 0 1 2
181 47 245 93 294 11182 0 0 1 2
181 51 222 97 271 11202 0 0 1 2
181 53 195 100 245 11222 0 0 1 2
181 56 173 104 222 11242 0 0 1 2
181 62 150 110 200 11262 0 0 1 2
181 67 130 115 179 11282 0 0 1 2
181 73 110 121 159 11302 0 0 1 2
181 88 94 135 143 11322 0 0 1 2
181 110 85 157 134 11342 0 0 1 2
181 137 78 185 128 11362 0 0 1 2
181 167 78 214 128 11382 0 0 1 2
181 190 76 238 125 11402 0 0 1 2
181 211 74 258 123 11422 0 0 1 2
181 233 74 280 123 11442 0 0 1 2
181 253 74 301 123 11462 0 0 1 2
181 271 74 319 123 11482 0 0 1 2
181 290 74 337 123 11502 0 0 1 2
181 312 76 358 123 11522 0 0 1 2
181 334 78 380 123 11542 0 0 1 2
181 356 80 402 125 11562 0 0 1 2
181 380 83 424 125 11582 0 0 1 2
181 400 83 444 125 11602 0 0 1 2
181 422 83 466 125 11622 0 0 1 2
181 444 80 488 123 11642 0 1 1 2
181 464 80 508 123 11662 0 1 1 2
181 486 78 530 121 11682 0 1 1 2
181 508 76 552 119 11702 0 0 1 2
181 530 74 574 116 11722 0 0 1 2
181 554 71 598 114 11742 0 0 1 2
181 576 69 620 112 11762 0 0 1 2
181 600 67 644 110 11782 0 0 1 2
181 622 67 666 110 11802 0 0 1 2
181 642 67 686 110 11822 0 0 1 2
181 664 67 708 110 11842 0 0 1 2
181 686 67 730 110 11862 0 0 1 2
181 708 67 752 110 11882 0 0 1 2
181 728 67 773 110 11902 0 0 1 2
181 750 67 795 110 11922 0 0 1 2
181 773 67 817 110 11942 0 0 1 2
181 795 69 839 112 11962 0 0 1 2
181 818 69 862 112 11982 0 0 1 2
181 842 67 886 110 12002 0 0 1 2
181 866 65 919 105 12022 0 0 1 2
181 883 65 940 105 12042 0 0 1 2
181 899 65 956 105 12062 0 0 1 2
181 921 65 978 105 12082 0 0 1 2
181 943 65 1000 105 12102 0 0 1 2
181 965 65 1022 105 12122 0 0 1 2
181 987 65 1044 105 12142 0 0 1 2
181 1009 62 1066 103 12162 0 0 1 2
181 1039 60 1096 101 12182 0 0 1 2
181 1064 60 1121 101 12202 0 0 1 2
181 1079 60 1136 101 12222 0 0 1 2
181 1097 58 1154 98 12242 0 0 1 2
182 172 674 222 730 3586 0 0 1 2
182 167 683 216 739 3606 0 0 1 2
182 146 678 196 735 3626 0 0 1 2
182 126 672 176 728 3646 0 0 1 2
182 106 667 156 723 3666 0 0 1 2
182 95 669 145 726 3686 0 0 1 2
182 84 674 134 730 3706 0 0 1 2
182 69 676 119 732 3726 0 0 1 2
182 49 676 99 732 3746 0 0 1 2
182 29 676 78 732 3766 0 0 1 2
182 18 676 67 732 3786 0 0 1 2
182 9 674 58 730 3806 0 0 1 2
182 0 683 49 739 3826 0 0 1 2
183 0 618 38 674 5993 0 0 1 1
183 5 570 40 629 6013 0 0 1 1
183 16 523 49 584 6033 0 0 1 1
183 27 478 56 539 6053 0 0 1 1
183 33 442 62 505 6073 0 0 1 1
183 38 411 67 474 6093 0 0 1 1
183 45 384 75 447 6113 0 0 1 1
183 53 355 82 418 6133 0 0 1 1
183 62 323 91 386 6153 0 0 1 1
183 69 294 99 357 6173 0 0 1 1
183 75 292 104 355 6193 0 0 1 1
183 78 289 108 352 6213 0 0 1 1
183 84 285 113 348 6233 0 0 1 1
183 89 283 119 346 6253 0 0 1 1
183 95 278 124 341 6273 0 0 1 1
183 100 276 130 339 6293 0 0 1 1
183 119 271 148 334 6313 0 0 1 1
183 134 276 163 339 6333 0 0 1 1
183 143 280 172 343 6353 0 0 1 1
183 148 287 178 350 6373 0 0 1 1
183 154 294 183 357 6393 0 0 1 1
183 157 296 187 359 6413 0 0 1 1
183 161 301 190 364 6433 0 0 1 1
183 161 301 190 364 6453 0 0 1 1
183 161 301 190 364 6473 0 0 1 1
183 161 301 190 364 6493 0 0 1 1
183 161 301 190 364 6513 0 0 1 1
184 16 2 134 56 5112 0 0 1 4
184 0 89 75 150 5854 0 0 0 4
184 1 67 77 128 5874 0 0 0 4
184 23 53 113 128 5894 0 0 0 4
184 67 35 157 110 5914 0 0 0 4
184 112 17 201 92 5934 0 0 0 4
184 154 11 255 83 5954 0 0 0 4
184 212 6 313 80 5974 0 0 0 4
184 264 2 363 74 5994 0 0 1 4
184 306 2 418 74 6014 0 0 1 4
184 363 0 479 67 6034 0 0 1 4
184 422 0 537 62 6054 0 0 1 4
184 477 0 593 58 6074 0 0 1 4
184 526 0 642 56 6094 0 0 1 4
184 576 0 692 56 6114 0 0 1 4
184 626 0 741 56 6134 0 0 1 4
184 673 0 789 56 6154 0 0 1 4
184 725 2 840 58 6174 0 0 1 4
184 776 8 892 65 6194 0 0 1 4
184 793 11 908 67 6214 0 0 1 4
184 850 4 965 60 6234 0 0 1 4
184 892 2 1008 56 6254 0 0 1 4
184 993 0 1109 51 6274 0 0 1 4
184 1004 0 1120 42 6294 0 0 1 4
186 470 76 517 130 5506 0 0 1 2
186 457 76 504 130 5526 0 0 1 2
186 442 74 490 128 5546 0 0 1 2
186 429 74 477 125 5566 0 0 1 2
186 414 74 462 125 5586 0 0 1 2
186 402 71 449 123 5606 0 0 1 2
186 387 71 435 123 5626 0 0 1 2
186 367 71 414 123 5646 0 0 1 2
186 347 71 394 123 5666 0 0 1 2
186 324 69 372 121 5686 0 0 1 2
186 302 69 350 121 5706 0 0 1 2
186 279 69 326 121 5726 0 0 1 2
186 257 69 304 121 5746 0 0 1 2
186 235 69 282 121 5766 0 0 1 2
186 214 69 262 121 5786 0 0 1 2
186 190 74 238 125 5806 0 0 1 2
186 168 80 216 132 5826 0 0 1 2
186 145 87 192 139 5846 0 0 1 2
186 123 94 170 146 5866 0 0 1 2
186 102 98 150 150 5886 0 0 1 2
186 84 101 132 152 5906 0 0 1 2
186 64 92 112 143 5926 0 0 1 2
186 42 78 89 130 5946 0 0 1 2
186 23 60 71 112 5966 0 0 1 2
186 9 38 56 89 5986 0 0 1 2
187 12 98 49 143 6126 0 0 1 1
187 64 58 100 103 6146 0 0 1 1
187 124 24 161 69 6166 0 0 1 1
187 178 2 220 44 6186 0 0 1 1
187 255 0 301 40 6206 0 0 1 1
187 332 6 378 47 6226 0 0 1 1
187 394 11 440 51 6246 0 0 1 1
187 457 17 503 58 6266 0 0 1 1
187 525 15 571 56 6286 0 0 1 1
187 596 13 642 53 6306 0 0 1 1
187 670 15 716 56 6326 0 0 1 1
187 734 8 780 49 6346 0 0 1 1
187 802 11 848 51 6366 0 0 1 1
187 875 22 921 62 6386 0 0 1 1
187 927 22 973 62 6406 0 0 1 1
187 982 17 1028 58 6426 0 0 1 1
187 1048 20 1094 58 6446 0 0 1 1
187 1109 6 1154 44 6466 0 0 1 1
188 58 65 97 121 6364 0 0 1 1
188 134 44 178 101 6384 0 0 1 1
188 214 26 258 83 6404 0 0 1 1
188 304 22 348 78 6424 0 0 1 1
188 387 11 431 67 6444 0 0 1 1
188 470 11 514 67 6464 0 0 1 1
188 548 13 593 69 6484 0 0 1 1
188 631 17 675 74 6504 0 0 1 1
188 712 22 756 78 6524 0 0 1 1
189 1127 0 1165 22 6142 0 0 1 2
190 600 24 681 65 6502 0 0 1 6
190 683 17 763 58 6522 0 0 1 6
190 763 17 844 58 6542 0 0 1 6
190 846 15 927 56 6562 0 0 1 6
190 934 6 1015 47 6582 0 0 1 6
190 1004 11 1085 51 6602 0 0 1 6
190 1083 24 1164 65 6622 0 1 1 6
190 1171 56 1252 96 6642 0 1 1 6
190 1206 83 1287 123 6662 0 1 1 6
190 1217 116 1298 157 6682 0 1 1 6
190 1224 152 1305 193 6702 0 1 1 6
190 1233 179 1312 220 6722 0 1 1 6
190 1243 191 1320 231 6742 0 1 1 6
190 1255 200 1320 240 6762 0 1 1 6
191 113 29 150 67 6446 0 0 1 2
191 82 80 119 119 6466 0 0 1 2
191 56 139 93 177 6486 0 0 1 2
191 36 184 77 229 6506 0 0 1 2
191 29 242 75 292 6526 0 1 1 2
191 12 301 58 350 6546 0 1 1 2
191 3 359 49 409 6566 0 0 1 2
192 56 85 100 139 6558 0 0 1 1
192 124 58 168 112 6578 0 0 1 1
192 194 33 238 87 6598 0 0 1 1
192 255 29 299 83 6618 0 0 1 1
192 328 24 372 78 6638 0 0 1 1
192 402 24 448 78 6658 0 0 1 1
192 475 24 521 78 6678 0 0 1 1
192 545 22 591 76 6698 0 0 1 1
192 613 20 659 74 6718 0 0 1 1
192 686 17 732 71 6738 0 0 1 1
192 763 17 809 71 6758 0 0 0 1
192 839 20 885 74 6778 0 0 1 1
192 916 22 962 76 6798 0 0 1 1
192 991 24 1037 78 6818 0 0 1 1
192 1063 24 1109 78 6838 0 0 1 1
192 1151 26 1197 80 6858 0 1 1 1
192 1213 44 1259 98 6878 0 1 1 1
192 1266 67 1305 121 6898 0 1 1 1
193 1178 29 1233 87 6527 0 1 1 1
193 1230 105 1285 164 6547 0 1 1 1
193 1246 146 1301 204 6567 0 1 1 1
193 1259 164 1314 222 6587 0 1 1 1
195 163 51 212 89 4013 0 0 1 1
195 231 47 280 85 4033 0 0 1 1
195 299 42 348 80 4053 0 0 1 1
195 367 38 416 76 4073 0 0 1 1
195 435 33 484 71 4093 0 0 1 1
195 503 29 552 67 4113 0 0 1 1
195 571 24 620 62 4133 0 0 1 1
195 638 20 688 56 4153 0 0 1 1
195 706 15 756 51 4173 0 0 1 1
195 774 11 824 47 4193 0 0 1 1
195 842 6 892 42 4213 0 0 1 1
195 912 2 962 38 4233 0 0 1 1
195 967 0 1017 31 4253 0 0 1 1
