0 5 827 52 874 193 0 0 0 2
0 8 827 55 874 194 0 0 1 2
0 11 827 57 874 195 0 0 1 2
0 13 827 60 874 196 0 0 1 2
0 16 829 63 877 197 0 0 1 2
0 19 829 66 877 198 0 0 1 2
0 24 829 71 877 199 0 0 1 2
0 27 829 74 877 200 0 0 1 2
0 30 831 77 879 201 0 0 1 2
0 33 831 79 879 202 0 0 1 2
0 35 831 82 879 203 0 0 1 2
0 41 834 88 881 204 0 0 1 2
0 44 834 90 881 205 0 0 1 2
0 46 834 93 881 206 0 0 1 2
0 49 834 96 881 207 0 0 1 2
0 52 836 99 884 208 0 0 1 2
0 57 836 104 884 209 0 0 1 2
0 60 836 107 884 210 0 0 1 2
0 63 836 110 884 211 0 0 1 2
0 66 838 112 886 212 0 0 1 2
0 68 838 115 886 213 0 0 1 2
0 74 838 121 886 214 0 0 1 2
0 77 840 123 888 215 0 0 1 2
0 79 840 126 888 216 0 0 1 2
0 82 840 129 888 217 0 0 1 2
0 85 840 132 888 218 0 0 1 2
0 90 843 137 890 219 0 0 1 2
0 93 843 140 890 220 0 0 1 2
0 96 843 143 890 221 0 0 1 2
0 99 843 145 890 222 0 0 1 2
0 101 845 148 893 223 0 0 1 2
0 107 845 154 893 224 0 0 1 2
0 110 845 156 893 225 0 0 1 2
0 112 847 159 895 226 0 0 1 2
0 115 847 162 895 227 0 0 1 2
0 118 847 165 895 228 0 0 1 2
0 121 847 168 895 229 0 0 1 2
0 126 850 173 897 230 0 0 1 2
0 129 850 176 897 231 0 0 1 2
0 132 850 179 897 232 0 0 1 2
0 134 850 181 897 233 0 0 1 2
0 137 852 184 899 234 0 0 1 2
0 143 852 190 899 235 0 0 1 2
0 145 852 192 899 236 0 0 1 2
0 148 854 195 902 237 0 0 1 2
0 151 854 198 902 238 0 0 1 2
0 154 854 201 902 239 0 0 1 2
0 159 854 206 902 240 0 0 1 2
0 162 856 209 904 241 0 0 1 2
0 165 856 212 904 242 0 0 1 2
0 168 856 214 904 243 0 0 1 2
0 170 856 217 904 244 0 0 1 2
0 176 859 223 906 245 0 0 1 2
0 179 859 225 906 246 0 0 1 2
0 181 859 228 906 247 0 0 1 2
0 184 861 231 908 248 0 0 1 2
0 187 861 234 908 249 0 0 1 2
0 192 861 239 908 250 0 0 1 2
0 195 861 242 908 251 0 0 1 2
0 198 863 245 911 252 0 0 1 2
0 201 863 247 911 253 0 0 1 2
0 203 863 250 911 254 0 0 1 2
0 209 865 256 913 255 0 0 0 2
0 212 865 258 913 256 0 0 1 2
0 214 865 261 913 257 0 0 1 2
0 220 865 267 913 258 0 0 1 2
0 223 865 269 913 259 0 0 1 2
0 225 865 272 913 260 0 0 1 2
0 231 865 278 913 261 0 0 1 2
0 234 865 280 913 262 0 0 1 2
0 236 865 283 913 263 0 0 1 2
0 242 868 289 915 264 0 0 1 2
0 245 868 291 915 265 0 0 1 2
0 247 868 294 915 266 0 0 1 2
0 253 868 300 915 267 0 0 1 2
0 256 868 302 915 268 0 0 1 2
0 258 868 305 915 269 0 0 1 2
0 264 868 311 915 270 0 0 1 2
0 267 868 313 915 271 0 0 1 2
0 269 870 316 918 272 0 0 1 2
0 275 870 322 918 273 0 0 1 2
0 278 870 324 918 274 0 0 1 2
0 280 870 327 918 275 0 0 1 2
0 286 870 333 918 276 0 0 1 2
0 289 870 336 918 277 0 0 1 2
0 291 870 338 918 278 0 0 1 2
0 297 870 344 918 279 0 0 1 2
0 300 870 347 918 280 0 0 1 2
0 302 872 349 920 281 0 0 1 2
0 308 872 355 920 282 0 0 1 2
0 311 872 358 920 283 0 0 1 2
0 313 872 360 920 284 0 0 1 2
0 319 872 366 920 285 0 0 1 2
0 322 872 369 920 286 0 0 1 2
0 324 872 371 920 287 0 0 1 2
0 330 872 377 920 288 0 0 1 2
0 333 874 380 922 289 0 0 1 2
0 336 874 382 922 290 0 0 1 2
0 341 874 388 922 291 0 0 1 2
0 344 874 391 922 292 0 0 1 2
0 347 874 393 922 293 0 0 1 2
0 352 874 399 922 294 0 0 1 2
0 355 874 402 922 295 0 0 1 2
0 358 874 404 922 296 0 0 1 2
0 363 877 410 924 297 0 0 1 2
0 366 877 413 924 298 0 0 1 2
0 369 877 415 924 299 0 0 1 2
0 374 877 421 924 300 0 0 1 2
0 377 877 424 924 301 0 0 1 2
0 380 877 426 924 302 0 0 1 2
0 385 877 432 924 303 0 0 1 2
0 388 877 435 924 304 0 0 1 2
0 391 877 437 924 305 0 0 1 2
0 396 879 443 927 306 0 0 1 2
0 399 879 446 927 307 0 0 1 2
0 402 879 448 927 308 0 0 1 2
0 407 879 454 927 309 0 0 1 2
0 410 879 457 927 310 0 0 1 2
0 413 879 459 927 311 0 0 1 2
0 418 879 465 927 312 0 0 1 2
0 421 879 468 927 313 0 0 1 2
0 424 881 470 929 314 0 0 1 2
0 429 881 476 929 315 0 0 1 2
0 432 881 479 929 316 0 0 1 2
0 435 881 481 929 317 0 0 1 2
0 440 881 487 929 318 0 0 1 2
0 443 881 490 929 319 0 0 1 2
0 446 881 492 929 320 0 0 1 2
0 451 881 498 929 321 0 0 1 2
0 454 881 501 929 322 0 0 1 2
0 457 884 504 931 323 0 0 1 2
0 462 884 509 931 324 0 0 1 2
0 465 884 512 931 325 0 0 1 2
0 468 884 515 931 326 0 0 1 2
0 473 884 520 931 327 0 0 1 2
0 476 884 523 931 328 0 0 1 2
0 479 884 526 931 329 0 0 1 2
0 484 884 531 931 330 0 0 1 2
0 487 886 534 933 331 0 0 1 2
0 490 886 537 933 332 0 0 1 2
0 495 886 542 933 333 0 0 1 2
0 498 886 545 933 334 0 0 1 2
0 501 886 548 933 335 0 0 1 2
0 506 886 553 933 336 0 0 1 2
0 509 886 556 933 337 0 0 1 2
0 512 886 559 933 338 0 0 1 2
0 517 888 564 936 339 0 0 0 2
0 520 888 567 936 340 0 0 1 2
0 523 888 570 936 341 0 0 1 2
0 528 888 575 936 342 0 0 1 2
0 531 888 578 936 343 0 0 1 2
0 537 888 583 936 344 0 0 1 2
0 539 888 586 936 345 0 0 1 2
0 542 888 589 936 346 0 0 1 2
0 548 888 594 936 347 0 0 1 2
0 550 888 597 936 348 0 0 1 2
0 556 888 603 936 349 0 0 1 2
0 559 888 605 936 350 0 0 1 2
0 564 888 611 936 351 0 0 1 2
0 567 888 614 936 352 0 0 1 2
0 570 888 616 936 353 0 0 1 2
0 575 888 622 936 354 0 0 1 2
0 578 888 625 936 355 0 0 1 2
0 583 888 630 936 356 0 0 1 2
0 586 888 633 936 357 0 0 1 2
0 589 888 636 936 358 0 0 1 2
0 594 888 641 936 359 0 0 1 2
0 597 888 644 936 360 0 0 1 2
0 603 888 649 936 361 0 0 1 2
0 605 888 652 936 362 0 0 1 2
0 611 888 658 936 363 0 0 1 2
0 614 888 661 936 364 0 0 1 2
0 616 888 663 936 365 0 0 1 2
0 622 888 669 936 366 0 0 1 2
0 625 888 672 936 367 0 0 1 2
0 630 888 677 936 368 0 0 1 2
0 633 888 680 936 369 0 0 1 2
0 638 888 685 936 370 0 0 1 2
0 641 888 688 936 371 0 0 1 2
0 644 888 691 936 372 0 0 1 2
0 649 888 696 936 373 0 0 1 2
0 652 890 699 938 374 0 0 1 2
0 658 890 705 938 375 0 0 1 2
0 661 890 707 938 376 0 0 1 2
0 663 890 710 938 377 0 0 1 2
0 669 890 716 938 378 0 0 1 2
0 672 890 718 938 379 0 0 1 2
0 677 890 724 938 380 0 0 1 2
0 680 890 727 938 381 0 0 1 2
0 685 890 732 938 382 0 0 1 2
0 688 890 735 938 383 0 0 1 2
0 691 890 738 938 384 0 0 1 2
0 696 890 743 938 385 0 0 1 2
0 699 890 746 938 386 0 0 1 2
0 705 890 751 938 387 0 0 1 2
0 707 890 754 938 388 0 0 1 2
0 713 890 760 938 389 0 0 1 2
0 716 890 762 938 390 0 0 1 2
0 718 890 765 938 391 0 0 1 2
0 724 890 771 938 392 0 0 1 2
0 727 890 773 938 393 0 0 1 2
0 732 890 779 938 394 0 0 1 2
0 735 890 782 938 395 0 0 1 2
0 738 890 784 938 396 0 0 1 2
0 743 890 790 938 397 0 0 1 2
0 746 890 793 938 398 0 0 1 2
0 751 890 798 938 399 0 0 1 2
0 754 890 801 938 400 0 0 1 2
0 760 890 806 938 401 0 0 1 2
0 762 890 809 938 402 0 0 1 2
0 765 890 812 938 403 0 0 1 2
0 771 890 817 938 404 0 0 1 2
0 773 890 820 938 405 0 0 1 2
0 779 890 826 938 406 0 0 1 2
0 782 890 829 938 407 0 0 1 2
0 787 893 834 940 408 0 0 0 2
0 790 893 837 940 409 0 0 1 2
0 793 893 840 940 410 0 0 1 2
0 798 893 845 940 411 0 0 1 2
0 801 893 848 940 412 0 0 1 2
0 804 893 851 940 413 0 0 1 2
0 809 893 856 940 414 0 0 1 2
0 812 895 859 942 415 0 0 1 2
0 817 895 864 942 416 0 0 1 2
0 820 895 867 942 417 0 0 1 2
0 823 895 870 942 418 0 0 1 2
0 829 895 875 942 419 0 0 1 2
0 831 895 878 942 420 0 0 1 2
0 834 895 881 942 421 0 0 1 2
0 840 897 886 945 422 0 0 1 2
0 842 897 889 945 423 0 0 1 2
0 848 897 895 945 424 0 0 1 2
0 851 897 897 945 425 0 0 1 2
0 853 897 900 945 426 0 0 1 2
0 859 897 906 945 427 0 0 1 2
0 862 897 908 945 428 0 0 1 2
0 864 899 911 947 429 0 0 1 2
0 870 899 917 947 430 0 0 1 2
0 873 899 919 947 431 0 0 1 2
0 878 899 925 947 432 0 0 1 2
0 881 899 928 947 433 0 0 1 2
0 884 899 930 947 434 0 0 1 2
0 889 899 936 947 435 0 0 1 2
0 892 902 939 949 436 0 0 1 2
0 895 902 941 949 437 0 0 1 2
0 900 902 947 949 438 0 0 1 2
0 903 902 950 949 439 0 0 1 2
0 908 902 955 949 440 0 0 1 2
0 911 902 958 949 441 0 0 1 2
0 914 902 961 949 442 0 0 1 2
0 919 904 966 952 443 0 0 1 2
0 922 904 969 952 444 0 0 1 2
0 925 904 972 952 445 0 0 1 2
0 930 904 977 952 446 0 0 1 2
0 933 904 980 952 447 0 0 1 2
0 939 904 985 952 448 0 0 1 2
0 941 904 988 952 449 0 0 1 2
0 944 906 991 954 450 0 0 1 2
0 950 906 997 954 451 0 0 1 2
0 952 906 999 954 452 0 0 1 2
0 955 906 1002 954 453 0 0 1 2
0 961 906 1008 954 454 0 0 1 2
0 963 906 1010 954 455 0 0 1 2
0 969 906 1016 954 456 0 0 1 2
0 972 908 1019 956 457 0 0 1 2
0 974 908 1021 956 458 0 0 1 2
0 980 908 1027 956 459 0 0 1 2
0 983 908 1030 956 460 0 0 1 2
0 985 908 1032 956 461 0 0 1 2
0 991 908 1038 956 462 0 0 1 2
0 994 908 1041 956 463 0 0 1 2
0 999 911 1046 958 464 0 0 1 2
0 1002 911 1049 958 465 0 0 1 2
0 1005 911 1052 958 466 0 0 1 2
0 1010 911 1057 958 467 0 0 1 2
0 1013 911 1060 958 468 0 0 1 2
0 1016 911 1063 958 469 0 0 1 2
0 1021 911 1068 958 470 0 0 1 2
0 1024 913 1071 961 471 0 0 1 2
0 1030 913 1076 961 472 0 0 1 2
0 1032 913 1079 961 473 0 0 1 2
0 1035 913 1082 961 474 0 0 1 2
0 1041 913 1087 961 475 0 0 1 2
0 1043 913 1090 961 476 0 0 1 2
0 1049 915 1096 963 477 0 0 0 2
0 1052 915 1098 963 478 0 0 1 2
0 1054 915 1101 963 479 0 0 1 2
0 1057 915 1104 963 480 0 0 1 2
0 1063 915 1109 963 481 0 0 1 2
0 1065 915 1112 963 482 0 0 1 2
0 1068 915 1115 963 483 0 0 1 2
0 1071 915 1118 963 484 0 0 1 2
0 1076 918 1123 965 485 0 0 1 2
0 1079 918 1126 965 486 0 0 1 2
0 1082 918 1129 965 487 0 0 1 2
0 1085 918 1131 965 488 0 0 1 2
0 1090 918 1137 965 489 0 0 1 2
0 1093 918 1140 965 490 0 0 1 2
0 1096 918 1142 965 491 0 0 1 2
0 1098 918 1145 965 492 0 0 1 2
0 1104 920 1151 967 493 0 0 1 2
0 1107 920 1153 967 494 0 0 1 2
0 1109 920 1156 967 495 0 0 1 2
0 1112 920 1159 967 496 0 0 1 2
0 1118 920 1165 967 497 0 0 1 2
0 1120 920 1167 967 498 0 0 1 2
0 1123 920 1170 967 499 0 0 1 2
0 1129 922 1176 970 500 0 0 0 2
0 1131 922 1176 967 501 0 0 1 2
0 1137 924 1178 967 502 0 0 1 2
0 1142 927 1181 965 503 0 0 1 2
0 1148 929 1184 965 504 0 0 1 2
0 1151 931 1184 963 505 0 0 1 2
0 1156 933 1187 963 506 0 0 1 2
0 1162 936 1189 961 507 0 0 1 2
0 1167 938 1192 961 508 0 0 0 2
1 1148 779 1198 816 0 0 0 0 2
1 1148 779 1198 816 1 0 0 1 2
1 1148 779 1198 816 2 0 0 0 2
1 1145 779 1195 816 3 0 0 1 2
1 1145 779 1195 816 4 0 0 1 2
1 1145 779 1195 816 5 0 0 1 2
1 1145 779 1195 816 6 0 0 1 2
1 1145 779 1195 816 7 0 0 1 2
1 1145 779 1195 816 8 0 0 1 2
1 1145 779 1195 816 9 0 0 1 2
1 1145 779 1195 816 10 0 0 1 2
1 1145 779 1195 816 11 0 0 1 2
1 1145 779 1195 816 12 0 0 1 2
1 1145 779 1195 816 13 0 0 1 2
1 1145 779 1195 816 14 0 0 1 2
1 1145 779 1195 816 15 0 0 1 2
1 1145 779 1195 816 16 0 0 1 2
1 1145 779 1195 816 17 0 0 1 2
1 1145 779 1195 816 18 0 0 1 2
1 1145 779 1195 816 19 0 0 1 2
1 1145 779 1195 816 20 0 0 1 2
1 1145 779 1195 816 21 0 0 1 2
1 1145 779 1195 816 22 0 0 1 2
1 1145 779 1195 816 23 0 0 1 2
1 1145 779 1195 816 24 0 0 1 2
1 1145 779 1195 816 25 0 0 1 2
1 1142 779 1192 816 26 0 0 1 2
1 1142 779 1192 816 27 0 0 1 2
1 1142 779 1192 816 28 0 0 1 2
1 1142 779 1192 816 29 0 0 1 2
1 1142 779 1192 816 30 0 0 1 2
1 1142 779 1192 816 31 0 0 1 2
1 1142 779 1192 816 32 0 0 1 2
1 1142 779 1192 816 33 0 0 1 2
1 1142 779 1192 816 34 0 0 1 2
1 1142 779 1192 816 35 0 0 1 2
1 1142 779 1192 816 36 0 0 1 2
1 1142 779 1192 816 37 0 0 1 2
1 1142 779 1192 816 38 0 0 1 2
1 1142 779 1192 816 39 0 0 1 2
1 1142 779 1192 816 40 0 0 1 2
1 1142 779 1192 816 41 0 0 1 2
1 1142 779 1192 816 42 0 0 1 2
1 1142 779 1192 816 43 0 0 1 2
1 1142 779 1192 816 44 0 0 1 2
1 1142 779 1192 816 45 0 0 1 2
1 1142 779 1192 816 46 0 0 1 2
1 1142 779 1192 816 47 0 0 1 2
1 1142 779 1192 816 48 0 0 1 2
1 1140 779 1189 816 49 0 0 1 2
1 1140 779 1189 816 50 0 0 1 2
1 1140 779 1189 816 51 0 0 1 2
1 1140 779 1189 816 52 0 0 1 2
1 1140 779 1189 816 53 0 0 1 2
1 1140 779 1189 816 54 0 0 1 2
1 1140 779 1189 816 55 0 0 1 2
1 1140 779 1189 816 56 0 0 1 2
1 1140 779 1189 816 57 0 0 1 2
1 1140 779 1189 816 58 0 0 1 2
1 1140 779 1189 816 59 0 0 1 2
1 1140 779 1189 816 60 0 0 1 2
1 1140 779 1189 816 61 0 0 1 2
1 1140 779 1189 816 62 0 0 1 2
1 1140 779 1189 816 63 0 0 1 2
1 1140 779 1189 816 64 0 0 1 2
1 1140 779 1189 816 65 0 0 1 2
1 1140 779 1189 816 66 0 0 1 2
1 1140 779 1189 816 67 0 0 1 2
1 1140 779 1189 816 68 0 0 1 2
1 1140 779 1189 816 69 0 0 1 2
1 1140 779 1189 816 70 0 0 1 2
1 1140 779 1189 816 71 0 0 1 2
1 1137 779 1187 816 72 0 0 1 2
1 1137 779 1187 816 73 0 0 1 2
1 1137 779 1187 816 74 0 0 1 2
1 1137 779 1187 816 75 0 0 1 2
1 1137 779 1187 816 76 0 0 1 2
1 1137 779 1187 816 77 0 0 1 2
1 1137 779 1187 816 78 0 0 1 2
1 1137 779 1187 816 79 0 0 1 2
1 1137 779 1187 816 80 0 0 1 2
1 1137 779 1187 816 81 0 0 1 2
1 1137 779 1187 816 82 0 0 1 2
1 1137 779 1187 816 83 0 0 1 2
1 1137 779 1187 816 84 0 0 1 2
1 1137 779 1187 816 85 0 0 1 2
1 1137 779 1187 816 86 0 0 1 2
1 1137 779 1187 816 87 0 0 1 2
1 1137 779 1187 816 88 0 0 1 2
1 1137 779 1187 816 89 0 0 1 2
1 1137 779 1187 816 90 0 0 1 2
1 1137 779 1187 816 91 0 0 1 2
1 1137 779 1187 816 92 0 0 1 2
1 1137 779 1187 816 93 0 0 1 2
1 1137 779 1187 816 94 0 0 1 2
1 1137 782 1187 818 95 0 0 0 2
1 1134 779 1184 816 96 0 0 1 2
1 1134 779 1184 816 97 0 0 1 2
1 1134 779 1184 816 98 0 0 1 2
1 1134 779 1184 816 99 0 0 1 2
1 1134 779 1184 816 100 0 0 1 2
1 1134 779 1184 816 101 0 0 1 2
1 1134 779 1184 816 102 0 0 1 2
1 1134 779 1184 816 103 0 0 1 2
1 1134 779 1184 816 104 0 0 1 2
1 1134 779 1184 816 105 0 0 1 2
1 1134 779 1184 816 106 0 0 1 2
1 1134 779 1184 816 107 0 0 1 2
1 1134 779 1184 816 108 0 0 1 2
1 1134 779 1184 816 109 0 0 1 2
1 1134 779 1184 816 110 0 0 1 2
1 1134 779 1184 816 111 0 0 1 2
1 1134 779 1184 816 112 0 0 1 2
1 1134 777 1184 813 113 0 0 1 2
1 1134 777 1184 813 114 0 0 1 2
1 1134 777 1184 813 115 0 0 1 2
1 1134 777 1184 813 116 0 0 1 2
1 1134 777 1184 813 117 0 0 1 2
1 1134 777 1184 813 118 0 0 1 2
1 1134 777 1184 813 119 0 0 1 2
1 1134 777 1184 813 120 0 0 1 2
1 1134 777 1184 813 121 0 0 1 2
1 1134 777 1184 813 122 0 0 1 2
1 1134 777 1184 813 123 0 0 1 2
1 1134 777 1184 813 124 0 0 1 2
1 1134 777 1184 813 125 0 0 1 2
1 1134 777 1184 813 126 0 0 1 2
1 1134 777 1184 813 127 0 0 1 2
1 1134 777 1184 813 128 0 0 1 2
1 1134 777 1184 813 129 0 0 1 2
1 1134 777 1184 813 130 0 0 1 2
1 1134 775 1184 811 131 0 0 1 2
1 1134 775 1184 811 132 0 0 1 2
1 1134 775 1184 811 133 0 0 1 2
1 1134 775 1184 811 134 0 0 1 2
1 1134 775 1184 811 135 0 0 1 2
1 1134 775 1184 811 136 0 0 1 2
1 1134 775 1184 811 137 0 0 1 2
1 1134 775 1184 811 138 0 0 1 2
1 1134 775 1184 811 139 0 0 1 2
1 1134 775 1184 811 140 0 0 1 2
1 1134 775 1184 811 141 0 0 1 2
1 1134 775 1184 811 142 0 0 1 2
1 1134 775 1184 811 143 0 0 1 2
1 1134 775 1184 811 144 0 0 1 2
1 1134 775 1184 811 145 0 0 1 2
1 1134 775 1184 811 146 0 0 1 2
1 1134 775 1184 811 147 0 0 1 2
1 1134 775 1184 811 148 0 0 1 2
1 1134 772 1184 809 149 0 0 1 2
1 1134 772 1184 809 150 0 0 1 2
1 1134 772 1184 809 151 0 0 1 2
1 1134 772 1184 809 152 0 0 1 2
1 1134 772 1184 809 153 0 0 1 2
1 1134 772 1184 809 154 0 0 1 2
1 1134 772 1184 809 155 0 0 1 2
1 1134 772 1184 809 156 0 0 1 2
1 1134 772 1184 809 157 0 0 1 2
1 1134 772 1184 809 158 0 0 1 2
1 1134 772 1184 809 159 0 0 1 2
1 1134 772 1184 809 160 0 0 1 2
1 1134 772 1184 809 161 0 0 1 2
1 1134 772 1184 809 162 0 0 1 2
1 1134 772 1184 809 163 0 0 1 2
1 1134 772 1184 809 164 0 0 1 2
1 1134 772 1184 809 165 0 0 1 2
1 1134 772 1184 809 166 0 0 0 2
1 1131 772 1181 809 167 0 0 1 2
1 1131 772 1181 809 168 0 0 1 2
1 1131 772 1181 809 169 0 0 1 2
1 1131 772 1181 809 170 0 0 1 2
1 1131 772 1181 809 171 0 0 1 2
1 1131 772 1181 809 172 0 0 1 2
1 1131 772 1181 809 173 0 0 1 2
1 1131 772 1181 809 174 0 0 1 2
1 1131 772 1181 809 175 0 0 1 2
1 1131 772 1181 809 176 0 0 1 2
1 1131 772 1181 809 177 0 0 1 2
1 1131 772 1181 809 178 0 0 1 2
1 1131 772 1181 809 179 0 0 1 2
1 1131 772 1181 809 180 0 0 1 2
1 1131 772 1181 809 181 0 0 1 2
1 1131 772 1181 809 182 0 0 1 2
1 1131 772 1181 809 183 0 0 1 2
1 1131 772 1181 809 184 0 0 1 2
1 1131 772 1181 809 185 0 0 1 2
1 1131 772 1181 809 186 0 0 1 2
1 1131 772 1181 809 187 0 0 1 2
1 1131 772 1181 809 188 0 0 1 2
1 1131 772 1181 809 189 0 0 1 2
1 1131 772 1181 809 190 0 0 1 2
1 1131 772 1181 809 191 0 0 1 2
1 1131 772 1181 809 192 0 0 1 2
1 1131 772 1181 809 193 0 0 1 2
1 1131 772 1181 809 194 0 0 1 2
1 1131 772 1181 809 195 0 0 1 2
1 1131 772 1181 809 196 0 0 1 2
1 1131 772 1181 809 197 0 0 1 2
1 1131 772 1181 809 198 0 0 1 2
1 1131 772 1181 809 199 0 0 1 2
1 1131 772 1181 809 200 0 0 1 2
1 1131 772 1181 809 201 0 0 1 2
1 1131 772 1181 809 202 0 0 1 2
1 1131 772 1181 809 203 0 0 1 2
1 1131 772 1181 809 204 0 0 1 2
1 1131 772 1181 809 205 0 0 1 2
1 1131 772 1181 809 206 0 0 1 2
1 1131 772 1181 809 207 0 0 1 2
1 1131 772 1181 809 208 0 0 1 2
1 1131 772 1181 809 209 0 0 1 2
1 1131 772 1181 809 210 0 0 1 2
1 1131 772 1181 809 211 0 0 1 2
1 1131 772 1181 809 212 0 0 1 2
1 1131 772 1181 809 213 0 0 1 2
1 1131 772 1181 809 214 0 0 1 2
1 1131 775 1181 811 215 0 0 1 2
1 1131 775 1181 811 216 0 0 1 2
1 1131 775 1181 811 217 0 0 1 2
1 1131 775 1181 811 218 0 0 1 2
1 1131 775 1181 811 219 0 0 1 2
1 1131 775 1181 811 220 0 0 1 2
1 1131 775 1181 811 221 0 0 1 2
1 1131 775 1181 811 222 0 0 1 2
1 1131 775 1181 811 223 0 0 1 2
1 1131 775 1181 811 224 0 0 1 2
1 1131 775 1181 811 225 0 0 1 2
1 1131 775 1181 811 226 0 0 1 2
1 1129 775 1178 811 227 0 0 1 2
1 1129 775 1178 811 228 0 0 1 2
1 1129 775 1178 811 229 0 0 1 2
1 1129 775 1178 811 230 0 0 1 2
1 1129 775 1178 811 231 0 0 1 2
1 1129 775 1178 811 232 0 0 1 2
1 1129 775 1178 811 233 0 0 1 2
1 1129 775 1178 811 234 0 0 1 2
1 1129 775 1178 811 235 0 0 1 2
1 1129 775 1178 811 236 0 0 1 2
1 1129 775 1178 811 237 0 0 1 2
1 1129 775 1178 811 238 0 0 1 2
1 1129 775 1178 811 239 0 0 1 2
1 1129 775 1178 811 240 0 0 1 2
1 1129 775 1178 811 241 0 0 1 2
1 1129 775 1178 811 242 0 0 1 2
1 1129 775 1178 811 243 0 0 1 2
1 1129 775 1178 811 244 0 0 1 2
1 1129 775 1178 811 245 0 0 1 2
1 1129 775 1178 811 246 0 0 1 2
1 1129 775 1178 811 247 0 0 1 2
1 1129 775 1178 811 248 0 0 1 2
1 1129 775 1178 811 249 0 0 1 2
1 1129 775 1178 811 250 0 0 1 2
1 1129 775 1178 811 251 0 0 1 2
1 1129 775 1178 811 252 0 0 1 2
1 1129 775 1178 811 253 0 0 1 2
1 1129 775 1178 811 254 0 0 1 2
1 1129 775 1178 811 255 0 0 1 2
1 1129 775 1178 811 256 0 0 1 2
1 1129 775 1178 811 257 0 0 1 2
1 1129 775 1178 811 258 0 0 1 2
1 1129 775 1178 811 259 0 0 1 2
1 1129 775 1178 811 260 0 0 1 2
1 1129 775 1178 811 261 0 0 1 2
1 1129 775 1178 811 262 0 0 1 2
1 1129 777 1178 813 263 0 0 1 2
1 1129 777 1178 813 264 0 0 1 2
1 1129 777 1178 813 265 0 0 1 2
1 1129 777 1178 813 266 0 0 1 2
1 1129 777 1178 813 267 0 0 1 2
1 1129 777 1178 813 268 0 0 1 2
1 1129 777 1178 813 269 0 0 1 2
1 1129 777 1178 813 270 0 0 1 2
1 1129 777 1178 813 271 0 0 1 2
1 1129 777 1178 813 272 0 0 1 2
1 1129 777 1178 813 273 0 0 1 2
1 1129 777 1178 813 274 0 0 1 2
1 1129 777 1178 813 275 0 0 1 2
1 1129 777 1178 813 276 0 0 1 2
1 1129 777 1178 813 277 0 0 1 2
1 1129 777 1178 813 278 0 0 1 2
1 1129 777 1178 813 279 0 0 1 2
1 1129 777 1178 813 280 0 0 1 2
1 1129 777 1178 813 281 0 0 1 2
1 1129 777 1178 813 282 0 0 1 2
1 1129 777 1178 813 283 0 0 1 2
1 1129 777 1178 813 284 0 0 1 2
1 1129 777 1178 813 285 0 0 1 2
1 1129 777 1178 813 286 0 0 1 2
1 1126 777 1176 813 287 0 0 1 2
1 1126 777 1176 813 288 0 0 1 2
1 1126 777 1176 813 289 0 0 1 2
1 1126 777 1176 813 290 0 0 1 2
1 1126 777 1176 813 291 0 0 1 2
1 1126 777 1176 813 292 0 0 1 2
1 1126 777 1176 813 293 0 0 1 2
1 1126 777 1176 813 294 0 0 1 2
1 1126 777 1176 813 295 0 0 1 2
1 1126 777 1176 813 296 0 0 1 2
1 1126 777 1176 813 297 0 0 1 2
1 1126 777 1176 813 298 0 0 1 2
1 1126 777 1176 813 299 0 0 1 2
1 1126 777 1176 813 300 0 0 1 2
1 1126 777 1176 813 301 0 0 1 2
1 1126 777 1176 813 302 0 0 1 2
1 1126 777 1176 813 303 0 0 1 2
1 1126 777 1176 813 304 0 0 1 2
1 1126 777 1176 813 305 0 0 1 2
1 1126 777 1176 813 306 0 0 1 2
1 1126 777 1176 813 307 0 0 1 2
1 1126 777 1176 813 308 0 0 1 2
1 1126 777 1176 813 309 0 0 1 2
1 1126 777 1176 813 310 0 0 1 2
1 1126 779 1176 816 311 0 0 1 2
1 1126 779 1176 816 312 0 0 1 2
1 1126 779 1176 816 313 0 0 1 2
1 1126 779 1176 816 314 0 0 1 2
1 1126 779 1176 816 315 0 0 1 2
1 1126 779 1176 816 316 0 0 1 2
1 1126 779 1176 816 317 0 0 1 2
1 1126 779 1176 816 318 0 0 1 2
1 1126 779 1176 816 319 0 0 1 2
1 1126 779 1176 816 320 0 0 1 2
1 1126 779 1176 816 321 0 0 1 2
1 1126 779 1176 816 322 0 0 1 2
1 1126 779 1176 816 323 0 0 1 2
1 1126 779 1176 816 324 0 0 1 2
1 1126 779 1176 816 325 0 0 1 2
1 1126 779 1176 816 326 0 0 1 2
1 1126 779 1176 816 327 0 0 1 2
1 1126 779 1176 816 328 0 0 1 2
1 1126 779 1176 816 329 0 0 1 2
1 1126 779 1176 816 330 0 0 1 2
1 1126 779 1176 816 331 0 0 1 2
1 1126 779 1176 816 332 0 0 1 2
1 1126 779 1176 816 333 0 0 1 2
1 1126 779 1176 816 334 0 0 1 2
1 1126 779 1176 816 335 0 0 1 2
1 1126 779 1176 816 336 0 0 1 2
1 1126 779 1176 816 337 0 0 1 2
1 1126 779 1176 816 338 0 0 1 2
1 1126 779 1176 816 339 0 0 1 2
1 1126 779 1176 816 340 0 0 1 2
1 1126 779 1176 816 341 0 0 1 2
1 1126 779 1176 816 342 0 0 1 2
1 1126 779 1176 816 343 0 0 1 2
1 1126 779 1176 816 344 0 0 1 2
1 1126 779 1176 816 345 0 0 1 2
1 1126 779 1176 816 346 0 0 1 2
1 1123 779 1173 816 347 0 0 1 2
1 1123 779 1173 816 348 0 0 1 2
1 1123 779 1173 816 349 0 0 1 2
1 1123 779 1173 816 350 0 0 1 2
1 1123 779 1173 816 351 0 0 1 2
1 1123 779 1173 816 352 0 0 1 2
1 1123 779 1173 816 353 0 0 1 2
1 1123 779 1173 816 354 0 0 1 2
1 1123 779 1173 816 355 0 0 1 2
1 1123 779 1173 816 356 0 0 1 2
1 1123 779 1173 816 357 0 0 1 2
1 1123 779 1173 816 358 0 0 1 2
1 1123 782 1173 818 359 0 0 1 2
1 1123 782 1173 818 360 0 0 1 2
1 1123 782 1173 818 361 0 0 1 2
1 1123 782 1173 818 362 0 0 1 2
1 1123 782 1173 818 363 0 0 1 2
1 1123 782 1173 818 364 0 0 1 2
1 1123 782 1173 818 365 0 0 1 2
1 1123 782 1173 818 366 0 0 1 2
1 1123 782 1173 818 367 0 0 1 2
1 1123 782 1173 818 368 0 0 1 2
1 1123 782 1173 818 369 0 0 1 2
1 1123 782 1173 818 370 0 0 1 2
1 1123 782 1173 818 371 0 0 1 2
1 1123 782 1173 818 372 0 0 1 2
1 1123 782 1173 818 373 0 0 1 2
1 1123 782 1173 818 374 0 0 1 2
1 1123 782 1173 818 375 0 0 1 2
1 1123 782 1173 818 376 0 0 1 2
1 1123 782 1173 818 377 0 0 1 2
1 1123 782 1173 818 378 0 0 1 2
1 1123 782 1173 818 379 0 0 1 2
1 1123 782 1173 818 380 0 0 1 2
1 1123 782 1173 818 381 0 0 1 2
1 1123 782 1173 818 382 0 0 1 2
1 1123 782 1173 818 383 0 0 1 2
1 1123 782 1173 818 384 0 0 1 2
1 1123 782 1173 818 385 0 0 1 2
1 1123 782 1173 818 386 0 0 1 2
1 1123 782 1173 818 387 0 0 1 2
1 1123 782 1173 818 388 0 0 1 2
1 1123 782 1173 818 389 0 0 1 2
1 1123 782 1173 818 390 0 0 1 2
1 1123 782 1173 818 391 0 0 1 2
1 1123 782 1173 818 392 0 0 1 2
1 1123 782 1173 818 393 0 0 1 2
1 1123 782 1173 818 394 0 0 1 2
1 1123 782 1173 818 395 0 0 1 2
1 1123 782 1173 818 396 0 0 1 2
1 1123 782 1173 818 397 0 0 1 2
1 1123 782 1173 818 398 0 0 1 2
1 1123 782 1173 818 399 0 0 1 2
1 1123 782 1173 818 400 0 0 1 2
1 1123 782 1173 818 401 0 0 1 2
1 1123 782 1173 818 402 0 0 1 2
1 1123 782 1173 818 403 0 0 1 2
1 1123 782 1173 818 404 0 0 1 2
1 1123 782 1173 818 405 0 0 1 2
1 1123 782 1173 818 406 0 0 1 2
1 1123 784 1173 820 407 0 0 0 2
1 1120 784 1170 820 408 0 0 1 2
1 1120 784 1170 820 409 0 0 1 2
1 1120 784 1170 820 410 0 0 1 2
1 1120 784 1170 820 411 0 0 1 2
1 1120 784 1170 820 412 0 0 1 2
1 1120 786 1170 822 413 0 0 1 2
1 1120 786 1170 822 414 0 0 1 2
1 1120 786 1170 822 415 0 0 1 2
1 1120 786 1170 822 416 0 0 1 2
1 1120 786 1170 822 417 0 0 1 2
1 1120 786 1170 822 418 0 0 1 2
1 1120 788 1170 825 419 0 0 1 2
1 1120 788 1170 825 420 0 0 1 2
1 1120 788 1170 825 421 0 0 1 2
1 1118 788 1167 825 422 0 0 1 2
1 1118 788 1167 825 423 0 0 1 2
1 1118 788 1167 825 424 0 0 1 2
1 1118 791 1167 827 425 0 0 1 2
1 1118 791 1167 827 426 0 0 1 2
1 1118 791 1167 827 427 0 0 1 2
1 1118 791 1167 827 428 0 0 1 2
1 1118 791 1167 827 429 0 0 1 2
1 1118 791 1167 827 430 0 0 1 2
1 1118 793 1167 829 431 0 0 1 2
1 1118 793 1167 829 432 0 0 1 2
1 1118 793 1167 829 433 0 0 1 2
1 1118 793 1167 829 434 0 0 1 2
1 1118 793 1167 829 435 0 0 1 2
1 1115 793 1165 829 436 0 0 1 2
1 1115 795 1165 831 437 0 0 1 2
1 1115 795 1165 831 438 0 0 1 2
1 1115 795 1165 831 439 0 0 1 2
1 1115 795 1165 831 440 0 0 1 2
1 1115 795 1165 831 441 0 0 1 2
1 1115 795 1165 831 442 0 0 1 2
1 1115 797 1165 834 443 0 0 1 2
1 1115 797 1165 834 444 0 0 1 2
1 1115 797 1165 834 445 0 0 1 2
1 1115 797 1165 834 446 0 0 1 2
1 1115 797 1165 834 447 0 0 1 2
1 1115 797 1165 834 448 0 0 1 2
1 1115 800 1165 836 449 0 0 0 2
1 1112 800 1162 836 450 0 0 1 2
1 1112 800 1162 836 451 0 0 1 2
1 1112 800 1162 836 452 0 0 1 2
1 1112 800 1162 836 453 0 0 1 2
1 1109 800 1159 836 454 0 0 1 2
1 1109 802 1159 838 455 0 0 1 2
1 1109 802 1159 838 456 0 0 1 2
1 1109 802 1159 838 457 0 0 1 2
1 1109 802 1159 838 458 0 0 1 2
1 1107 802 1156 838 459 0 0 1 2
1 1107 802 1156 838 460 0 0 1 2
1 1107 804 1156 840 461 0 0 1 2
1 1107 804 1156 840 462 0 0 1 2
1 1104 804 1153 840 463 0 0 1 2
1 1104 804 1153 840 464 0 0 1 2
1 1104 804 1153 840 465 0 0 1 2
1 1104 806 1153 843 466 0 0 1 2
1 1104 806 1153 843 467 0 0 1 2
1 1101 806 1151 843 468 0 0 1 2
1 1101 806 1151 843 469 0 0 1 2
1 1101 806 1151 843 470 0 0 1 2
1 1101 806 1151 843 471 0 0 1 2
1 1101 809 1151 845 472 0 0 1 2
1 1098 809 1148 845 473 0 0 1 2
1 1098 809 1148 845 474 0 0 1 2
1 1098 809 1148 845 475 0 0 1 2
1 1098 809 1148 845 476 0 0 1 2
1 1096 809 1145 845 477 0 0 1 2
1 1096 811 1145 847 478 0 0 1 2
1 1096 811 1145 847 479 0 0 1 2
1 1096 811 1145 847 480 0 0 1 2
1 1096 811 1145 847 481 0 0 1 2
1 1093 811 1142 847 482 0 0 1 2
1 1093 813 1142 850 483 0 0 1 2
1 1093 813 1142 850 484 0 0 1 2
1 1093 813 1142 850 485 0 0 1 2
1 1093 813 1142 850 486 0 0 1 2
1 1090 813 1140 850 487 0 0 1 2
1 1090 813 1140 850 488 0 0 1 2
1 1090 816 1140 852 489 0 0 1 2
1 1090 816 1140 852 490 0 0 1 2
1 1087 816 1137 852 491 0 0 1 2
1 1087 816 1137 852 492 0 0 1 2
1 1087 816 1137 852 493 0 0 1 2
1 1087 816 1137 852 494 0 0 1 2
1 1087 818 1137 854 495 0 0 1 2
1 1085 818 1134 854 496 0 0 1 2
1 1085 818 1134 854 497 0 0 1 2
1 1085 818 1134 854 498 0 0 1 2
1 1085 818 1134 854 499 0 0 1 2
1 1085 820 1134 856 500 0 0 0 2
1 1082 820 1131 856 501 0 0 1 2
1 1082 822 1129 856 502 0 0 1 2
1 1082 822 1129 859 503 0 0 1 2
1 1082 825 1126 859 504 0 0 1 2
1 1082 827 1123 859 505 0 0 1 2
1 1082 827 1123 861 506 0 0 1 2
1 1082 829 1120 861 507 0 0 1 2
1 1082 831 1120 863 508 0 0 0 2
2 112 834 145 863 0 0 0 0 2
2 115 834 148 863 1 0 0 1 2
2 121 834 154 863 2 0 0 1 2
2 126 834 159 863 3 0 0 1 2
2 129 834 162 863 4 0 0 1 2
2 134 836 168 865 5 0 0 1 2
2 140 836 173 865 6 0 0 1 2
2 143 836 176 865 7 0 0 1 2
2 148 836 181 865 8 0 0 1 2
2 154 836 187 865 9 0 0 1 2
2 159 838 192 868 10 0 0 0 2
2 162 838 195 868 11 0 0 1 2
2 168 840 198 870 12 0 0 1 2
2 170 840 203 870 13 0 0 1 2
2 176 843 206 872 14 0 0 1 2
2 179 843 212 872 15 0 0 1 2
2 184 845 214 874 16 0 0 1 2
2 187 845 220 874 17 0 0 1 2
2 192 847 223 877 18 0 0 1 2
2 195 847 228 877 19 0 0 1 2
2 201 850 231 879 20 0 0 1 2
2 203 850 236 879 21 0 0 1 2
2 209 852 239 881 22 0 0 1 2
2 212 852 245 881 23 0 0 1 2
2 217 854 247 884 24 0 0 1 2
2 223 856 253 886 25 0 0 0 2
2 225 856 256 886 26 0 0 1 2
2 231 856 261 886 27 0 0 1 2
2 236 856 267 886 28 0 0 1 2
2 242 859 272 888 29 0 0 1 2
2 247 859 278 888 30 0 0 1 2
2 253 859 283 888 31 0 0 1 2
2 258 859 289 888 32 0 0 1 2
2 264 861 294 890 33 0 0 0 2
2 267 861 297 890 34 0 0 1 2
2 272 863 302 893 35 0 0 1 2
2 275 863 305 893 36 0 0 1 2
2 280 865 311 895 37 0 0 1 2
2 283 865 313 895 38 0 0 1 2
2 289 868 319 897 39 0 0 1 2
2 291 870 322 899 40 0 0 1 2
2 297 870 327 899 41 0 0 1 2
2 300 872 330 902 42 0 0 1 2
2 305 872 336 902 43 0 0 1 2
2 308 874 338 904 44 0 0 1 2
2 313 877 344 906 45 0 0 1 2
2 316 877 347 906 46 0 0 1 2
2 322 879 352 908 47 0 0 1 2
2 324 879 355 908 48 0 0 1 2
2 330 881 360 911 49 0 0 1 2
2 333 881 363 911 50 0 0 1 2
2 338 884 369 913 51 0 0 1 2
2 341 886 371 915 52 0 0 1 2
2 347 886 377 915 53 0 0 1 2
2 349 888 380 918 54 0 0 1 2
2 355 888 385 918 55 0 0 1 2
2 358 890 388 920 56 0 0 1 2
2 363 893 393 922 57 0 0 1 2
2 366 893 396 922 58 0 0 1 2
2 371 895 402 924 59 0 0 1 2
2 374 895 404 924 60 0 0 1 2
2 380 897 410 927 61 0 0 1 2
2 385 899 415 929 62 0 0 0 2
2 388 899 418 929 63 0 0 1 2
2 391 902 421 931 64 0 0 1 2
2 396 904 426 933 65 0 0 1 2
2 399 906 429 936 66 0 0 1 2
2 404 908 435 938 67 0 0 1 2
2 407 911 437 940 68 0 0 1 2
2 413 913 443 942 69 0 0 1 2
2 415 915 446 945 70 0 0 1 2
2 421 918 451 947 71 0 0 1 2
2 424 920 454 949 72 0 0 1 2
2 429 922 459 952 73 0 0 1 2
2 432 924 462 954 74 0 0 1 2
2 437 927 468 956 75 0 0 1 2
2 440 929 470 958 76 0 0 1 2
2 446 931 476 961 77 0 0 1 2
2 448 933 479 963 78 0 0 1 2
2 451 936 481 965 79 0 0 1 2
2 457 938 487 967 80 0 0 1 2
2 459 940 490 970 81 0 0 1 2
2 465 942 495 972 82 0 0 1 2
2 468 945 498 974 83 0 0 1 2
2 473 947 504 976 84 0 0 1 2
2 476 949 506 979 85 0 0 1 2
2 481 952 512 981 86 0 0 1 2
2 484 954 515 983 87 0 0 1 2
2 490 956 520 986 88 0 0 1 2
2 492 958 523 988 89 0 0 1 2
2 498 961 528 990 90 0 0 1 2
2 501 963 531 992 91 0 0 1 2
2 506 965 537 995 92 0 0 1 2
2 509 967 539 997 93 0 0 1 2
2 512 970 542 999 94 0 0 1 2
2 517 972 548 1001 95 0 0 1 2
2 520 974 550 1004 96 0 0 1 2
2 526 976 556 1006 97 0 0 1 2
2 528 979 559 1008 98 0 0 1 2
2 534 981 564 1010 99 0 0 1 2
2 537 983 567 1013 100 0 0 1 2
2 542 986 572 1015 101 0 0 1 2
2 545 988 575 1017 102 0 0 1 2
2 550 990 581 1020 103 0 0 1 2
2 553 992 583 1022 104 0 0 1 2
2 559 995 589 1024 105 0 0 1 2
2 561 997 592 1026 106 0 0 1 2
2 567 999 597 1029 107 0 0 0 2
2 570 1001 600 1031 108 0 0 1 2
2 572 1004 603 1033 109 0 0 1 2
2 575 1006 605 1035 110 0 0 1 2
2 578 1010 608 1040 111 0 0 1 2
2 583 1013 614 1042 112 0 0 1 2
2 586 1015 616 1044 113 0 0 1 2
2 589 1020 619 1049 114 0 0 1 2
2 592 1022 622 1051 115 0 0 1 2
2 594 1024 625 1054 116 0 0 1 2
2 600 1029 630 1058 117 0 0 0 2
2 603 1031 633 1060 118 0 0 1 2
2 608 1035 638 1065 119 0 0 1 2
2 611 1038 641 1067 120 0 0 1 2
2 616 1042 647 1072 121 0 0 1 2
2 619 1044 649 1074 122 0 0 1 2
2 625 1049 655 1078 123 0 0 1 2
2 385 899 415 929 508 0 0 0 2
3 804 791 862 818 0 0 0 0 2
3 798 788 856 816 1 0 0 1 2
3 793 788 851 816 2 0 0 1 2
3 787 788 845 816 3 0 0 1 2
3 782 788 840 816 4 0 0 1 2
3 779 786 837 813 5 0 0 1 2
3 773 786 831 813 6 0 0 1 2
3 768 786 826 813 7 0 0 1 2
3 762 786 820 813 8 0 0 1 2
3 760 786 817 813 9 0 0 0 2
3 754 784 812 811 10 0 0 1 2
3 751 784 809 811 11 0 0 1 2
3 749 784 806 811 12 0 0 1 2
3 746 784 804 811 13 0 0 1 2
3 740 784 798 811 14 0 0 1 2
3 738 784 795 811 15 0 0 1 2
3 735 784 793 811 16 0 0 1 2
3 732 784 790 811 17 0 0 1 2
3 727 784 784 811 18 0 0 1 2
3 724 782 782 809 19 0 0 1 2
3 721 782 779 809 20 0 0 1 2
3 718 782 776 809 21 0 0 1 2
3 713 782 771 809 22 0 0 1 2
3 710 782 768 809 23 0 0 1 2
3 707 782 765 809 24 0 0 1 2
3 705 782 762 809 25 0 0 1 2
3 702 782 760 809 26 0 0 1 2
3 696 782 754 809 27 0 0 1 2
3 694 779 751 806 28 0 0 1 2
3 691 779 749 806 29 0 0 1 2
3 688 779 746 806 30 0 0 1 2
3 683 779 740 806 31 0 0 1 2
3 680 779 738 806 32 0 0 1 2
3 677 779 735 806 33 0 0 1 2
3 674 779 732 806 34 0 0 1 2
3 669 779 727 806 35 0 0 1 2
3 666 779 724 806 36 0 0 1 2
3 663 779 721 806 37 0 0 1 2
3 661 777 718 804 38 0 0 1 2
3 655 777 713 804 39 0 0 1 2
3 652 777 710 804 40 0 0 1 2
3 649 777 707 804 41 0 0 1 2
3 647 777 705 804 42 0 0 1 2
3 644 777 702 804 43 0 0 1 2
3 638 777 696 804 44 0 0 1 2
3 636 777 694 804 45 0 0 1 2
3 633 777 691 804 46 0 0 1 2
3 630 775 688 802 47 0 0 1 2
3 625 775 683 802 48 0 0 1 2
3 622 775 680 802 49 0 0 1 2
3 619 775 677 802 50 0 0 1 2
3 616 775 674 802 51 0 0 1 2
3 611 775 669 802 52 0 0 1 2
3 608 775 666 802 53 0 0 1 2
3 605 775 663 802 54 0 0 1 2
3 603 775 661 802 55 0 0 1 2
3 600 775 658 802 56 0 0 0 2
3 594 772 652 800 57 0 0 1 2
3 592 772 649 800 58 0 0 1 2
3 589 772 647 800 59 0 0 1 2
3 583 772 641 800 60 0 0 1 2
3 581 772 638 800 61 0 0 1 2
3 578 772 636 800 62 0 0 1 2
3 575 772 633 800 63 0 0 1 2
3 570 772 627 800 64 0 0 1 2
3 567 772 625 800 65 0 0 1 2
3 564 772 622 800 66 0 0 1 2
3 559 772 616 800 67 0 0 1 2
3 556 772 614 800 68 0 0 1 2
3 553 772 611 800 69 0 0 1 2
3 550 772 608 800 70 0 0 1 2
3 545 772 603 800 71 0 0 1 2
3 542 772 600 800 72 0 0 1 2
3 539 772 597 800 73 0 0 1 2
3 534 772 592 800 74 0 0 1 2
3 531 772 589 800 75 0 0 1 2
3 528 772 586 800 76 0 0 1 2
3 526 772 583 800 77 0 0 1 2
3 520 772 578 800 78 0 0 1 2
3 517 772 575 800 79 0 0 1 2
3 515 770 572 797 80 0 0 1 2
3 509 770 567 797 81 0 0 1 2
3 506 770 564 797 82 0 0 1 2
3 504 770 561 797 83 0 0 1 2
3 501 770 559 797 84 0 0 1 2
3 495 770 553 797 85 0 0 1 2
3 492 770 550 797 86 0 0 1 2
3 490 770 548 797 87 0 0 1 2
3 484 770 542 797 88 0 0 1 2
3 481 770 539 797 89 0 0 1 2
3 479 770 537 797 90 0 0 1 2
3 476 770 534 797 91 0 0 1 2
3 470 770 528 797 92 0 0 1 2
3 468 770 526 797 93 0 0 1 2
3 465 770 523 797 94 0 0 1 2
3 459 770 517 797 95 0 0 1 2
3 457 770 515 797 96 0 0 1 2
3 454 770 512 797 97 0 0 1 2
3 451 770 509 797 98 0 0 1 2
3 446 770 504 797 99 0 0 1 2
3 443 770 501 797 100 0 0 1 2
3 440 770 498 797 101 0 0 1 2
3 437 770 495 797 102 0 0 0 2
3 432 768 490 795 103 0 0 1 2
3 429 768 487 795 104 0 0 1 2
3 426 768 484 795 105 0 0 1 2
3 424 768 481 795 106 0 0 1 2
3 418 768 476 795 107 0 0 1 2
3 415 766 473 793 108 0 0 1 2
3 413 766 470 793 109 0 0 1 2
3 410 766 468 793 110 0 0 1 2
3 404 766 462 793 111 0 0 1 2
3 402 766 459 793 112 0 0 1 2
3 399 763 457 791 113 0 0 1 2
3 396 763 454 791 114 0 0 1 2
3 391 763 448 791 115 0 0 1 2
3 388 763 446 791 116 0 0 1 2
3 385 763 443 791 117 0 0 1 2
3 382 763 440 791 118 0 0 1 2
3 377 761 435 788 119 0 0 1 2
3 374 761 432 788 120 0 0 1 2
3 371 761 429 788 121 0 0 1 2
3 369 761 426 788 122 0 0 1 2
3 363 761 421 788 123 0 0 1 2
3 360 759 418 786 124 0 0 1 2
3 358 759 415 786 125 0 0 1 2
3 355 759 413 786 126 0 0 1 2
3 349 759 407 786 127 0 0 1 2
3 347 759 404 786 128 0 0 1 2
3 344 759 402 786 129 0 0 1 2
3 341 757 399 784 130 0 0 1 2
3 336 757 393 784 131 0 0 1 2
3 333 757 391 784 132 0 0 1 2
3 330 757 388 784 133 0 0 1 2
3 327 757 385 784 134 0 0 1 2
3 322 754 380 782 135 0 0 1 2
3 319 754 377 782 136 0 0 1 2
3 316 754 374 782 137 0 0 1 2
3 313 754 371 782 138 0 0 1 2
3 308 754 366 782 139 0 0 1 2
3 305 754 363 782 140 0 0 1 2
3 302 752 360 779 141 0 0 1 2
3 300 752 358 779 142 0 0 1 2
3 294 752 352 779 143 0 0 1 2
3 291 752 349 779 144 0 0 1 2
3 289 752 347 779 145 0 0 1 2
3 286 750 344 777 146 0 0 1 2
3 280 750 338 777 147 0 0 1 2
3 278 750 336 777 148 0 0 1 2
3 275 750 333 777 149 0 0 1 2
3 272 750 330 777 150 0 0 1 2
3 269 750 327 777 151 0 0 0 2
3 264 748 322 775 152 0 0 1 2
3 261 748 319 775 153 0 0 1 2
3 258 748 316 775 154 0 0 1 2
3 256 748 313 775 155 0 0 1 2
3 250 748 308 775 156 0 0 1 2
3 247 748 305 775 157 0 0 1 2
3 245 748 302 775 158 0 0 1 2
3 242 745 300 772 159 0 0 1 2
3 236 745 294 772 160 0 0 1 2
3 234 745 291 772 161 0 0 1 2
3 231 745 289 772 162 0 0 1 2
3 228 745 286 772 163 0 0 1 2
3 223 745 280 772 164 0 0 1 2
3 220 745 278 772 165 0 0 1 2
3 217 743 275 770 166 0 0 1 2
3 214 743 272 770 167 0 0 1 2
3 212 743 269 770 168 0 0 1 2
3 206 743 264 770 169 0 0 1 2
3 203 743 261 770 170 0 0 1 2
3 201 743 258 770 171 0 0 1 2
3 198 743 256 770 172 0 0 1 2
3 192 741 250 768 173 0 0 1 2
3 190 741 247 768 174 0 0 1 2
3 187 741 245 768 175 0 0 1 2
3 184 741 242 768 176 0 0 1 2
3 179 741 236 768 177 0 0 1 2
3 176 741 234 768 178 0 0 1 2
3 173 741 231 768 179 0 0 1 2
3 170 738 228 766 180 0 0 1 2
3 168 738 225 766 181 0 0 1 2
3 162 738 220 766 182 0 0 1 2
3 159 738 217 766 183 0 0 1 2
3 156 738 214 766 184 0 0 1 2
3 154 738 212 766 185 0 0 1 2
3 148 738 206 766 186 0 0 1 2
3 145 736 203 763 187 0 0 1 2
3 143 736 201 763 188 0 0 1 2
3 140 736 198 763 189 0 0 1 2
3 134 736 192 763 190 0 0 1 2
3 132 736 190 763 191 0 0 1 2
3 129 736 187 763 192 0 0 1 2
3 126 736 184 763 193 0 0 1 2
3 123 734 181 761 194 0 0 1 2
3 118 734 176 761 195 0 0 1 2
3 115 734 173 761 196 0 0 1 2
3 112 734 170 761 197 0 0 1 2
3 110 734 168 761 198 0 0 1 2
3 104 734 162 761 199 0 0 1 2
3 101 734 159 761 200 0 0 1 2
3 99 732 156 759 201 0 0 1 2
3 96 732 154 759 202 0 0 1 2
3 90 732 148 759 203 0 0 1 2
3 88 732 145 759 204 0 0 1 2
3 85 732 143 759 205 0 0 1 2
3 82 732 140 759 206 0 0 1 2
3 79 732 137 759 207 0 0 0 2
3 74 729 132 757 208 0 0 1 2
3 71 729 129 757 209 0 0 1 2
3 68 729 126 757 210 0 0 1 2
3 66 729 123 757 211 0 0 1 2
3 63 729 121 757 212 0 0 1 2
3 60 727 118 754 213 0 0 1 2
3 57 727 115 754 214 0 0 1 2
3 55 727 112 754 215 0 0 1 2
3 49 727 107 754 216 0 0 1 2
3 46 727 104 754 217 0 0 1 2
3 44 725 101 752 218 0 0 1 2
3 41 725 99 752 219 0 0 1 2
3 38 725 96 752 220 0 0 1 2
3 35 725 93 752 221 0 0 1 2
3 33 725 90 752 222 0 0 1 2
3 30 723 88 750 223 0 0 1 2
3 27 723 85 750 224 0 0 1 2
3 22 723 79 750 225 0 0 1 2
3 19 723 77 750 226 0 0 1 2
3 16 723 74 750 227 0 0 1 2
3 13 720 71 748 228 0 0 1 2
3 11 720 68 748 229 0 0 1 2
3 8 720 66 748 230 0 0 1 2
3 5 720 63 748 231 0 0 1 2
3 2 720 60 748 232 0 0 1 2
3 760 786 817 813 508 0 0 0 2
4 966 906 1005 938 0 0 0 0 2
4 966 904 1005 936 1 0 0 1 2
4 966 904 1005 936 2 0 0 1 2
4 966 904 1005 936 3 0 0 1 2
4 966 904 1005 936 4 0 0 1 2
4 969 904 1008 936 5 0 0 1 2
4 969 904 1008 936 6 0 0 1 2
4 969 904 1008 936 7 0 0 1 2
4 969 902 1008 933 8 0 0 1 2
4 969 902 1008 933 9 0 0 1 2
4 972 902 1010 933 10 0 0 1 2
4 972 902 1010 933 11 0 0 1 2
4 972 902 1010 933 12 0 0 1 2
4 972 902 1010 933 13 0 0 1 2
4 974 902 1013 933 14 0 0 1 2
4 974 902 1013 933 15 0 0 1 2
4 974 899 1013 931 16 0 0 1 2
4 974 899 1013 931 17 0 0 1 2
4 974 899 1013 931 18 0 0 1 2
4 977 899 1016 931 19 0 0 1 2
4 977 899 1016 931 20 0 0 1 2
4 977 899 1016 931 21 0 0 1 2
4 977 899 1016 931 22 0 0 1 2
4 977 899 1016 931 23 0 0 1 2
4 980 897 1019 929 24 0 0 1 2
4 980 897 1019 929 25 0 0 1 2
4 980 897 1019 929 26 0 0 1 2
4 980 897 1019 929 27 0 0 1 2
4 983 897 1021 929 28 0 0 1 2
4 983 897 1021 929 29 0 0 1 2
4 983 897 1021 929 30 0 0 1 2
4 983 897 1021 929 31 0 0 1 2
4 983 895 1021 927 32 0 0 1 2
4 985 895 1024 927 33 0 0 1 2
4 985 895 1024 927 34 0 0 1 2
4 985 895 1024 927 35 0 0 1 2
4 985 895 1024 927 36 0 0 1 2
4 985 895 1024 927 37 0 0 1 2
4 988 895 1027 927 38 0 0 1 2
4 988 895 1027 927 39 0 0 1 2
4 988 893 1027 924 40 0 0 1 2
4 988 893 1027 924 41 0 0 1 2
4 991 893 1030 924 42 0 0 1 2
4 991 893 1030 924 43 0 0 1 2
4 991 893 1030 924 44 0 0 1 2
4 991 893 1030 924 45 0 0 1 2
4 991 893 1030 924 46 0 0 1 2
4 994 893 1032 924 47 0 0 1 2
4 994 890 1032 922 48 0 0 1 2
4 994 890 1032 922 49 0 0 1 2
4 994 890 1032 922 50 0 0 1 2
4 997 890 1035 922 51 0 0 1 2
4 997 890 1035 922 52 0 0 1 2
4 997 890 1035 922 53 0 0 1 2
4 997 890 1035 922 54 0 0 1 2
4 997 888 1035 920 55 0 0 1 2
4 999 888 1038 920 56 0 0 1 2
4 999 888 1038 920 57 0 0 1 2
4 999 888 1038 920 58 0 0 1 2
4 999 888 1038 920 59 0 0 1 2
4 999 888 1038 920 60 0 0 1 2
4 1002 888 1041 920 61 0 0 1 2
4 1002 888 1041 920 62 0 0 1 2
4 1002 886 1041 918 63 0 0 1 2
4 1002 886 1041 918 64 0 0 1 2
4 1005 886 1043 918 65 0 0 1 2
4 1005 886 1043 918 66 0 0 1 2
4 1005 886 1043 918 67 0 0 1 2
4 1005 886 1043 918 68 0 0 1 2
4 1005 886 1043 918 69 0 0 1 2
4 1008 886 1046 918 70 0 0 1 2
4 1008 884 1046 915 71 0 0 1 2
4 1008 884 1046 915 72 0 0 1 2
4 1008 884 1046 915 73 0 0 1 2
4 1008 884 1046 915 74 0 0 1 2
4 1010 884 1049 915 75 0 0 1 2
4 1010 884 1049 915 76 0 0 1 2
4 1010 884 1049 915 77 0 0 1 2
4 1010 884 1049 915 78 0 0 1 2
4 1013 881 1052 913 79 0 0 1 2
4 1013 881 1052 913 80 0 0 1 2
4 1013 881 1052 913 81 0 0 1 2
4 1013 881 1052 913 82 0 0 1 2
4 1013 881 1052 913 83 0 0 1 2
4 1016 881 1054 913 84 0 0 1 2
4 1016 881 1054 913 85 0 0 1 2
4 1016 881 1054 913 86 0 0 1 2
4 1016 879 1054 911 87 0 0 1 2
4 1016 879 1054 911 88 0 0 1 2
4 1019 879 1057 911 89 0 0 1 2
4 1019 879 1057 911 90 0 0 1 2
4 1019 879 1057 911 91 0 0 1 2
4 1019 879 1057 911 92 0 0 1 2
4 1021 879 1060 911 93 0 0 1 2
4 1021 879 1060 911 94 0 0 1 2
4 1021 877 1060 908 95 0 0 1 2
4 1021 877 1060 908 96 0 0 1 2
4 1021 877 1060 908 97 0 0 1 2
4 1024 877 1063 908 98 0 0 1 2
4 1024 877 1063 908 99 0 0 1 2
4 1024 877 1063 908 100 0 0 1 2
4 1024 877 1063 908 101 0 0 1 2
4 1027 877 1065 908 102 0 0 0 2
4 1027 874 1065 906 103 0 0 1 2
4 1027 874 1065 906 104 0 0 1 2
4 1027 874 1065 906 105 0 0 1 2
4 1030 874 1068 906 106 0 0 1 2
4 1030 874 1068 906 107 0 0 1 2
4 1030 874 1068 906 108 0 0 1 2
4 1030 872 1068 904 109 0 0 1 2
4 1032 872 1071 904 110 0 0 1 2
4 1032 872 1071 904 111 0 0 1 2
4 1032 872 1071 904 112 0 0 1 2
4 1032 872 1071 904 113 0 0 1 2
4 1035 872 1074 904 114 0 0 1 2
4 1035 872 1074 904 115 0 0 1 2
4 1035 870 1074 902 116 0 0 1 2
4 1035 870 1074 902 117 0 0 1 2
4 1038 870 1076 902 118 0 0 1 2
4 1038 870 1076 902 119 0 0 1 2
4 1038 870 1076 902 120 0 0 1 2
4 1038 870 1076 902 121 0 0 1 2
4 1041 868 1079 899 122 0 0 1 2
4 1041 868 1079 899 123 0 0 1 2
4 1041 868 1079 899 124 0 0 1 2
4 1041 868 1079 899 125 0 0 1 2
4 1043 868 1082 899 126 0 0 1 2
4 1043 868 1082 899 127 0 0 1 2
4 1043 868 1082 899 128 0 0 1 2
4 1043 865 1082 897 129 0 0 1 2
4 1046 865 1085 897 130 0 0 1 2
4 1046 865 1085 897 131 0 0 1 2
4 1046 865 1085 897 132 0 0 1 2
4 1046 865 1085 897 133 0 0 1 2
4 1049 865 1087 897 134 0 0 1 2
4 1049 863 1087 895 135 0 0 1 2
4 1049 863 1087 895 136 0 0 1 2
4 1052 863 1090 895 137 0 0 1 2
4 1052 863 1090 895 138 0 0 1 2
4 1052 863 1090 895 139 0 0 1 2
4 1052 863 1090 895 140 0 0 1 2
4 1054 863 1093 895 141 0 0 1 2
4 1054 861 1093 893 142 0 0 1 2
4 1054 861 1093 893 143 0 0 1 2
4 1054 861 1093 893 144 0 0 1 2
4 1057 861 1096 893 145 0 0 1 2
4 1057 861 1096 893 146 0 0 1 2
4 1057 861 1096 893 147 0 0 1 2
4 1057 859 1096 890 148 0 0 1 2
4 1060 859 1098 890 149 0 0 1 2
4 1060 859 1098 890 150 0 0 1 2
4 1060 859 1098 890 151 0 0 1 2
4 1060 859 1098 890 152 0 0 1 2
4 1063 859 1101 890 153 0 0 1 2
4 1063 859 1101 890 154 0 0 1 2
4 1063 856 1101 888 155 0 0 1 2
4 1063 856 1101 888 156 0 0 1 2
4 1065 856 1104 888 157 0 0 1 2
4 1065 856 1104 888 158 0 0 1 2
4 1065 856 1104 888 159 0 0 1 2
4 1065 856 1104 888 160 0 0 1 2
4 1068 856 1107 888 161 0 0 1 2
4 1068 854 1107 886 162 0 0 1 2
4 1068 854 1107 886 163 0 0 1 2
4 1068 854 1107 886 164 0 0 1 2
4 1071 854 1109 886 165 0 0 1 2
4 1071 854 1109 886 166 0 0 1 2
4 1071 854 1109 886 167 0 0 1 2
4 1071 852 1109 884 168 0 0 1 2
4 1074 852 1112 884 169 0 0 1 2
4 1074 852 1112 884 170 0 0 1 2
4 1074 852 1112 884 171 0 0 1 2
4 1076 852 1115 884 172 0 0 1 2
4 1076 852 1115 884 173 0 0 1 2
4 1076 852 1115 884 174 0 0 1 2
4 1076 850 1115 881 175 0 0 1 2
4 1079 850 1118 881 176 0 0 1 2
4 1079 850 1118 881 177 0 0 1 2
4 1079 850 1118 881 178 0 0 1 2
4 1079 850 1118 881 179 0 0 1 2
4 1082 850 1120 881 180 0 0 1 2
4 1082 847 1120 879 181 0 0 1 2
4 1082 847 1120 879 182 0 0 1 2
4 1082 847 1120 879 183 0 0 1 2
4 1085 847 1123 879 184 0 0 1 2
4 1085 847 1123 879 185 0 0 1 2
4 1085 847 1123 879 186 0 0 1 2
4 1085 847 1123 879 187 0 0 1 2
4 1087 845 1126 877 188 0 0 1 2
4 1087 845 1126 877 189 0 0 1 2
4 1087 845 1126 877 190 0 0 1 2
4 1087 845 1126 877 191 0 0 1 2
4 1090 845 1129 877 192 0 0 1 2
4 1090 845 1129 877 193 0 0 1 2
4 1090 843 1129 874 194 0 0 1 2
4 1090 843 1129 874 195 0 0 1 2
4 1093 843 1131 874 196 0 0 1 2
4 1093 843 1131 874 197 0 0 1 2
4 1093 843 1131 874 198 0 0 1 2
4 1093 843 1131 874 199 0 0 1 2
4 1096 843 1134 874 200 0 0 1 2
4 1096 840 1134 872 201 0 0 1 2
4 1096 840 1134 872 202 0 0 1 2
4 1096 840 1134 872 203 0 0 1 2
4 1098 840 1137 872 204 0 0 1 2
4 1098 840 1137 872 205 0 0 1 2
4 1098 840 1137 872 206 0 0 1 2
4 1101 840 1140 872 207 0 0 0 2
4 1101 838 1140 870 208 0 0 1 2
4 1101 838 1140 870 209 0 0 1 2
4 1101 838 1140 870 210 0 0 1 2
4 1104 838 1142 870 211 0 0 1 2
4 1104 838 1142 870 212 0 0 1 2
4 1104 838 1142 870 213 0 0 1 2
4 1104 838 1142 870 214 0 0 1 2
4 1107 838 1145 870 215 0 0 1 2
4 1107 838 1145 870 216 0 0 1 2
4 1107 836 1145 868 217 0 0 1 2
4 1109 836 1148 868 218 0 0 1 2
4 1109 836 1148 868 219 0 0 1 2
4 1109 836 1148 868 220 0 0 1 2
4 1109 836 1148 868 221 0 0 1 2
4 1112 836 1151 868 222 0 0 1 2
4 1112 836 1151 868 223 0 0 1 2
4 1112 836 1151 868 224 0 0 1 2
4 1115 836 1153 868 225 0 0 1 2
4 1115 834 1153 865 226 0 0 1 2
4 1115 834 1153 865 227 0 0 1 2
4 1115 834 1153 865 228 0 0 1 2
4 1118 834 1156 865 229 0 0 1 2
4 1118 834 1156 865 230 0 0 1 2
4 1118 834 1156 865 231 0 0 1 2
4 1120 834 1159 865 232 0 0 1 2
4 1120 834 1159 865 233 0 0 1 2
4 1120 834 1159 865 234 0 0 1 2
4 1120 834 1159 865 235 0 0 1 2
4 1123 831 1162 863 236 0 0 1 2
4 1123 831 1162 863 237 0 0 1 2
4 1123 831 1162 863 238 0 0 1 2
4 1123 831 1162 863 239 0 0 1 2
4 1126 831 1165 863 240 0 0 1 2
4 1126 831 1165 863 241 0 0 1 2
4 1126 831 1165 863 242 0 0 1 2
4 1129 831 1167 863 243 0 0 1 2
4 1129 831 1167 863 244 0 0 1 2
4 1129 829 1167 861 245 0 0 1 2
4 1129 829 1167 861 246 0 0 1 2
4 1131 829 1170 861 247 0 0 1 2
4 1131 829 1170 861 248 0 0 1 2
4 1131 829 1170 861 249 0 0 1 2
4 1134 829 1173 861 250 0 0 1 2
4 1134 829 1173 861 251 0 0 1 2
4 1134 829 1173 861 252 0 0 1 2
4 1134 829 1173 861 253 0 0 1 2
4 1137 827 1176 859 254 0 0 1 2
4 1137 827 1176 859 255 0 0 1 2
4 1137 827 1176 859 256 0 0 1 2
4 1140 827 1178 859 257 0 0 1 2
4 1140 827 1178 859 258 0 0 1 2
4 1140 827 1178 859 259 0 0 1 2
4 1140 827 1178 859 260 0 0 1 2
4 1142 827 1181 859 261 0 0 1 2
4 1142 827 1181 859 262 0 0 1 2
4 1142 827 1181 859 263 0 0 1 2
4 1142 825 1181 856 264 0 0 1 2
4 1145 825 1184 856 265 0 0 1 2
4 1145 825 1184 856 266 0 0 1 2
4 1145 825 1184 856 267 0 0 1 2
4 1148 825 1187 856 268 0 0 1 2
4 1148 825 1187 856 269 0 0 1 2
4 1148 825 1187 856 270 0 0 1 2
4 1148 825 1187 856 271 0 0 1 2
4 1151 825 1189 856 272 0 0 1 2
4 1151 822 1189 854 273 0 0 1 2
4 1151 822 1189 854 274 0 0 1 2
4 1153 822 1192 854 275 0 0 1 2
4 1153 822 1192 854 276 0 0 1 2
4 1153 822 1192 854 277 0 0 1 2
4 1153 822 1192 854 278 0 0 1 2
4 1156 822 1195 854 279 0 0 1 2
4 1156 822 1195 854 280 0 0 1 2
4 1156 822 1195 854 281 0 0 1 2
4 1159 822 1198 854 282 0 0 0 2
4 1159 820 1198 852 283 0 0 1 2
4 1159 820 1198 852 284 0 0 1 2
4 1159 820 1198 852 285 0 0 1 2
4 1162 820 1200 852 286 0 0 1 2
4 1162 820 1200 852 287 0 0 1 2
4 1162 820 1200 852 288 0 0 1 2
4 1165 820 1203 852 289 0 0 1 2
4 1165 820 1203 852 290 0 0 1 2
4 1165 820 1203 852 291 0 0 1 2
4 1167 820 1206 852 292 0 0 1 2
4 1167 818 1206 850 293 0 0 1 2
4 1167 818 1206 850 294 0 0 1 2
4 1170 818 1209 850 295 0 0 1 2
4 1170 818 1209 850 296 0 0 1 2
4 1170 818 1209 850 297 0 0 1 2
4 1173 818 1211 850 298 0 0 1 2
4 1173 818 1211 850 299 0 0 1 2
4 1173 818 1211 850 300 0 0 1 2
4 1173 818 1211 850 301 0 0 1 2
4 1176 818 1214 850 302 0 0 1 2
4 1176 818 1214 850 303 0 0 1 2
4 1176 816 1214 847 304 0 0 1 2
4 1178 816 1217 847 305 0 0 1 2
4 1178 816 1217 847 306 0 0 1 2
4 1178 816 1217 847 307 0 0 1 2
4 1181 816 1220 847 308 0 0 1 2
4 1181 816 1220 847 309 0 0 1 2
4 1181 816 1220 847 310 0 0 1 2
4 1184 816 1222 847 311 0 0 1 2
4 1184 816 1222 847 312 0 0 1 2
4 1184 816 1222 847 313 0 0 1 2
4 1187 816 1225 847 314 0 0 1 2
4 1187 813 1225 845 315 0 0 1 2
4 1187 813 1225 845 316 0 0 1 2
4 1187 813 1225 845 317 0 0 1 2
4 1189 813 1228 845 318 0 0 1 2
4 1189 813 1228 845 319 0 0 1 2
4 1189 813 1228 845 320 0 0 1 2
4 1192 813 1231 845 321 0 0 1 2
4 1192 813 1231 845 322 0 0 1 2
4 1192 813 1231 845 323 0 0 1 2
4 1195 813 1233 845 324 0 0 1 2
4 1195 811 1233 843 325 0 0 1 2
4 1195 811 1233 843 326 0 0 1 2
4 1198 811 1236 843 327 0 0 1 2
4 1198 811 1236 843 328 0 0 1 2
4 1198 811 1236 843 329 0 0 1 2
4 1200 811 1239 843 330 0 0 1 2
4 1200 811 1239 843 331 0 0 1 2
4 1200 811 1239 843 332 0 0 1 2
4 1200 811 1239 843 333 0 0 1 2
4 1203 811 1242 843 334 0 0 1 2
4 1203 811 1242 843 335 0 0 1 2
4 1203 809 1242 840 336 0 0 1 2
4 1206 809 1244 840 337 0 0 1 2
4 1206 809 1244 840 338 0 0 1 2
4 1206 809 1244 840 339 0 0 1 2
4 1209 809 1247 840 340 0 0 1 2
4 1209 809 1247 840 341 0 0 1 2
4 1209 809 1247 840 342 0 0 1 2
4 1211 809 1250 840 343 0 0 1 2
4 1211 809 1250 840 344 0 0 1 2
4 1211 809 1250 840 345 0 0 1 2
4 1214 809 1253 840 346 0 0 0 2
4 1214 806 1253 838 347 0 0 1 2
4 1214 806 1253 838 348 0 0 1 2
4 1214 806 1253 838 349 0 0 1 2
4 1217 806 1255 838 350 0 0 1 2
4 1217 806 1255 838 351 0 0 1 2
4 1217 806 1255 838 352 0 0 1 2
4 1220 806 1258 838 353 0 0 1 2
4 1220 804 1258 836 354 0 0 1 2
4 1220 804 1258 836 355 0 0 1 2
4 1222 804 1261 836 356 0 0 1 2
4 1222 804 1261 836 357 0 0 1 2
4 1222 804 1261 836 358 0 0 1 2
4 1222 804 1261 836 359 0 0 1 2
4 1225 804 1264 836 360 0 0 1 2
4 1225 802 1264 834 361 0 0 1 2
4 1225 802 1264 834 362 0 0 1 2
4 1228 802 1266 834 363 0 0 1 2
4 1228 802 1266 834 364 0 0 1 2
4 1228 802 1266 834 365 0 0 1 2
4 1231 802 1269 834 366 0 0 1 2
4 1231 802 1269 834 367 0 0 1 2
4 1231 800 1269 831 368 0 0 1 2
4 1231 800 1269 831 369 0 0 1 2
4 1233 800 1272 831 370 0 0 1 2
4 1233 800 1272 831 371 0 0 1 2
4 1233 800 1272 831 372 0 0 1 2
4 1236 800 1275 831 373 0 0 1 2
4 1236 800 1275 831 374 0 0 1 2
4 1236 800 1275 831 375 0 0 1 2
4 1239 797 1277 829 376 0 0 1 2
4 1239 797 1277 829 377 0 0 1 2
4 1239 797 1277 829 378 0 0 1 2
4 1239 797 1277 829 379 0 0 1 2
4 1242 797 1280 829 380 0 0 1 2
4 1242 797 1280 829 381 0 0 1 2
4 1242 797 1280 829 382 0 0 1 2
4 1244 795 1283 827 383 0 0 1 2
4 1244 795 1283 827 384 0 0 1 2
4 1244 795 1283 827 385 0 0 1 2
4 1247 795 1286 827 386 0 0 1 2
4 1247 795 1286 827 387 0 0 1 2
4 1247 795 1286 827 388 0 0 1 2
4 1247 795 1286 827 389 0 0 1 2
4 1250 793 1288 825 390 0 0 1 2
4 1250 793 1288 825 391 0 0 1 2
4 1250 793 1288 825 392 0 0 1 2
4 1253 793 1291 825 393 0 0 1 2
4 1253 793 1291 825 394 0 0 1 2
4 1253 793 1291 825 395 0 0 1 2
4 1255 793 1294 825 396 0 0 1 2
4 1255 791 1294 822 397 0 0 1 2
4 1255 791 1294 822 398 0 0 1 2
4 1255 791 1294 822 399 0 0 1 2
4 1258 791 1297 822 400 0 0 1 2
4 1258 791 1297 822 401 0 0 1 2
4 1258 791 1297 822 402 0 0 1 2
4 1261 791 1299 822 403 0 0 1 2
4 1261 791 1299 822 404 0 0 1 2
4 1261 788 1299 820 405 0 0 1 2
4 1264 788 1302 820 406 0 0 1 2
4 1264 788 1302 820 407 0 0 1 2
4 1264 788 1302 820 408 0 0 1 2
4 1264 788 1302 820 409 0 0 1 2
4 1266 788 1305 820 410 0 0 1 2
4 1266 788 1305 820 411 0 0 1 2
4 1266 786 1305 818 412 0 0 1 2
4 1269 786 1308 818 413 0 0 1 2
4 1269 786 1308 818 414 0 0 1 2
4 1269 786 1308 818 415 0 0 1 2
4 1272 786 1310 818 416 0 0 1 2
4 1272 786 1310 818 417 0 0 1 2
4 1272 786 1310 818 418 0 0 1 2
4 1272 784 1310 816 419 0 0 1 2
4 1275 784 1313 816 420 0 0 1 2
4 1275 784 1313 816 421 0 0 1 2
4 1275 784 1313 816 422 0 0 1 2
4 1277 784 1316 816 423 0 0 1 2
4 1277 784 1316 816 424 0 0 1 2
4 1277 784 1316 816 425 0 0 1 2
4 1280 784 1319 816 426 0 0 0 2
4 1280 782 1319 813 427 0 0 1 2
4 1280 782 1319 813 428 0 0 1 2
4 1280 782 1319 813 429 0 0 1 2
4 1283 782 1322 813 430 0 0 1 2
4 1283 782 1322 813 431 0 0 1 2
4 1283 782 1322 813 432 0 0 1 2
4 1286 782 1324 813 433 0 0 1 2
4 1286 782 1324 813 434 0 0 1 2
4 1286 782 1324 813 435 0 0 1 2
4 1286 782 1324 813 436 0 0 1 2
4 1288 782 1327 813 437 0 0 1 2
4 1288 782 1327 813 438 0 0 1 2
4 1288 782 1327 813 439 0 0 1 2
4 1291 782 1330 813 440 0 0 1 2
4 1291 782 1330 813 441 0 0 1 2
4 1291 782 1330 813 442 0 0 1 2
4 1291 782 1330 813 443 0 0 1 2
4 1294 782 1333 813 444 0 0 1 2
4 1294 782 1333 813 445 0 0 1 2
4 1294 782 1333 813 446 0 0 1 2
4 1297 782 1335 813 447 0 0 1 2
4 1297 782 1335 813 448 0 0 1 2
4 1297 782 1335 813 449 0 0 1 2
4 1297 782 1335 813 450 0 0 1 2
4 1299 782 1338 813 451 0 0 1 2
4 1299 782 1338 813 452 0 0 1 2
4 1299 782 1338 813 453 0 0 1 2
4 1302 782 1341 813 454 0 0 1 2
4 1302 779 1341 811 455 0 0 1 2
4 1302 779 1341 811 456 0 0 1 2
4 1302 779 1341 811 457 0 0 1 2
4 1305 779 1344 811 458 0 0 1 2
4 1305 779 1344 811 459 0 0 1 2
4 1305 779 1344 811 460 0 0 1 2
4 1308 779 1346 811 461 0 0 1 2
4 1308 779 1346 811 462 0 0 1 2
4 1308 779 1346 811 463 0 0 1 2
4 1308 779 1346 811 464 0 0 1 2
4 1310 779 1349 811 465 0 0 1 2
4 1310 779 1349 811 466 0 0 1 2
4 1310 779 1349 811 467 0 0 1 2
4 1313 779 1352 811 468 0 0 1 2
4 1313 779 1352 811 469 0 0 1 2
4 1313 779 1352 811 470 0 0 1 2
4 1313 779 1352 811 471 0 0 1 2
4 1316 779 1355 811 472 0 0 1 2
4 1316 779 1355 811 473 0 0 1 2
4 1316 779 1355 811 474 0 0 1 2
4 1319 779 1357 811 475 0 0 1 2
4 1319 779 1357 811 476 0 0 1 2
4 1319 779 1357 811 477 0 0 1 2
4 1319 779 1357 811 478 0 0 1 2
4 1322 779 1360 811 479 0 0 1 2
4 1322 779 1360 811 480 0 0 1 2
4 1322 779 1360 811 481 0 0 1 2
4 1324 779 1363 811 482 0 0 0 2
4 1324 777 1363 809 483 0 0 1 2
4 1324 777 1363 809 484 0 0 1 2
4 1327 777 1366 809 485 0 0 1 2
4 1327 777 1366 809 486 0 0 1 2
4 1327 777 1366 809 487 0 0 1 2
4 1330 777 1368 809 488 0 0 1 2
4 1330 777 1368 809 489 0 0 1 2
4 1330 777 1368 809 490 0 0 1 2
4 1333 777 1371 809 491 0 0 1 2
4 1333 777 1371 809 492 0 0 1 2
4 1333 777 1371 809 493 0 0 1 2
4 1335 777 1374 809 494 0 0 1 2
4 1335 777 1374 809 495 0 0 1 2
4 1335 775 1374 806 496 0 0 1 2
4 1338 775 1377 806 497 0 0 1 2
4 1338 775 1377 806 498 0 0 1 2
4 1338 775 1377 806 499 0 0 1 2
4 1341 775 1379 806 500 0 0 1 2
4 1341 775 1379 806 501 0 0 1 2
4 1341 775 1379 806 502 0 0 1 2
4 1344 775 1382 806 503 0 0 1 2
4 1344 775 1382 806 504 0 0 1 2
4 1344 775 1382 806 505 0 0 1 2
4 1346 775 1385 806 506 0 0 1 2
4 1346 775 1385 806 507 0 0 1 2
4 1349 775 1388 806 508 0 0 0 2
6 5 829 41 861 402 0 0 0 2
6 5 829 41 861 403 0 0 1 2
6 8 829 44 861 404 0 0 1 2
6 11 829 46 861 405 0 0 1 2
6 13 829 49 861 406 0 0 1 2
6 16 829 52 861 407 0 0 1 2
6 19 829 55 861 408 0 0 1 2
6 22 829 57 861 409 0 0 1 2
6 24 829 60 861 410 0 0 1 2
6 27 829 63 861 411 0 0 1 2
6 30 829 66 861 412 0 0 1 2
6 33 829 68 861 413 0 0 1 2
6 35 831 71 863 414 0 0 1 2
6 38 831 74 863 415 0 0 1 2
6 41 831 77 863 416 0 0 1 2
6 44 831 79 863 417 0 0 1 2
6 46 831 82 863 418 0 0 1 2
6 49 831 85 863 419 0 0 1 2
6 52 831 88 863 420 0 0 1 2
6 55 831 90 863 421 0 0 1 2
6 57 831 93 863 422 0 0 1 2
6 60 831 96 863 423 0 0 1 2
6 63 831 99 863 424 0 0 1 2
6 66 831 101 863 425 0 0 1 2
6 68 834 104 865 426 0 0 0 2
6 68 834 104 865 427 0 0 1 2
6 71 834 107 865 428 0 0 1 2
6 74 834 110 865 429 0 0 1 2
6 77 834 112 865 430 0 0 1 2
6 79 834 115 865 431 0 0 1 2
6 82 834 118 865 432 0 0 1 2
6 85 834 121 865 433 0 0 1 2
6 88 834 123 865 434 0 0 1 2
6 90 836 126 868 435 0 0 1 2
6 93 836 129 868 436 0 0 1 2
6 96 836 132 868 437 0 0 1 2
6 99 836 134 868 438 0 0 1 2
6 101 836 137 868 439 0 0 1 2
6 104 836 140 868 440 0 0 1 2
6 107 836 143 868 441 0 0 1 2
6 110 836 145 868 442 0 0 1 2
6 112 838 148 870 443 0 0 1 2
6 115 838 151 870 444 0 0 1 2
6 118 838 154 870 445 0 0 1 2
6 118 838 154 870 446 0 0 1 2
6 121 838 156 870 447 0 0 1 2
6 123 838 159 870 448 0 0 1 2
6 126 838 162 870 449 0 0 1 2
6 129 838 165 870 450 0 0 1 2
6 132 840 168 872 451 0 0 1 2
6 134 840 170 872 452 0 0 1 2
6 137 840 173 872 453 0 0 1 2
6 140 840 176 872 454 0 0 1 2
6 143 840 179 872 455 0 0 1 2
6 145 840 181 872 456 0 0 1 2
6 148 840 184 872 457 0 0 1 2
6 151 840 187 872 458 0 0 1 2
6 154 843 190 874 459 0 0 1 2
6 156 843 192 874 460 0 0 1 2
6 159 843 195 874 461 0 0 1 2
6 162 843 198 874 462 0 0 1 2
6 165 843 201 874 463 0 0 1 2
6 168 843 203 874 464 0 0 1 2
6 168 843 203 874 465 0 0 1 2
6 170 843 206 874 466 0 0 1 2
6 173 845 209 877 467 0 0 1 2
6 176 845 212 877 468 0 0 1 2
6 179 845 214 877 469 0 0 1 2
6 181 845 217 877 470 0 0 1 2
6 184 845 220 877 471 0 0 1 2
6 187 845 223 877 472 0 0 1 2
6 190 845 225 877 473 0 0 1 2
6 192 845 228 877 474 0 0 1 2
6 195 847 231 879 475 0 0 1 2
6 198 847 234 879 476 0 0 1 2
6 201 847 236 879 477 0 0 1 2
6 203 847 239 879 478 0 0 1 2
6 206 847 242 879 479 0 0 1 2
6 209 847 245 879 480 0 0 1 2
6 212 847 247 879 481 0 0 1 2
6 214 847 250 879 482 0 0 1 2
6 217 850 253 881 483 0 0 0 2
6 220 850 256 881 484 0 0 1 2
6 223 850 258 881 485 0 0 1 2
6 225 850 261 881 486 0 0 1 2
6 228 850 264 881 487 0 0 1 2
6 231 850 267 881 488 0 0 1 2
6 234 850 269 881 489 0 0 1 2
6 236 850 272 881 490 0 0 1 2
6 239 850 275 881 491 0 0 1 2
6 242 852 278 884 492 0 0 1 2
6 245 852 280 884 493 0 0 1 2
6 247 852 283 884 494 0 0 1 2
6 250 852 286 884 495 0 0 1 2
6 253 852 289 884 496 0 0 1 2
6 256 852 291 884 497 0 0 1 2
6 258 852 294 884 498 0 0 1 2
6 261 852 297 884 499 0 0 1 2
6 264 854 300 886 500 0 0 0 2
6 267 854 302 884 501 0 0 1 2
6 272 854 305 884 502 0 0 1 2
6 275 854 308 884 503 0 0 1 2
6 280 856 311 884 504 0 0 1 2
6 283 856 313 881 505 0 0 1 2
6 289 856 316 881 506 0 0 1 2
6 291 856 319 881 507 0 0 1 2
6 297 859 324 881 508 0 0 0 2
