0 1166 431 1197 459 4991 0 0 0 2
0 1178 417 1213 445 5011 0 0 1 2
0 1191 405 1231 431 5031 0 0 1 2
0 1205 391 1244 417 5051 0 0 1 2
0 1221 375 1260 402 5071 0 0 1 2
0 1237 356 1276 383 5091 0 0 1 2
0 1246 342 1286 369 5111 0 0 1 2
0 1258 328 1298 355 5131 0 0 1 2
0 1272 310 1311 336 5151 0 0 1 2
0 1282 299 1321 325 5171 0 0 1 2
0 1292 285 1331 311 5191 0 0 1 2
0 1301 269 1341 296 5211 0 0 1 2
0 1309 255 1349 282 5231 0 0 1 2
0 1319 239 1358 266 5251 0 0 1 2
0 1325 219 1364 246 5271 0 0 1 2
0 1331 202 1370 229 5291 0 0 1 2
0 1335 183 1374 210 5311 0 0 1 2
0 1337 166 1376 193 5331 0 0 1 2
0 1339 146 1378 172 5351 0 0 1 2
0 1339 126 1378 152 5371 0 0 1 2
0 1341 105 1380 132 5391 0 0 1 2
0 1343 85 1382 112 5411 0 0 1 2
0 1343 67 1382 93 5431 0 0 1 2
0 1343 43 1382 70 5451 0 0 1 2
0 1341 21 1380 48 5471 0 0 1 2
0 1339 4 1378 31 5491 0 0 1 2
0 1341 0 1380 23 5511 0 0 1 2
2 713 28 737 56 6353 0 0 1 2
2 711 43 735 71 6373 0 0 1 2
2 711 60 735 88 6393 0 0 1 2
2 711 76 735 104 6413 0 0 1 2
2 711 95 735 123 6433 0 0 1 2
2 711 113 735 141 6453 0 0 1 2
2 711 132 735 160 6473 0 0 1 2
2 711 152 735 180 6493 0 0 0 2
2 711 169 735 197 6513 0 0 1 2
3 768 668 814 704 6333 0 0 1 2
3 765 599 810 634 6353 0 0 1 2
3 765 537 810 571 6373 0 0 1 2
3 767 481 812 515 6393 0 0 1 2
3 770 425 816 459 6413 0 0 1 2
3 768 344 812 378 6433 0 0 0 2
3 772 292 816 327 6453 0 0 1 2
3 776 241 820 275 6473 0 0 1 2
3 782 190 826 224 6493 0 0 0 2
3 765 132 808 166 6513 0 0 1 2
5 731 23 757 52 6343 0 0 1 2
5 731 35 757 63 6363 0 0 1 2
5 731 51 757 79 6383 0 0 1 2
5 731 67 757 95 6403 0 0 1 2
5 729 84 755 112 6423 0 0 1 2
5 729 104 755 132 6443 0 0 1 2
5 727 124 755 152 6463 0 0 1 2
5 727 144 755 172 6483 0 0 1 2
5 727 160 753 188 6503 0 0 1 2
5 727 174 751 205 6523 0 0 1 2
5 727 190 749 221 6543 0 0 1 2
5 727 204 747 238 6563 0 0 1 2
5 727 221 747 255 6583 0 0 1 2
5 729 236 749 271 6603 0 0 1 2
5 731 254 751 288 6623 0 0 1 2
5 731 271 751 305 6643 0 0 1 2
5 731 289 751 324 6663 0 0 1 2
5 733 306 753 341 6683 0 0 1 2
5 735 324 755 358 6703 0 0 1 2
5 735 341 755 375 6723 0 0 1 2
5 737 358 757 392 6743 0 0 1 2
5 737 377 757 411 6763 0 0 1 2
5 737 395 757 430 6783 0 0 1 2
5 733 416 755 450 6803 0 0 1 2
5 727 437 755 470 6823 0 0 1 2
5 727 458 755 492 6843 0 0 1 2
5 727 479 755 514 6863 0 0 1 2
5 727 500 755 534 6883 0 0 1 2
5 727 515 755 550 6903 0 0 1 2
5 727 531 755 565 6923 0 0 1 2
5 725 548 753 582 6943 0 0 1 2
5 725 565 753 599 6963 0 0 1 2
5 725 584 753 618 6983 0 0 1 2
5 725 601 753 635 7003 0 0 1 2
5 725 620 753 651 7023 0 0 1 2
5 727 637 753 668 7043 0 0 1 2
5 729 656 753 684 7063 0 0 1 2
5 733 677 757 705 7083 0 0 1 2
5 739 701 763 729 7103 0 0 1 2
5 739 716 763 743 7123 0 0 1 2
6 745 152 763 177 6503 0 0 1 2
6 745 171 763 196 6523 0 0 1 2
6 745 188 763 213 6543 0 0 1 2
6 745 207 763 232 6563 0 0 1 2
6 745 224 763 249 6583 0 0 1 2
6 747 239 765 264 6603 0 0 1 2
6 749 257 767 282 6623 0 0 1 2
6 749 275 767 300 6643 0 0 1 2
6 749 294 767 317 6663 0 0 1 2
6 749 313 768 336 6683 0 0 1 2
6 749 331 768 353 6703 0 0 1 2
6 749 349 768 372 6723 0 0 1 2
6 749 367 770 389 6743 0 0 1 2
6 749 384 770 406 6763 0 0 1 2
6 749 403 770 423 6783 0 0 1 2
6 749 419 772 442 6803 0 0 1 2
6 751 436 772 462 6823 0 0 1 2
6 751 455 770 483 6843 0 0 1 2
6 751 475 770 503 6863 0 0 1 2
6 751 495 770 523 6883 0 0 1 2
6 751 515 770 543 6903 0 0 1 2
6 751 534 770 562 6923 0 0 1 2
6 751 551 770 579 6943 0 0 1 2
6 751 567 770 595 6963 0 0 1 2
6 751 584 770 612 6983 0 0 1 2
6 749 599 770 628 7003 0 0 1 2
6 749 617 770 646 7023 0 0 1 2
6 749 634 772 665 7043 0 0 1 2
6 749 651 774 684 7063 0 0 1 2
6 749 671 776 705 7083 0 0 1 2
6 751 693 778 727 7103 0 0 1 2
6 751 713 778 746 7123 0 0 1 2
7 784 723 822 743 4634 0 0 1 2
7 784 709 822 729 4654 0 0 1 2
7 782 695 820 715 4674 0 0 1 2
7 780 680 818 701 4694 0 0 1 2
7 778 666 816 687 4714 0 0 1 2
7 776 651 814 671 4734 0 0 1 2
7 774 635 810 656 4754 0 0 1 2
7 770 621 808 642 4774 0 0 1 2
7 768 606 804 626 4794 0 0 1 2
7 770 590 806 610 4814 0 0 1 2
7 772 575 808 595 4834 0 0 1 2
7 776 559 812 579 4854 0 0 1 2
7 780 543 816 564 4874 0 0 1 2
7 780 528 816 548 4894 0 0 1 2
7 780 514 816 534 4914 0 0 1 2
7 780 498 816 518 4934 0 0 1 2
7 780 481 816 501 4954 0 0 1 2
7 782 462 818 483 4974 0 0 1 2
7 782 445 818 465 4994 0 0 1 2
7 784 428 818 450 5014 0 0 1 2
7 786 409 814 437 5034 0 0 1 2
7 788 392 814 422 5054 0 0 1 2
7 788 377 814 406 5074 0 0 1 2
7 790 359 816 389 5094 0 0 1 2
7 790 342 816 372 5114 0 0 1 2
7 790 325 816 355 5134 0 0 1 2
7 790 310 816 339 5154 0 0 1 2
7 790 294 816 324 5174 0 0 1 2
7 790 280 816 310 5194 0 0 1 2
7 788 266 814 296 5214 0 0 1 2
7 786 250 812 280 5234 0 0 1 2
7 782 236 808 266 5254 0 0 1 2
7 782 221 808 250 5274 0 0 1 2
7 782 205 808 235 5294 0 0 1 2
7 782 190 808 219 5314 0 0 1 2
7 782 174 808 205 5334 0 0 1 2
7 782 160 806 191 5354 0 0 1 2
7 780 149 804 180 5374 0 0 1 2
7 780 127 804 160 5394 0 0 1 2
7 784 110 806 141 5414 0 0 1 2
7 784 98 806 129 5434 0 0 1 2
7 786 81 808 112 5454 0 0 1 2
7 784 68 806 99 5474 0 0 1 2
7 786 49 808 81 5494 0 0 1 2
7 784 34 808 67 5514 0 0 1 2
7 778 17 808 51 5534 0 0 1 2
7 759 17 794 52 6334 0 0 0 2
7 753 29 788 65 6354 0 0 1 2
7 749 46 784 82 6374 0 0 1 2
7 747 65 782 101 6394 0 0 1 2
7 747 84 782 119 6414 0 0 1 2
7 747 102 782 138 6434 0 0 1 2
7 751 123 786 158 6454 0 0 1 2
7 753 143 788 179 6474 0 0 1 2
7 755 162 790 197 6494 0 0 1 2
7 755 172 788 207 6514 0 0 1 2
7 755 188 786 219 6534 0 0 1 2
7 757 202 782 230 6554 0 0 1 2
7 759 218 782 244 6574 0 0 1 2
7 761 233 784 260 6594 0 0 1 2
7 763 250 786 277 6614 0 0 1 2
7 765 269 788 296 6634 0 0 1 2
7 765 286 788 313 6654 0 0 1 2
7 767 305 790 331 6674 0 0 1 2
7 767 322 790 350 6694 0 0 1 2
7 768 339 792 367 6714 0 0 1 2
7 770 358 794 386 6734 0 0 1 2
7 770 377 794 405 6754 0 0 1 2
7 772 394 796 422 6774 0 0 1 2
7 772 412 796 441 6794 0 0 1 2
7 772 431 796 459 6814 0 0 1 2
7 770 450 794 478 6834 0 0 1 2
7 770 472 794 500 6854 0 0 1 2
7 770 492 794 520 6874 0 0 1 2
7 770 509 794 537 6894 0 0 1 2
7 770 525 794 553 6914 0 0 1 2
7 770 540 794 568 6934 0 0 1 2
7 770 557 794 585 6954 0 0 1 2
7 770 575 794 603 6974 0 0 1 2
7 770 592 794 620 6994 0 0 1 2
7 770 610 796 638 7014 0 0 1 2
7 770 628 798 659 7034 0 0 1 2
7 768 646 800 677 7054 0 0 1 2
7 768 665 802 698 7074 0 0 1 2
7 768 687 802 719 7094 0 0 1 2
7 768 707 802 740 7114 0 0 1 2
7 768 718 802 746 7134 0 0 1 2
8 747 32 780 67 7164 0 0 1 1
8 747 82 780 116 7184 0 0 1 1
8 747 140 780 174 7204 0 0 1 1
8 749 194 780 232 7224 0 0 1 1
8 749 249 780 291 7244 0 0 1 1
8 747 306 778 350 7264 0 0 1 1
8 745 366 776 409 7284 0 0 1 1
8 747 425 778 469 7304 0 0 1 1
8 751 484 782 528 7324 0 0 1 1
8 757 542 788 585 7344 0 0 1 1
8 759 601 790 645 7364 0 0 1 1
8 761 657 792 701 7384 0 0 1 1
8 759 707 790 743 7404 0 0 1 1
9 706 14 739 32 7098 0 0 1 2
9 708 29 741 48 7118 0 0 1 2
9 708 46 741 65 7138 0 0 1 2
9 708 62 741 82 7158 0 0 1 2
9 706 79 739 99 7178 0 0 1 2
9 706 95 739 115 7198 0 0 1 2
9 708 113 741 134 7218 0 0 1 2
9 709 132 743 152 7238 0 0 1 2
9 711 151 745 171 7258 0 0 1 2
9 713 169 747 190 7278 0 0 1 2
9 713 188 747 208 7298 0 0 1 2
9 711 204 745 224 7318 0 0 1 2
9 709 221 743 241 7338 0 0 1 2
9 709 236 743 257 7358 0 0 1 2
9 711 255 745 275 7378 0 0 1 2
9 715 274 749 294 7398 0 0 1 2
9 719 291 753 313 7418 0 0 1 2
9 723 310 757 331 7438 0 0 1 2
9 723 327 757 349 7458 0 0 1 2
9 723 342 757 364 7478 0 0 1 2
9 723 359 757 381 7498 0 0 1 2
9 706 367 772 405 7518 0 0 1 2
9 709 388 776 425 7538 0 0 1 2
9 709 403 776 441 7558 0 0 1 2
9 702 426 768 464 7578 0 0 1 2
9 696 451 763 489 7598 0 0 1 2
9 702 467 768 504 7618 0 0 1 2
9 694 486 761 523 7638 0 1 1 2
9 696 500 763 537 7658 0 0 1 2
9 698 520 765 557 7678 0 0 1 2
9 696 539 763 576 7698 0 0 1 2
9 696 554 763 592 7718 0 0 1 2
9 700 575 767 612 7738 0 0 1 2
9 702 593 768 631 7758 0 0 1 2
9 704 612 770 649 7778 0 0 1 2
9 706 631 772 668 7798 0 0 1 2
9 704 649 770 687 7818 0 0 1 2
9 700 665 767 702 7838 0 0 1 2
9 694 687 761 724 7858 0 0 1 2
9 698 709 765 741 7878 0 0 1 2
10 749 680 808 729 7650 0 0 1 1
10 747 637 806 685 7670 0 0 1 1
10 747 595 806 643 7690 0 0 1 1
10 751 551 810 599 7710 0 0 1 1
10 749 506 808 553 7730 0 0 1 1
10 749 456 808 503 7750 0 0 1 1
10 747 408 806 455 7770 0 0 1 1
10 749 361 808 408 7790 0 0 1 1
10 757 310 816 356 7810 0 0 1 1
10 751 255 810 302 7830 0 0 1 1
10 755 207 814 254 7850 0 0 1 1
10 763 162 822 208 7870 0 0 1 1
10 767 109 826 155 7890 0 0 0 1
10 767 63 826 110 7910 0 0 1 1
10 765 23 824 68 7930 0 0 1 1
11 761 673 804 726 7871 0 0 1 1
11 761 623 806 676 7891 0 0 1 1
11 767 573 812 626 7911 0 0 1 1
11 767 522 812 575 7931 0 0 1 1
11 774 470 818 523 7951 0 0 1 1
11 778 408 822 461 7971 0 0 0 1
11 772 364 816 417 7991 0 0 1 1
11 768 319 810 370 8011 0 0 1 1
11 768 274 806 325 8031 0 0 1 1
11 768 225 806 277 8051 0 0 1 1
11 768 174 806 225 8071 0 0 1 1
11 767 134 804 185 8091 0 0 1 1
11 763 93 800 144 8111 0 0 1 1
11 761 48 798 99 8131 0 0 1 1
11 753 3 790 51 8151 0 0 1 1
12 753 663 822 715 7768 0 0 1 1
12 755 626 824 677 7788 0 0 1 1
12 751 590 820 642 7808 0 0 1 1
12 751 557 820 609 7828 0 0 1 1
12 751 526 820 578 7848 0 0 1 1
12 755 489 822 540 7868 0 0 1 1
12 759 450 826 501 7888 0 0 1 1
12 761 411 827 462 7908 0 0 1 1
12 761 375 827 426 7928 0 0 1 1
12 759 341 826 392 7948 0 0 1 1
12 755 302 822 353 7968 0 0 1 1
12 765 266 831 317 7988 0 0 1 1
12 767 225 829 278 8008 0 0 1 1
12 770 187 822 239 8028 0 0 1 1
12 772 148 814 199 8048 0 0 1 1
12 774 109 814 160 8068 0 0 1 1
12 774 71 814 123 8088 0 0 1 1
12 774 37 814 88 8108 0 0 1 1
12 774 3 814 52 8128 0 0 1 1
13 737 46 784 87 7909 0 0 1 2
13 733 57 782 110 7929 0 0 1 2
13 733 74 782 127 7949 0 0 1 2
13 735 88 786 141 7969 0 0 1 2
13 731 112 782 165 7989 0 0 1 2
13 729 130 778 182 8009 0 0 1 2
13 733 146 774 196 8029 0 0 1 2
13 737 162 770 208 8049 0 0 1 2
13 739 177 768 221 8069 0 0 1 2
13 741 193 768 236 8089 0 0 1 2
13 741 210 768 254 8109 0 0 1 2
13 743 225 770 269 8129 0 0 1 2
13 743 239 770 283 8149 0 0 1 2
13 745 254 772 297 8169 0 0 1 2
13 747 269 774 313 8189 0 0 1 2
13 747 286 774 330 8209 0 0 1 2
13 749 303 776 347 8229 0 0 1 2
13 749 321 776 364 8249 0 0 1 2
13 751 338 778 381 8269 0 0 1 2
13 751 356 778 400 8289 0 0 1 2
13 751 374 778 417 8309 0 0 1 2
13 751 392 778 436 8329 0 0 1 2
13 751 411 778 455 8349 0 0 1 2
13 753 428 780 472 8369 0 0 1 2
13 753 445 780 489 8389 0 0 1 2
13 753 462 780 506 8409 0 0 1 2
13 753 479 780 523 8429 0 0 1 2
13 753 497 780 540 8449 0 0 1 2
13 753 514 780 557 8469 0 0 1 2
13 753 531 780 575 8489 0 0 1 2
13 751 550 778 593 8509 0 0 1 2
13 749 570 776 613 8529 0 0 1 2
15 715 0 745 32 8158 0 0 1 2
15 717 10 749 51 8178 0 0 1 2
15 717 29 749 70 8198 0 0 1 2
15 717 48 749 88 8218 0 0 1 2
15 717 67 749 107 8238 0 0 1 2
15 717 84 749 124 8258 0 0 1 2
15 717 101 749 141 8278 0 0 1 2
15 719 118 751 158 8298 0 0 1 2
15 721 135 753 176 8318 0 0 1 2
15 721 152 753 193 8338 0 0 1 2
15 723 169 755 210 8358 0 0 1 2
15 725 188 757 229 8378 0 0 1 2
15 727 207 759 247 8398 0 0 1 2
15 727 227 759 268 8418 0 0 1 2
15 727 244 759 285 8438 0 0 1 2
15 725 261 757 302 8458 0 0 1 2
15 725 280 757 321 8478 0 0 1 2
15 725 297 757 338 8498 0 0 1 2
15 727 317 759 356 8518 0 0 1 2
15 727 338 759 374 8538 0 0 1 2
15 727 358 759 391 8558 0 0 1 2
15 727 378 759 408 8578 0 0 1 2
15 727 398 759 425 8598 0 0 1 2
15 727 417 759 442 8618 0 0 1 2
15 727 437 759 459 8638 0 0 1 2
15 729 456 759 478 8658 0 1 1 2
15 729 476 759 498 8678 0 1 1 2
15 729 497 759 518 8698 0 1 1 2
15 731 517 761 539 8718 0 0 1 2
15 733 539 763 561 8738 0 0 1 2
15 735 559 765 581 8758 0 0 1 2
15 737 579 767 601 8778 0 0 1 2
15 739 599 768 621 8798 0 0 1 2
15 739 618 768 640 8818 0 0 1 2
15 739 635 768 657 8838 0 0 1 2
15 741 654 770 676 8858 0 0 1 2
15 741 673 770 695 8878 0 0 1 2
15 741 690 770 712 8898 0 0 1 2
15 743 709 772 730 8918 0 0 1 2
16 706 17 749 57 7900 0 0 1 2
16 706 34 749 74 7920 0 0 1 2
16 706 51 749 93 7940 0 0 1 2
16 709 63 751 107 7960 0 0 1 2
16 709 81 751 124 7980 0 0 1 2
16 708 101 749 144 8000 0 0 0 2
16 711 119 747 162 8020 0 0 1 2
16 715 138 747 179 8040 0 0 1 2
16 717 157 747 196 8060 0 0 1 2
16 719 174 749 213 8080 0 0 1 2
16 719 191 749 230 8100 0 0 1 2
16 721 208 751 247 8120 0 0 1 2
16 721 225 751 264 8140 0 0 1 2
16 721 243 751 282 8160 0 0 1 2
16 723 261 753 300 8180 0 0 0 2
16 723 275 753 314 8200 0 0 1 2
16 723 291 753 330 8220 0 0 1 2
16 725 306 755 345 8240 0 0 0 2
16 725 322 755 361 8260 0 0 1 2
16 725 339 755 378 8280 0 0 1 2
16 727 356 757 395 8300 0 0 0 2
16 725 372 755 411 8320 0 0 1 2
16 725 388 755 426 8340 0 0 1 2
16 725 403 755 442 8360 0 0 1 2
16 725 422 755 461 8380 0 0 1 2
16 725 442 755 481 8400 0 1 1 2
16 725 462 755 501 8420 0 1 1 2
16 727 478 757 517 8440 0 1 1 2
16 727 493 757 532 8460 0 1 1 2
16 729 512 759 551 8480 0 0 1 2
16 729 531 759 570 8500 0 0 0 2
16 729 550 759 585 8520 0 0 1 2
16 729 568 759 601 8540 0 0 1 2
16 729 589 759 618 8560 0 0 1 2
16 729 607 759 634 8580 0 0 1 2
16 731 623 759 648 8600 0 0 1 2
16 733 638 761 663 8620 0 0 1 2
16 733 652 761 677 8640 0 0 1 2
16 735 666 763 691 8660 0 0 1 2
16 737 680 765 705 8680 0 0 1 2
16 737 701 765 726 8700 0 0 1 2
17 704 0 763 40 7642 0 0 1 2
17 706 14 765 54 7662 0 0 1 2
17 709 28 768 68 7682 0 0 1 2
17 711 43 770 84 7702 0 0 1 2
17 709 59 768 99 7722 0 0 1 2
17 708 74 767 115 7742 0 0 1 2
17 709 96 768 137 7762 0 0 1 2
17 709 113 768 154 7782 0 0 1 2
17 709 126 768 166 7802 0 0 1 2
17 709 138 768 179 7822 0 0 0 2
17 704 152 763 193 7842 0 0 1 2
17 702 168 761 208 7862 0 0 1 2
17 702 183 761 224 7882 0 0 1 2
17 706 199 765 239 7902 0 0 1 2
17 708 213 767 254 7922 0 0 1 2
17 708 229 767 269 7942 0 0 1 2
17 709 244 768 285 7962 0 0 1 2
17 711 260 770 300 7982 0 0 1 2
17 709 278 767 319 8002 0 0 1 2
17 717 296 763 335 8022 0 0 1 2
17 727 311 759 349 8042 0 0 1 2
17 727 324 759 361 8062 0 0 1 2
17 727 336 759 374 8082 0 0 1 2
17 727 350 759 388 8102 0 0 1 2
17 727 364 759 402 8122 0 0 1 2
17 727 381 759 419 8142 0 0 1 2
17 725 400 757 437 8162 0 0 1 2
17 727 414 759 451 8182 0 0 1 2
17 731 428 763 465 8202 0 0 1 2
17 733 441 765 478 8222 0 1 1 2
17 733 453 765 490 8242 0 1 1 2
17 733 467 765 504 8262 0 1 1 2
17 733 484 765 522 8282 0 1 1 2
17 733 503 765 540 8302 0 0 1 2
17 731 517 763 554 8322 0 0 1 2
17 731 529 763 567 8342 0 0 1 2
17 731 545 763 582 8362 0 0 1 2
17 733 562 765 599 8382 0 0 1 2
17 731 581 763 618 8402 0 0 1 2
17 729 592 761 629 8422 0 0 1 2
17 729 603 761 640 8442 0 0 1 2
17 729 617 761 654 8462 0 0 1 2
17 729 632 761 670 8482 0 0 1 2
17 725 646 759 682 8502 0 0 1 2
17 725 662 759 696 8522 0 0 1 2
17 723 677 761 710 8542 0 0 1 2
17 721 693 763 723 8562 0 0 1 2
17 719 709 765 737 8582 0 0 1 2
18 723 14 768 56 7966 0 0 1 2
18 721 28 772 73 7986 0 0 1 2
18 723 42 774 87 8006 0 0 1 2
18 729 62 774 105 8026 0 0 1 2
18 733 82 776 123 8046 0 0 1 2
18 735 102 776 141 8066 0 0 1 2
18 733 119 774 158 8086 0 0 1 2
18 733 135 774 174 8106 0 0 1 2
18 733 148 774 187 8126 0 0 1 2
18 735 162 776 201 8146 0 0 1 2
18 737 185 778 224 8166 0 0 1 2
18 739 197 780 236 8186 0 0 1 2
18 739 210 780 249 8206 0 0 1 2
18 739 230 780 269 8226 0 0 1 2
18 739 252 780 291 8246 0 0 1 2
18 739 269 780 308 8266 0 0 1 2
18 739 283 780 322 8286 0 0 1 2
18 739 299 780 338 8306 0 0 1 2
18 741 317 782 356 8326 0 0 1 2
18 739 335 780 374 8346 0 0 1 2
18 735 355 776 394 8366 0 0 1 2
18 737 374 778 412 8386 0 0 1 2
18 739 391 780 430 8406 0 0 1 2
18 739 403 780 442 8426 0 0 1 2
18 739 412 780 451 8446 0 0 1 2
18 735 442 776 481 8466 0 1 1 2
18 731 464 772 503 8486 0 1 1 2
18 725 478 765 512 8506 0 1 1 2
18 723 500 755 522 8526 0 0 1 2
18 723 515 755 537 8546 0 0 1 2
18 723 531 755 553 8566 0 0 1 2
18 723 548 755 570 8586 0 0 1 2
18 723 564 755 585 8606 0 0 1 2
18 725 581 755 603 8626 0 0 1 2
18 725 598 755 621 8646 0 0 1 2
18 725 617 755 640 8666 0 0 1 2
18 725 634 755 657 8686 0 0 1 2
18 725 651 755 676 8706 0 0 1 2
18 725 668 755 695 8726 0 0 1 2
18 725 684 755 710 8746 0 0 1 2
18 725 695 755 721 8766 0 0 1 2
18 725 710 755 735 8786 0 0 1 2
19 871 10 938 51 7693 0 0 1 2
19 861 20 928 60 7713 0 0 1 2
19 841 26 908 67 7733 0 0 1 2
19 822 32 888 73 7753 0 0 1 2
19 802 38 869 79 7773 0 0 1 2
19 784 42 851 82 7793 0 0 1 2
19 765 43 831 84 7813 0 0 1 2
19 743 54 810 95 7833 0 0 1 2
19 725 60 792 101 7853 0 0 1 2
19 713 60 780 101 7873 0 0 1 2
19 696 67 763 107 7893 0 0 1 2
19 678 71 745 112 7913 0 0 1 2
19 660 74 727 115 7933 0 0 1 2
19 643 76 709 116 7953 0 0 1 2
19 623 77 690 118 7973 0 0 1 2
19 603 77 670 118 7993 0 0 1 2
19 591 79 652 119 8013 0 0 1 2
19 584 79 635 119 8033 0 0 1 2
19 570 81 619 123 8053 0 0 1 2
19 554 85 603 127 8073 0 0 1 2
19 536 90 586 132 8093 0 0 1 2
19 517 95 566 137 8113 0 0 1 2
19 499 98 548 140 8133 0 0 1 2
19 481 99 531 141 8153 0 0 1 2
19 466 102 515 144 8173 0 0 1 2
19 450 109 499 151 8193 0 0 1 2
19 432 113 481 155 8213 0 0 1 2
19 416 116 466 158 8233 0 0 1 2
19 403 116 452 158 8253 0 0 1 2
19 387 116 436 158 8273 0 0 1 2
19 365 118 414 160 8293 0 0 1 2
19 348 119 397 162 8313 0 0 1 2
19 330 123 379 165 8333 0 0 1 2
19 314 123 363 165 8353 0 0 1 2
19 296 124 346 166 8373 0 0 1 2
19 281 124 330 166 8393 0 0 1 2
19 263 126 312 168 8413 0 0 1 2
19 234 127 283 169 8433 0 0 1 2
19 230 138 279 180 8453 0 0 1 2
19 212 141 261 183 8473 0 0 1 2
19 198 146 247 188 8493 0 1 1 2
19 182 149 228 188 8513 0 1 1 2
19 169 152 210 187 8533 0 1 1 2
19 155 155 190 185 8553 0 1 1 2
19 141 158 173 183 8573 0 1 1 2
19 125 162 153 183 8593 0 0 1 2
19 110 166 137 188 8613 0 0 0 2
19 90 166 118 188 8633 0 0 1 2
19 70 166 98 188 8653 0 0 1 2
19 53 166 80 188 8673 0 0 1 2
19 37 168 64 190 8693 0 0 1 2
19 29 168 57 190 8713 0 0 1 2
19 23 168 51 190 8733 0 0 1 2
19 19 169 47 191 8753 0 0 1 2
19 13 163 41 185 8773 0 0 1 2
20 723 498 745 537 9000 0 0 0 2
20 729 517 751 554 9020 0 0 0 2
20 733 537 755 575 9040 0 0 1 2
20 737 559 759 596 9060 0 0 1 2
20 739 581 761 618 9080 0 0 0 2
20 739 601 761 638 9100 0 0 1 2
20 739 623 761 660 9120 0 0 1 2
20 741 642 763 679 9140 0 0 1 2
20 745 660 767 698 9160 0 0 0 2
20 745 679 767 716 9180 0 0 1 2
20 745 698 767 735 9200 0 0 0 2
20 745 715 767 744 9220 0 0 0 2
21 786 707 824 738 8604 0 0 1 2
21 794 691 831 723 8624 0 0 1 2
21 802 676 839 707 8644 0 0 1 2
21 810 660 847 691 8664 0 0 1 2
21 816 646 853 677 8684 0 0 1 2
21 824 631 861 662 8704 0 0 1 2
21 831 615 869 646 8724 0 0 1 2
21 837 599 875 631 8744 0 0 1 2
21 845 585 883 617 8764 0 0 1 2
21 853 570 890 601 8784 0 0 1 2
21 867 562 904 593 8804 0 0 1 2
21 881 556 918 587 8824 0 0 1 2
21 896 548 934 579 8844 0 0 1 2
21 910 542 947 573 8864 0 0 1 2
21 920 529 957 561 8884 0 0 1 2
21 928 517 965 548 8904 0 0 1 2
21 936 504 973 536 8924 0 0 1 2
21 947 493 985 525 8944 0 0 1 2
21 961 486 999 517 8964 0 0 1 2
21 977 478 1014 509 8984 0 0 1 2
21 999 473 1034 504 9004 0 0 1 2
21 1022 473 1060 506 9024 0 0 1 2
22 767 124 798 168 6514 0 0 1 1
22 761 63 792 107 6534 0 0 1 1
22 759 9 790 48 6554 0 0 1 1
23 715 1 749 29 9224 0 0 1 6
23 719 42 753 88 9244 0 0 1 6
23 719 96 753 143 9264 0 0 1 6
23 719 152 753 199 9284 0 0 1 6
23 719 207 753 254 9304 0 0 1 6
23 721 264 755 311 9324 0 0 1 6
23 723 321 757 367 9344 0 0 1 6
23 723 377 757 423 9364 0 0 1 6
23 723 428 757 475 9384 0 1 1 6
23 723 484 757 531 9404 0 1 1 6
23 723 536 757 582 9424 0 0 1 6
23 721 585 755 632 9444 0 0 1 6
23 721 632 755 679 9464 0 0 1 6
23 725 677 759 724 9484 0 0 1 6
23 725 712 759 744 9504 0 0 1 6
24 767 63 812 95 6429 0 0 1 1
24 761 126 804 157 6449 0 0 1 1
24 753 188 796 219 6469 0 0 1 1
24 745 250 788 282 6489 0 0 1 1
24 743 321 784 353 6509 0 0 1 1
24 743 389 784 428 6529 0 0 1 1
24 743 459 784 503 6549 0 0 1 1
24 749 523 788 567 6569 0 0 1 1
24 753 585 792 629 6589 0 0 1 1
24 757 660 796 704 6609 0 0 1 1
26 1382 141 1412 174 1658 0 0 1 2
26 1378 155 1408 188 1678 0 0 1 2
26 1374 171 1404 204 1698 0 0 1 2
26 1368 185 1398 218 1718 0 0 1 2
26 1364 201 1394 233 1738 0 0 1 2
26 1358 215 1388 247 1758 0 0 1 2
26 1355 230 1384 263 1778 0 0 1 2
26 1349 246 1378 278 1798 0 0 1 2
26 1345 260 1374 292 1818 0 0 1 2
26 1339 275 1368 308 1838 0 0 1 2
26 1335 291 1364 324 1858 0 0 1 2
26 1329 305 1358 338 1878 0 0 1 2
26 1323 321 1353 353 1898 0 0 1 2
26 1319 335 1349 367 1918 0 0 1 2
26 1313 350 1343 383 1938 0 0 1 2
26 1309 366 1339 398 1958 0 0 1 2
26 1299 380 1329 412 1978 0 0 1 2
26 1288 394 1317 426 1998 0 0 1 2
26 1272 408 1307 439 2018 0 0 1 2
26 1256 423 1298 453 2038 0 0 1 2
26 1252 436 1286 462 2058 0 0 1 2
26 1001 589 1034 613 2419 0 0 1 2
26 983 590 1016 615 2439 0 0 1 2
26 967 589 1001 613 2459 0 0 1 2
26 955 590 989 615 2479 0 0 1 2
26 930 592 963 617 2499 0 0 1 2
26 912 589 949 618 2519 0 0 1 2
26 894 584 936 618 2539 0 0 1 2
26 877 579 924 618 2559 0 0 1 2
26 859 575 910 618 2579 0 0 1 2
26 841 568 892 613 2599 0 0 1 2
26 822 564 873 609 2619 0 0 1 2
26 804 559 855 604 2639 0 0 1 2
26 792 548 843 593 2659 0 0 1 2
26 782 537 833 582 2679 0 0 1 2
26 770 528 822 573 2699 0 0 1 2
26 763 518 814 564 2719 0 0 1 2
26 753 509 804 554 2739 0 0 1 2
26 745 500 796 545 2759 0 0 1 2
26 735 490 786 536 2779 0 0 1 2
26 725 481 776 526 2799 0 0 1 2
26 715 472 767 517 2819 0 0 1 2
26 688 467 739 514 2839 0 1 1 2
26 680 453 731 500 2859 0 1 1 2
26 672 441 723 487 2879 0 1 1 2
26 658 441 709 487 2899 0 1 1 2
26 645 439 696 486 2919 0 0 1 2
26 637 437 688 484 2939 0 0 1 2
26 625 434 676 481 2959 0 0 1 2
26 611 431 662 478 2979 0 0 1 2
26 605 430 656 476 2999 0 0 1 2
26 605 431 656 476 3019 0 0 1 2
27 749 562 790 590 8511 0 0 1 1
27 747 579 788 607 8531 0 0 1 1
27 747 596 788 624 8551 0 0 1 1
27 745 613 786 642 8571 0 0 1 1
27 745 631 786 659 8591 0 0 1 1
27 745 649 788 677 8611 0 0 1 1
27 745 666 790 695 8631 0 0 1 1
27 745 685 792 712 8651 0 0 1 1
27 745 707 792 732 8671 0 0 1 1
27 745 719 792 743 8691 0 0 1 1
27 778 724 810 744 9422 0 0 1 1
27 776 702 808 743 9442 0 0 1 1
27 774 673 808 716 9462 0 0 1 1
27 772 635 808 685 9482 0 0 1 1
27 768 595 804 648 9502 0 0 1 1
27 768 561 804 609 9522 0 0 1 1
27 767 528 802 571 9542 0 0 1 1
27 765 493 802 532 9562 0 0 1 1
27 763 458 800 493 9582 0 0 1 1
27 761 417 796 453 9602 0 0 0 1
27 761 363 796 398 9622 0 0 1 1
27 759 325 794 361 9642 0 0 1 1
27 757 275 790 314 9662 0 0 1 1
27 753 225 786 268 9682 0 0 1 1
27 751 188 786 224 9702 0 0 1 1
27 747 149 782 185 9722 0 0 1 1
27 747 105 782 143 9742 0 0 1 1
27 753 45 786 91 9762 0 0 1 1
27 751 7 784 45 9782 0 0 1 1
28 788 698 827 744 9380 0 0 1 1
28 784 635 822 685 9400 0 0 1 1
28 776 570 814 620 9420 0 0 1 1
28 768 504 806 554 9440 0 0 1 1
28 763 439 800 489 9460 0 0 1 1
28 757 377 794 426 9480 0 0 1 1
28 753 314 790 364 9500 0 0 0 1
28 757 261 794 310 9520 0 0 1 1
28 761 208 800 257 9540 0 0 1 1
28 767 155 806 204 9560 0 0 1 1
28 767 104 808 151 9580 0 0 1 1
28 753 49 794 96 9600 0 0 1 1
29 694 504 731 526 8987 0 1 1 2
29 704 518 739 543 9007 0 1 1 2
29 713 531 743 564 9027 0 1 1 2
29 719 545 745 584 9047 0 0 1 2
29 723 564 749 603 9067 0 0 1 2
29 725 584 751 623 9087 0 0 1 2
29 725 606 751 645 9107 0 0 1 2
29 725 628 751 666 9127 0 0 1 2
29 725 646 751 685 9147 0 0 1 2
29 725 663 751 702 9167 0 0 1 2
29 727 680 753 719 9187 0 0 1 2
29 727 698 753 737 9207 0 0 1 2
29 729 713 755 744 9227 0 0 1 2
30 72 715 110 741 6587 0 0 1 2
30 78 702 116 730 6607 0 0 1 2
30 86 690 121 718 6627 0 0 1 2
30 96 680 131 709 6647 0 0 1 2
30 112 676 147 704 6667 0 0 1 2
30 131 668 167 696 6687 0 0 1 2
30 151 660 186 688 6707 0 0 1 2
30 165 659 200 687 6727 0 0 1 2
30 182 662 218 690 6747 0 0 1 2
30 198 668 234 696 6767 0 0 1 2
30 210 676 245 704 6787 0 0 1 2
30 212 682 247 710 6807 0 0 1 2
30 212 699 247 727 6827 0 0 1 2
30 214 715 249 741 6847 0 0 1 2
34 19 165 62 202 1705 0 0 1 2
34 31 171 74 208 1725 0 0 1 2
34 41 177 84 215 1745 0 0 1 2
34 51 183 94 221 1765 0 0 1 2
34 70 201 114 238 1785 0 1 1 2
34 76 216 119 254 1805 0 1 1 2
34 82 233 125 271 1825 0 1 1 2
34 86 249 129 286 1845 0 1 1 2
34 88 269 131 306 1865 0 1 1 2
34 88 291 131 328 1885 0 1 1 2
34 88 311 131 349 1905 0 1 1 2
34 88 328 131 366 1925 0 0 1 2
34 86 344 129 381 1945 0 0 1 2
34 78 363 121 400 1965 0 0 1 2
34 72 381 116 419 1985 0 0 1 2
34 66 400 110 437 2005 0 0 1 2
34 66 420 104 458 2025 0 0 1 2
34 66 441 98 478 2045 0 0 1 2
34 66 462 98 500 2065 0 1 1 2
34 66 484 98 522 2085 0 1 1 2
34 66 506 98 543 2105 0 1 1 2
34 66 526 98 564 2125 0 1 1 2
34 68 545 100 582 2145 0 1 1 2
34 70 564 102 601 2165 0 1 1 2
34 74 581 106 618 2185 0 1 1 2
34 86 593 118 631 2205 0 1 1 2
34 98 606 129 643 2225 0 1 1 2
34 110 620 141 657 2245 0 1 1 2
34 121 632 153 670 2265 0 1 1 2
34 133 645 165 682 2285 0 0 1 2
34 143 657 175 695 2305 0 0 1 2
34 161 660 192 698 2325 0 0 1 2
34 173 662 204 699 2345 0 0 1 2
34 177 660 208 698 2365 0 0 1 2
34 180 659 212 696 2385 0 0 1 2
34 180 665 212 702 2405 0 0 1 2
34 180 674 212 712 2425 0 0 1 2
34 180 677 212 715 2445 0 0 1 2
34 180 677 212 715 2465 0 0 1 2
35 802 691 843 724 5880 0 0 1 2
35 802 674 843 707 5900 0 0 1 2
35 802 656 845 688 5920 0 0 1 2
35 802 637 845 670 5940 0 0 1 2
35 802 620 847 652 5960 0 0 1 2
35 802 601 847 634 5980 0 0 1 2
35 804 584 849 617 6000 0 0 0 2
35 806 571 849 603 6020 0 0 1 2
35 806 559 849 587 6040 0 0 1 2
35 804 539 847 567 6060 0 0 1 2
35 802 518 845 546 6080 0 0 1 2
35 800 498 843 526 6100 0 0 1 2
35 798 479 841 508 6120 0 0 1 2
35 796 459 839 487 6140 0 0 1 2
35 794 439 837 467 6160 0 0 1 2
35 792 419 835 447 6180 0 0 1 2
35 792 400 835 428 6200 0 0 1 2
35 790 380 833 408 6220 0 0 1 2
35 790 359 833 388 6240 0 0 1 2
35 790 339 833 367 6260 0 0 1 2
35 788 321 831 349 6280 0 0 1 2
35 788 300 831 328 6300 0 0 1 2
35 788 282 829 310 6320 0 0 1 2
35 790 263 826 291 6340 0 0 1 2
35 792 246 824 274 6360 0 0 1 2
35 794 229 824 257 6380 0 0 1 2
35 794 213 824 241 6400 0 0 1 2
35 790 196 820 224 6420 0 0 1 2
35 780 176 810 204 6440 0 0 1 2
35 786 154 816 182 6460 0 0 1 2
35 790 132 820 160 6480 0 0 1 2
35 792 112 822 140 6500 0 0 0 2
35 788 93 820 121 6520 0 0 1 2
35 784 76 818 104 6540 0 0 1 2
35 782 59 818 87 6560 0 0 0 2
35 782 42 818 70 6580 0 0 1 2
35 784 26 820 54 6600 0 0 1 2
35 784 12 820 38 6620 0 0 1 2
36 727 194 757 236 1500 0 0 0 2
36 727 151 757 193 1520 0 0 1 2
36 729 102 761 144 1540 0 0 1 2
36 735 52 768 93 1560 0 0 1 2
36 743 20 772 59 1580 0 0 1 2
36 745 0 774 29 1600 0 0 1 2
37 765 707 798 729 945 0 0 1 2
37 763 690 794 713 965 0 0 1 2
37 765 670 796 693 985 0 0 1 2
37 767 651 798 674 1005 0 0 1 2
37 765 634 796 657 1025 0 0 1 2
37 763 617 794 642 1045 0 0 1 2
37 763 599 794 624 1065 0 0 1 2
37 761 584 792 609 1085 0 0 1 2
37 759 562 790 587 1105 0 0 1 2
37 757 540 788 565 1125 0 0 1 2
37 755 518 786 543 1145 0 0 1 2
37 755 497 786 522 1165 0 0 1 2
37 755 479 786 504 1185 0 0 1 2
37 755 462 786 487 1205 0 0 1 2
37 755 445 786 470 1225 0 0 1 2
37 755 430 786 455 1245 0 0 1 2
37 755 412 786 437 1265 0 0 1 2
37 755 394 786 419 1285 0 0 1 2
37 757 375 788 400 1305 0 0 1 2
37 759 355 790 380 1325 0 0 1 2
37 759 336 790 361 1345 0 0 1 2
37 761 316 792 341 1365 0 0 1 2
37 761 299 792 324 1385 0 0 1 2
37 759 285 790 310 1405 0 0 1 2
37 757 271 788 296 1425 0 0 1 2
37 755 257 786 282 1445 0 0 1 2
37 755 239 786 264 1465 0 0 1 2
37 755 224 786 249 1485 0 0 1 2
37 755 207 784 232 1505 0 0 1 2
37 755 188 784 213 1525 0 0 1 2
37 755 169 784 194 1545 0 0 1 2
37 755 151 784 176 1565 0 0 1 2
37 755 134 784 157 1585 0 0 1 2
37 755 115 784 138 1605 0 0 1 2
37 755 96 782 121 1625 0 0 1 2
37 755 79 782 102 1645 0 0 1 2
37 755 60 782 84 1665 0 0 1 2
37 755 42 782 65 1685 0 0 1 2
37 755 23 782 46 1705 0 0 1 2
37 755 6 782 29 1725 0 0 1 2
38 784 709 818 735 937 0 0 1 2
38 786 695 820 721 957 0 0 1 2
38 786 679 820 705 977 0 0 1 2
38 786 660 820 687 997 0 0 1 2
38 784 642 818 670 1017 0 0 1 2
38 784 623 818 652 1037 0 0 1 2
38 782 604 818 634 1057 0 0 1 2
38 782 585 818 617 1077 0 0 1 2
38 782 567 818 599 1097 0 0 1 2
38 782 548 818 581 1117 0 0 1 2
38 782 529 818 562 1137 0 0 1 2
38 782 512 818 545 1157 0 0 1 2
38 780 492 816 525 1177 0 0 1 2
38 780 470 816 503 1197 0 0 1 2
38 780 450 816 483 1217 0 0 1 2
38 784 431 820 464 1237 0 0 1 2
38 788 412 824 447 1257 0 0 1 2
38 788 391 824 425 1277 0 0 1 2
38 786 369 822 403 1297 0 0 1 2
38 786 349 822 383 1317 0 0 1 2
38 784 327 820 361 1337 0 0 1 2
38 784 306 820 341 1357 0 0 1 2
38 782 286 818 321 1377 0 0 1 2
38 782 271 818 305 1397 0 0 1 2
38 780 255 816 289 1417 0 0 1 2
38 780 241 816 275 1437 0 0 1 2
38 780 225 816 260 1457 0 0 1 2
38 780 211 816 246 1477 0 0 1 2
38 780 196 816 230 1497 0 0 1 2
38 780 179 816 213 1517 0 0 1 2
38 780 163 816 196 1537 0 0 1 2
38 780 146 816 179 1557 0 0 1 2
38 780 129 816 162 1577 0 0 1 2
38 782 112 816 144 1597 0 0 1 2
38 782 95 816 126 1617 0 0 1 2
38 782 79 816 109 1637 0 0 1 2
38 784 62 816 91 1657 0 0 1 2
38 784 45 816 74 1677 0 0 1 2
38 784 28 816 57 1697 0 0 1 2
38 784 12 816 40 1717 0 0 1 2
40 717 54 757 102 1268 0 0 1 1
40 721 116 761 163 1288 0 0 1 1
40 721 172 761 219 1308 0 0 1 1
40 719 225 759 272 1328 0 0 1 1
40 717 280 757 327 1348 0 0 1 1
40 715 333 755 380 1368 0 0 1 1
40 715 388 755 434 1388 0 0 1 1
40 717 444 757 490 1408 0 0 1 1
40 719 498 759 545 1428 0 0 1 1
40 723 553 763 599 1448 0 0 1 1
40 725 603 765 648 1468 0 0 1 1
40 729 654 768 696 1488 0 0 1 1
40 735 698 770 735 1508 0 0 1 1
41 725 38 767 79 6774 0 0 1 1
41 727 99 768 140 6794 0 0 1 1
41 731 160 772 201 6814 0 0 1 1
41 743 222 786 263 6834 0 0 1 1
41 755 285 798 325 6854 0 0 1 1
41 767 347 810 388 6874 0 0 1 1
41 776 414 820 455 6894 0 0 1 1
41 780 484 824 525 6914 0 0 1 1
41 784 559 827 599 6934 0 0 1 1
41 780 629 824 670 6954 0 0 1 1
41 778 691 822 727 6974 0 0 1 1
42 1380 82 1406 124 1715 0 0 1 2
42 1370 70 1396 112 1735 0 0 1 2
42 1360 57 1386 99 1755 0 0 1 2
42 1351 45 1376 87 1775 0 0 1 2
42 1345 32 1370 73 1795 0 0 1 2
42 1339 18 1364 56 1815 0 0 1 2
42 1335 4 1360 40 1835 0 0 1 2
43 782 712 818 738 12 0 0 1 2
43 778 699 814 726 32 0 0 1 2
43 776 687 812 713 52 0 0 1 2
43 776 673 812 699 72 0 0 1 2
43 776 657 812 684 92 0 0 1 2
43 776 640 812 666 112 0 0 1 2
43 778 624 814 651 132 0 0 1 2
43 782 610 818 637 152 0 0 1 2
43 786 595 822 621 172 0 0 1 2
43 790 579 826 606 192 0 0 1 2
43 796 565 831 592 212 0 0 1 2
43 800 550 835 576 232 0 0 1 2
43 806 534 841 561 252 0 0 1 2
43 814 522 849 548 272 0 0 1 2
43 826 509 861 536 292 0 0 1 2
43 835 497 871 523 312 0 0 1 2
43 847 484 883 511 332 0 0 1 2
43 859 470 894 497 352 0 0 1 2
43 871 458 906 484 372 0 0 1 2
43 883 445 918 472 392 0 0 1 2
43 892 436 928 462 412 0 0 1 2
43 904 425 940 451 432 0 0 1 2
43 920 417 955 444 452 0 0 1 2
43 938 411 973 437 472 0 0 1 2
43 955 405 991 431 492 0 0 1 2
43 967 398 1006 426 512 0 0 1 2
43 973 397 1020 426 532 0 0 1 2
43 981 394 1034 426 552 0 0 1 2
43 1006 392 1060 425 572 0 0 1 2
43 1022 392 1075 425 592 0 0 1 2
43 1038 392 1091 425 612 0 0 1 2
43 1056 392 1109 425 632 0 0 0 2
43 1073 389 1126 422 652 0 0 1 2
43 1091 388 1144 420 672 0 0 1 2
43 1111 386 1164 419 692 0 0 1 2
43 1124 388 1178 420 712 0 0 1 2
43 1140 389 1193 422 732 0 0 1 2
43 1156 389 1209 422 752 0 0 1 2
43 1174 389 1225 422 772 0 0 1 2
43 1191 389 1242 422 792 0 0 1 2
43 1207 389 1258 422 812 0 0 1 2
43 1223 389 1274 422 832 0 0 1 2
43 1240 389 1292 422 852 0 0 0 2
43 1260 384 1311 417 872 0 0 1 2
43 1280 380 1331 412 892 0 0 1 2
43 1299 375 1351 408 912 0 0 1 2
43 1307 363 1358 395 932 0 0 1 2
43 1315 349 1366 381 952 0 0 1 2
43 1323 336 1374 369 972 0 0 1 2
43 1329 322 1380 355 992 0 0 1 2
43 1335 306 1382 341 1012 0 0 1 2
43 1343 289 1384 325 1032 0 0 1 2
43 1353 272 1386 310 1052 0 0 1 2
43 1360 255 1390 294 1072 0 0 1 2
43 1368 236 1392 277 1092 0 0 1 2
43 1376 218 1398 258 1112 0 0 1 2
43 1382 199 1404 239 1132 0 0 1 2
43 1390 180 1410 221 1152 0 0 1 2
44 772 610 826 665 1306 0 0 1 1
44 772 568 826 623 1326 0 0 1 1
44 774 528 826 581 1346 0 0 1 1
44 774 486 826 540 1366 0 0 1 1
44 768 444 820 497 1386 0 0 1 1
44 755 400 806 453 1406 0 0 1 1
44 743 356 794 409 1426 0 0 1 1
44 731 314 782 367 1446 0 0 0 1
44 721 263 772 316 1466 0 0 1 1
44 713 213 765 266 1486 0 0 1 1
44 706 163 757 216 1506 0 0 1 1
44 706 123 757 176 1526 0 0 1 1
45 784 690 831 712 387 0 0 1 1
45 782 643 829 665 407 0 0 1 1
45 780 590 822 620 427 0 0 1 1
45 776 532 814 567 447 0 0 1 1
45 774 476 812 511 467 0 0 1 1
45 770 422 806 461 487 0 0 1 1
45 767 372 804 412 507 0 0 1 1
45 765 324 804 364 527 0 0 1 1
45 765 274 804 314 547 0 0 1 1
45 765 219 804 260 567 0 0 1 1
45 763 166 802 207 587 0 0 1 1
45 759 116 798 157 607 0 0 1 1
45 759 65 798 105 627 0 0 1 1
45 759 21 798 62 647 0 0 1 1
45 757 0 796 38 667 0 0 1 1
46 772 687 822 721 8816 0 0 1 1
46 772 652 822 687 8836 0 0 1 1
46 772 618 822 652 8856 0 0 1 1
46 772 584 822 618 8876 0 0 1 1
46 772 550 822 584 8896 0 0 1 1
46 772 515 820 550 8916 0 0 1 1
46 772 481 820 515 8936 0 0 1 1
46 772 447 820 481 8956 0 0 1 1
46 772 412 820 447 8976 0 0 1 1
46 772 378 820 412 8996 0 0 1 1
46 772 339 820 378 9016 0 0 1 1
46 772 300 820 342 9036 0 0 1 1
46 772 261 820 308 9056 0 0 1 1
46 772 222 818 271 9076 0 0 1 1
46 772 183 818 232 9096 0 0 1 1
46 772 146 818 194 9116 0 0 1 1
46 772 109 818 157 9136 0 0 1 1
46 774 71 820 119 9156 0 0 1 1
46 776 34 820 84 9176 0 0 1 1
46 774 3 820 48 9196 0 0 1 1
47 658 704 717 746 2506 0 0 1 1
47 674 704 733 746 2526 0 0 1 1
47 690 704 749 746 2546 0 0 1 1
47 706 704 765 746 2566 0 0 1 1
47 721 704 780 746 2586 0 0 1 1
47 737 704 796 746 2606 0 0 1 1
47 749 705 808 746 2626 0 0 1 1
47 747 691 806 733 2646 0 0 1 1
47 749 657 808 699 2666 0 0 1 1
47 747 631 806 673 2686 0 0 1 1
47 751 606 810 646 2706 0 0 1 1
47 765 579 824 620 2726 0 0 1 1
47 770 546 829 587 2746 0 0 1 1
47 774 512 833 553 2766 0 0 1 1
47 774 475 833 515 2786 0 0 1 1
47 763 433 822 473 2806 0 0 1 1
47 753 389 810 431 2826 0 0 1 1
47 739 347 796 391 2846 0 0 1 1
47 729 302 786 349 2866 0 0 1 1
47 725 249 782 296 2886 0 0 1 1
47 715 197 772 244 2906 0 0 1 1
47 704 144 761 191 2926 0 0 1 1
47 702 98 759 144 2946 0 0 1 1
47 700 49 757 96 2966 0 0 1 1
47 696 6 755 32 2986 0 0 1 1
48 1331 4 1374 45 2694 0 0 1 2
48 1343 12 1386 51 2714 0 0 1 2
48 1353 23 1396 62 2734 0 0 1 2
48 1358 43 1402 82 2754 0 0 1 2
48 1368 67 1412 105 2774 0 0 1 2
48 1372 85 1412 124 2794 0 0 1 2
48 1376 105 1412 144 2814 0 0 1 2
48 1372 124 1408 163 2834 0 0 1 2
48 1380 141 1410 180 2854 0 0 1 2
48 1390 162 1412 201 2874 0 0 1 2
48 1378 191 1412 232 2894 0 0 1 2
48 1382 211 1412 252 2914 0 0 1 2
48 1388 235 1412 275 2934 0 0 1 2
49 861 677 900 716 2016 0 1 1 1
49 861 679 900 718 2036 0 1 1 1
49 861 680 900 719 2056 0 1 1 1
49 861 682 900 721 2076 0 1 1 1
49 861 682 900 721 2096 0 1 1 1
49 861 684 900 723 2116 0 1 1 1
49 861 685 900 724 2136 0 1 1 1
49 861 687 900 726 2156 0 1 1 1
49 861 690 900 727 2176 0 1 1 1
49 861 695 900 732 2196 0 1 1 1
49 861 699 900 735 2216 0 1 1 1
49 861 705 900 740 2236 0 1 1 1
49 861 710 900 743 2256 0 1 1 1
49 853 712 892 744 2276 0 1 1 1
49 845 712 885 744 2296 0 1 1 1
49 837 712 877 744 2316 0 1 1 1
49 827 709 867 741 2336 0 1 1 1
49 816 707 855 740 2356 0 1 1 1
49 808 696 847 729 2376 0 1 1 1
49 804 685 843 718 2396 0 1 1 1
49 788 674 827 707 2416 0 1 1 1
49 784 660 824 693 2436 0 1 1 1
49 778 648 818 680 2456 0 0 1 1
49 778 637 818 670 2476 0 0 1 1
49 778 624 818 657 2496 0 0 1 1
49 768 607 818 645 2516 0 0 1 1
49 757 590 818 634 2536 0 0 1 1
49 743 568 810 615 2556 0 0 1 1
49 729 542 796 589 2576 0 0 1 1
49 708 525 774 571 2596 0 0 1 1
49 686 511 753 557 2616 0 0 1 1
49 658 500 725 546 2636 0 0 1 1
49 623 497 690 543 2656 0 1 1 1
49 593 497 660 543 2676 0 0 1 1
49 554 497 621 543 2696 0 0 1 1
49 517 497 584 543 2716 0 0 1 1
49 472 493 538 540 2736 0 0 1 1
49 424 487 491 534 2756 0 0 1 1
49 397 483 464 529 2776 0 1 1 1
49 365 479 432 526 2796 0 0 1 1
49 324 475 391 522 2816 0 0 1 1
49 291 464 357 511 2836 0 1 1 1
49 253 434 320 481 2856 0 1 1 1
49 210 397 277 444 2876 0 0 1 1
49 198 367 265 414 2896 0 0 1 1
49 190 324 257 366 2916 0 1 1 1
49 178 275 245 322 2936 0 1 1 1
49 175 238 241 285 2956 0 1 1 1
49 169 199 236 244 2976 0 1 1 1
49 157 130 224 177 3006 0 1 1 1
49 155 79 222 124 3026 0 1 1 1
51 768 0 804 37 2788 0 0 1 6
51 770 4 806 42 2808 0 0 1 6
51 774 9 810 46 2828 0 0 1 6
51 778 14 814 51 2848 0 0 1 6
51 780 20 816 57 2868 0 0 1 6
51 778 38 814 76 2888 0 0 1 6
51 778 59 814 96 2908 0 0 1 6
51 778 77 814 115 2928 0 0 1 6
51 778 93 814 130 2948 0 0 1 6
51 778 105 814 143 2968 0 0 1 6
51 778 118 814 155 2988 0 0 1 6
51 778 138 814 176 3008 0 0 1 6
51 778 154 814 191 3028 0 0 1 6
52 737 6 772 40 2807 0 0 1 6
52 739 15 774 49 2827 0 0 1 6
52 745 26 780 60 2847 0 0 1 6
52 749 35 784 70 2867 0 0 1 6
52 749 45 784 79 2887 0 0 1 6
52 745 59 780 93 2907 0 0 1 6
52 745 77 780 112 2927 0 0 1 6
52 745 93 780 127 2947 0 0 1 6
52 747 109 782 143 2967 0 0 1 6
52 749 124 784 158 2987 0 0 1 6
52 749 140 784 174 3007 0 0 1 6
52 749 157 784 191 3027 0 0 1 6
53 767 3 826 40 2540 0 0 1 6
53 768 7 827 45 2560 0 0 1 6
53 768 14 827 51 2580 0 0 1 6
53 772 23 831 60 2600 0 0 1 6
53 774 34 833 71 2620 0 0 1 6
53 774 48 833 85 2640 0 0 1 6
53 772 65 831 102 2660 0 0 1 6
53 768 81 827 118 2680 0 0 1 6
53 767 96 826 134 2700 0 0 1 6
53 767 110 826 149 2720 0 0 1 6
53 767 124 826 163 2740 0 0 1 6
53 759 137 818 176 2760 0 0 1 6
53 755 149 814 188 2780 0 0 1 6
53 763 163 822 202 2800 0 0 1 6
53 768 177 827 216 2820 0 0 1 6
53 770 188 829 227 2840 0 0 1 6
53 772 201 831 239 2860 0 0 1 6
53 776 213 835 252 2880 0 0 1 6
53 774 225 833 264 2900 0 0 1 6
53 768 239 827 278 2920 0 0 1 6
53 768 254 827 292 2940 0 0 1 6
53 772 266 831 305 2960 0 0 1 6
53 774 277 833 317 2980 0 0 1 6
53 774 289 833 330 3000 0 0 1 6
53 774 303 833 344 3020 0 0 1 6
54 757 137 782 172 3008 0 0 1 2
54 761 149 786 185 3028 0 0 1 2
54 761 166 786 202 3048 0 0 1 2
54 759 183 784 219 3068 0 0 1 2
54 757 204 782 239 3088 0 0 1 2
54 755 221 780 257 3108 0 0 1 2
54 749 232 774 268 3128 0 0 1 2
54 749 244 774 280 3148 0 0 1 2
54 749 257 774 292 3168 0 0 1 2
54 749 269 774 305 3188 0 0 1 2
54 747 288 772 324 3208 0 0 1 2
54 749 313 774 349 3228 0 0 1 2
54 745 324 770 359 3248 0 0 1 2
54 745 338 770 374 3268 0 0 1 2
54 747 355 772 391 3288 0 0 1 2
54 745 367 770 403 3308 0 0 1 2
54 741 381 767 417 3328 0 0 0 2
54 737 392 763 428 3348 0 0 1 2
54 733 403 759 439 3368 0 0 1 2
54 723 417 749 453 3388 0 0 1 2
54 713 430 739 465 3408 0 0 1 2
54 704 444 729 479 3428 0 0 1 2
54 692 445 717 481 3448 0 0 1 2
54 682 447 708 483 3468 0 1 1 2
54 670 451 696 487 3488 0 1 1 2
54 664 453 690 489 3508 0 1 1 2
54 662 455 688 490 3528 0 1 1 2
55 767 138 798 169 3016 0 0 1 2
55 767 154 798 185 3036 0 0 1 2
55 767 171 798 202 3056 0 0 1 2
55 770 191 802 222 3076 0 0 1 2
55 776 215 808 246 3096 0 0 0 2
55 776 224 808 255 3116 0 0 1 2
55 776 233 808 264 3136 0 0 1 2
55 772 249 804 280 3156 0 0 1 2
55 770 264 802 296 3176 0 0 1 2
55 770 282 802 313 3196 0 0 1 2
55 770 297 802 328 3216 0 0 1 2
55 770 313 802 344 3236 0 0 1 2
55 767 328 798 359 3256 0 0 1 2
55 763 344 794 375 3276 0 0 1 2
55 763 361 794 392 3296 0 0 1 2
55 763 377 794 408 3316 0 0 1 2
55 759 389 790 420 3336 0 0 1 2
55 753 400 784 431 3356 0 0 1 2
55 747 409 778 441 3376 0 0 1 2
55 737 425 768 456 3396 0 0 1 2
55 727 439 759 470 3416 0 0 1 2
55 719 450 751 481 3436 0 1 1 2
55 715 455 747 486 3456 0 1 1 2
55 708 458 739 489 3476 0 1 1 2
55 694 462 725 493 3496 0 1 1 2
55 686 464 717 495 3516 0 1 1 2
56 173 668 208 715 3212 0 0 1 2
56 163 666 198 713 3232 0 0 1 2
56 155 665 190 712 3252 0 0 1 2
56 143 659 178 705 3272 0 0 1 2
56 129 651 165 698 3292 0 0 1 2
56 118 640 153 687 3312 0 0 1 2
56 102 626 137 673 3332 0 0 1 2
56 86 609 121 656 3352 0 1 1 2
56 72 592 108 638 3372 0 1 1 2
56 66 575 102 621 3392 0 1 1 2
56 60 559 96 606 3412 0 1 1 2
56 60 537 96 584 3432 0 1 1 2
56 59 517 94 564 3452 0 1 1 2
56 59 501 94 548 3472 0 1 1 2
56 64 483 100 529 3492 0 1 1 2
56 64 462 100 509 3512 0 1 1 2
57 173 146 212 185 3000 0 1 0 2
57 167 104 206 143 3020 0 1 1 2
57 163 67 202 105 3040 0 1 1 2
57 163 26 202 63 3060 0 1 1 2
58 767 9 802 70 3473 0 0 1 1
58 772 49 808 110 3493 0 0 1 1
58 772 101 814 143 3513 0 0 1 1
58 772 152 814 193 3533 0 0 1 1
58 770 194 812 235 3553 0 0 1 1
58 768 236 810 277 3573 0 0 1 1
58 765 286 806 327 3593 0 0 1 1
58 765 331 806 372 3613 0 0 1 1
58 761 378 802 419 3633 0 0 1 1
58 755 430 796 470 3653 0 0 1 1
58 751 478 792 518 3673 0 0 1 1
58 751 522 792 562 3693 0 0 1 1
58 749 562 790 603 3713 0 0 1 1
58 743 615 784 656 3733 0 0 1 1
58 737 665 778 705 3753 0 0 1 1
58 735 710 776 738 3773 0 0 1 1
59 706 715 743 735 2262 0 0 1 2
59 709 698 747 718 2282 0 0 1 2
59 711 680 749 701 2302 0 0 1 2
59 711 662 749 682 2322 0 0 1 2
59 709 645 747 665 2342 0 0 1 2
59 709 628 747 648 2362 0 0 1 2
59 709 609 747 629 2382 0 0 1 2
59 713 590 751 610 2402 0 0 1 2
59 715 571 753 592 2422 0 0 1 2
59 711 554 749 575 2442 0 0 1 2
59 708 537 745 557 2462 0 0 1 2
59 696 522 733 542 2482 0 0 1 2
59 676 511 717 532 2502 0 0 1 2
59 656 500 717 537 2522 0 1 1 2
59 639 493 700 531 2542 0 1 1 2
59 621 486 682 523 2562 0 0 1 2
59 603 475 662 512 2582 0 0 1 2
59 586 464 645 501 2602 0 0 1 2
59 568 461 627 498 2622 0 0 1 2
59 550 456 609 493 2642 0 0 1 2
59 540 456 599 493 2662 0 0 1 2
59 529 455 588 492 2682 0 0 1 2
59 503 451 562 489 2702 0 0 1 2
59 477 451 536 489 2722 0 0 1 2
59 454 450 513 487 2742 0 0 1 2
59 446 448 505 486 2762 0 0 1 2
59 440 447 499 484 2782 0 1 1 2
59 424 447 483 484 2802 0 1 1 2
59 409 445 468 483 2822 0 1 1 2
59 393 445 452 483 2842 0 1 1 2
59 375 445 434 483 2862 0 0 1 2
59 355 445 414 483 2882 0 0 1 2
59 338 445 397 483 2902 0 0 1 2
59 320 447 379 484 2922 0 1 1 2
59 300 447 359 484 2942 0 1 1 2
59 281 445 340 483 2962 0 1 1 2
59 261 444 320 481 2982 0 1 1 2
59 243 441 300 478 3002 0 1 1 2
59 243 422 287 458 3022 0 0 1 2
59 226 409 269 445 3042 0 0 1 2
59 214 395 257 431 3062 0 0 1 2
59 206 384 249 420 3082 0 0 1 2
59 198 367 241 403 3102 0 1 1 2
59 198 347 241 383 3122 0 1 1 2
59 196 336 239 372 3142 0 1 1 2
59 192 322 236 358 3162 0 1 1 2
59 188 306 232 342 3182 0 1 1 2
59 190 291 234 327 3202 0 1 1 2
59 190 278 234 314 3222 0 1 1 2
59 190 257 234 292 3242 0 1 1 2
59 194 235 237 271 3262 0 1 1 2
59 194 222 237 258 3282 0 1 1 2
59 190 204 234 239 3302 0 1 1 2
59 188 185 232 221 3322 0 1 1 2
59 194 165 237 201 3342 0 0 1 2
59 192 141 236 177 3362 0 0 1 2
59 190 124 234 160 3382 0 0 1 2
59 190 109 234 144 3402 0 1 1 2
59 188 87 232 123 3422 0 1 1 2
59 192 73 236 109 3442 0 1 1 2
59 194 60 237 96 3462 0 1 1 2
59 192 43 236 79 3482 0 1 0 2
59 186 26 230 62 3502 0 1 1 2
59 186 7 230 43 3522 0 1 1 2
59 192 0 236 23 3542 0 0 1 2
60 59 425 96 473 3539 0 1 1 3
60 62 408 100 456 3559 0 0 1 3
60 68 389 106 437 3579 0 0 1 3
60 84 375 121 423 3599 0 0 1 3
60 98 361 135 409 3619 0 0 1 3
60 114 347 151 395 3639 0 0 1 3
60 123 328 161 377 3659 0 0 1 3
60 131 310 169 358 3679 0 0 1 3
60 141 291 178 339 3699 0 0 1 3
60 147 271 184 319 3719 0 1 1 3
60 147 249 184 297 3739 0 1 1 3
60 143 232 180 280 3759 0 1 1 3
60 137 215 175 263 3779 0 1 1 3
60 131 202 169 250 3799 0 0 1 3
60 125 190 163 238 3819 0 0 1 3
60 104 179 147 218 3839 0 0 1 3
60 82 166 131 197 3859 0 0 1 3
60 60 163 110 194 3879 0 0 1 3
60 39 171 88 202 3899 0 0 1 3
60 29 168 78 199 3919 0 0 1 3
60 23 165 72 196 3939 0 0 1 3
60 19 165 68 196 3959 0 0 1 3
60 15 165 64 196 3979 0 0 1 3
60 11 163 60 194 3999 0 0 1 3
60 7 163 57 194 4019 0 0 1 3
63 774 718 810 741 4592 0 0 1 1
63 776 685 812 709 4612 0 0 1 1
63 780 651 816 674 4632 0 0 1 1
63 784 618 820 642 4652 0 0 1 1
63 786 584 822 607 4672 0 0 1 1
63 790 551 826 575 4692 0 0 1 1
63 792 517 827 540 4712 0 0 1 1
63 788 472 824 495 4732 0 0 1 1
63 784 428 820 451 4752 0 0 1 1
63 780 383 816 406 4772 0 0 1 1
63 776 338 812 361 4792 0 0 1 1
63 772 294 808 317 4812 0 0 1 1
63 768 249 804 272 4832 0 0 1 1
63 765 205 800 229 4852 0 0 1 1
63 761 160 796 183 4872 0 0 1 1
63 757 116 792 140 4892 0 0 1 1
63 755 73 790 96 4912 0 0 1 1
63 755 28 790 51 4932 0 0 1 1
63 757 0 790 18 4952 0 0 1 1
64 788 313 818 342 3012 0 0 1 2
64 790 328 820 358 3032 0 0 1 2
64 794 339 824 369 3052 0 0 1 2
64 800 345 829 375 3072 0 0 1 2
64 802 363 831 392 3092 0 0 1 2
64 802 381 831 411 3112 0 0 1 2
64 804 395 833 425 3132 0 0 1 2
64 808 409 837 439 3152 0 0 1 2
64 806 423 835 453 3172 0 0 1 2
64 802 437 831 467 3192 0 0 1 2
64 800 451 829 481 3212 0 0 1 2
64 800 467 829 497 3232 0 0 1 2
64 802 484 831 514 3252 0 0 1 2
64 804 498 833 528 3272 0 0 1 2
64 806 511 835 540 3292 0 0 1 2
64 808 523 837 553 3312 0 0 1 2
64 808 537 837 567 3332 0 0 1 2
64 806 551 835 581 3352 0 0 1 2
64 806 567 835 596 3372 0 0 1 2
64 806 581 835 610 3392 0 0 1 2
64 804 595 833 624 3412 0 0 1 2
64 804 607 833 637 3432 0 0 1 2
64 800 621 829 651 3452 0 0 1 2
64 796 634 826 663 3472 0 0 1 2
64 804 649 833 679 3492 0 1 1 2
64 804 668 843 702 3512 0 0 1 2
64 804 677 843 712 3532 0 1 1 2
64 804 687 843 721 3552 0 0 1 2
64 804 698 843 732 3572 0 0 1 2
64 804 709 843 743 3592 0 0 1 2
64 802 723 837 741 4522 0 0 1 2
64 800 704 835 723 4542 0 1 1 2
64 800 685 835 704 4562 0 1 1 2
64 804 663 839 682 4582 0 1 1 2
64 808 643 843 662 4602 0 0 1 2
64 824 631 859 649 4622 0 0 1 2
64 843 624 879 643 4642 0 0 1 2
64 865 620 900 638 4662 0 0 1 2
64 886 613 922 632 4682 0 0 1 2
64 910 609 945 628 4702 0 0 1 2
64 934 604 969 623 4722 0 0 1 2
64 955 598 991 617 4742 0 0 1 2
64 977 592 1012 610 4762 0 0 1 2
64 1003 585 1038 604 4782 0 0 1 2
65 127 14 167 46 9602 0 0 1 2
65 131 29 171 62 9622 0 0 1 2
65 131 49 171 82 9642 0 0 1 2
65 131 68 171 101 9662 0 0 1 2
65 133 88 173 121 9682 0 0 1 2
65 133 107 173 140 9702 0 0 1 2
65 133 124 173 157 9722 0 0 1 2
65 131 141 171 174 9742 0 0 1 2
65 131 160 171 193 9762 0 0 1 2
65 133 179 173 211 9782 0 0 1 2
65 141 197 180 230 9802 0 0 1 2
65 151 213 190 246 9822 0 0 1 2
65 161 233 200 266 9842 0 1 1 2
65 169 250 208 283 9862 0 1 1 2
65 175 264 214 297 9882 0 1 1 2
65 182 278 222 311 9902 0 1 1 2
65 190 291 230 324 9922 0 1 1 2
67 721 698 751 733 3538 0 0 1 2
67 721 679 751 715 3558 0 0 1 2
67 721 665 751 701 3578 0 0 1 2
67 721 656 751 691 3598 0 0 1 2
67 721 640 751 676 3618 0 0 1 2
67 721 623 751 659 3638 0 0 1 2
67 721 607 751 643 3658 0 0 1 2
67 721 595 751 631 3678 0 0 1 2
67 721 585 751 621 3698 0 0 1 2
67 725 573 755 609 3718 0 0 1 2
67 719 546 749 582 3738 0 0 1 2
67 713 531 743 567 3758 0 0 1 2
67 717 517 747 553 3778 0 0 1 2
67 717 503 747 539 3798 0 0 1 2
67 711 489 741 525 3818 0 0 1 2
67 717 479 747 515 3838 0 0 1 2
67 719 450 749 486 3858 0 1 1 2
67 719 441 749 476 3878 0 1 1 2
67 717 430 747 465 3898 0 1 1 2
67 719 416 749 451 3918 0 1 1 2
67 717 402 747 437 3938 0 0 1 2
67 715 384 745 420 3958 0 0 1 2
67 715 370 745 406 3978 0 0 1 2
67 719 361 749 397 3998 0 0 1 2
67 717 344 751 381 4018 0 0 1 2
67 713 328 755 366 4038 0 0 1 2
67 711 313 759 350 4058 0 0 1 2
67 709 297 761 335 4078 0 0 1 2
67 709 280 765 319 4098 0 0 1 2
67 711 264 767 303 4118 0 0 1 2
67 711 250 767 289 4138 0 0 1 2
67 711 235 767 274 4158 0 0 1 2
67 709 219 765 258 4178 0 0 1 2
67 708 202 763 241 4198 0 0 1 2
67 704 185 759 224 4218 0 0 1 2
67 704 171 759 210 4238 0 0 1 2
67 704 155 759 194 4258 0 0 1 2
67 704 141 759 180 4278 0 0 1 2
67 702 126 757 165 4298 0 0 1 2
67 700 112 755 151 4318 0 0 1 2
67 698 98 753 137 4338 0 0 1 2
67 698 84 753 123 4358 0 0 1 2
67 698 70 753 109 4378 0 0 1 2
67 700 57 755 96 4398 0 0 1 2
67 702 45 757 84 4418 0 0 1 2
67 704 31 759 70 4438 0 0 1 2
67 704 18 759 57 4458 0 0 1 2
67 698 9 753 48 4478 0 0 1 2
67 696 0 751 32 4498 0 0 1 2
68 178 48 214 82 4262 0 1 1 1
68 178 104 214 137 4282 0 1 1 1
68 173 174 208 207 4302 0 0 1 1
68 167 222 202 255 4322 0 1 1 1
68 171 274 206 306 4342 0 1 1 1
68 182 324 218 356 4362 0 1 1 1
68 206 378 241 411 4382 0 0 1 1
68 247 425 283 458 4402 0 0 1 1
68 287 456 322 489 4422 0 1 1 1
68 342 481 377 514 4442 0 0 1 1
68 395 490 430 523 4462 0 1 1 1
68 456 497 491 529 4482 0 1 1 1
68 505 501 540 534 4502 0 0 1 1
68 546 501 595 537 4522 0 0 1 1
68 601 501 656 539 4542 0 1 1 1
68 647 506 702 543 4562 0 1 1 1
68 694 523 749 561 4582 0 0 1 1
68 719 542 774 579 4602 0 0 1 1
68 735 554 790 592 4622 0 0 1 1
68 743 568 798 606 4642 0 0 1 1
68 749 582 804 620 4662 0 0 1 1
68 755 596 810 634 4682 0 0 1 1
68 768 610 824 648 4702 0 0 1 1
68 784 624 839 662 4722 0 0 1 1
68 800 640 855 677 4742 0 1 1 1
68 812 662 867 696 4762 0 1 1 1
68 824 682 879 716 4782 0 1 1 1
68 833 704 888 735 4802 0 1 1 1
69 31 723 68 743 2273 0 0 1 2
69 43 712 80 732 2293 0 0 1 2
69 59 691 94 723 2313 0 0 1 2
69 62 674 98 705 2333 0 0 1 2
69 66 654 102 685 2353 0 0 1 2
69 68 640 104 671 2373 0 1 1 2
69 66 629 102 660 2393 0 1 1 2
69 66 613 102 645 2413 0 1 1 2
69 66 595 102 626 2433 0 1 1 2
69 64 575 100 606 2453 0 1 1 2
69 60 556 96 587 2473 0 1 1 2
69 59 537 94 568 2493 0 1 1 2
69 57 515 102 551 2513 0 1 1 2
69 57 492 114 534 2533 0 1 1 2
69 59 473 118 515 2553 0 1 1 2
69 59 455 118 497 2573 0 1 1 2
69 59 434 118 476 2593 0 1 1 2
69 59 414 118 456 2613 0 0 1 2
69 59 402 118 444 2633 0 0 1 2
69 70 386 129 428 2653 0 0 1 2
69 84 367 143 409 2673 0 0 1 2
69 80 353 139 395 2693 0 0 1 2
69 78 338 137 380 2713 0 0 1 2
69 78 321 137 363 2733 0 0 1 2
69 80 302 139 344 2753 0 1 1 2
69 84 282 143 324 2773 0 1 1 2
69 84 268 143 310 2793 0 1 1 2
69 84 254 143 294 2813 0 1 1 2
69 84 238 143 278 2833 0 1 1 2
69 82 222 141 263 2853 0 1 1 2
69 82 202 141 243 2873 0 1 1 2
69 86 183 145 224 2893 0 1 1 2
69 92 165 151 205 2913 0 0 1 2
69 92 148 151 188 2933 0 0 1 2
69 94 132 153 172 2953 0 0 1 2
69 92 116 151 157 2973 0 0 1 2
69 88 101 147 141 2993 0 0 1 2
69 98 90 139 129 3013 0 0 1 2
69 108 68 135 105 3033 0 0 1 2
69 112 48 139 85 3053 0 0 1 2
69 108 31 135 68 3073 0 0 1 2
69 106 15 133 52 3093 0 0 1 2
69 106 4 133 35 3113 0 0 1 2
69 96 6 135 40 3752 0 0 1 2
69 106 18 145 52 3772 0 0 0 2
69 116 31 155 65 3792 0 0 1 2
69 127 43 167 77 3812 0 0 1 2
69 141 54 180 88 3832 0 0 1 2
69 157 65 196 99 3852 0 0 1 2
69 163 79 202 113 3872 0 1 1 2
69 171 93 210 127 3892 0 1 1 2
69 180 107 220 141 3912 0 1 1 2
69 180 126 220 160 3932 0 1 1 2
69 180 141 220 176 3952 0 1 1 2
69 182 157 222 191 3972 0 0 1 2
69 182 172 222 207 3992 0 0 1 2
69 177 188 218 222 4012 0 0 1 2
69 171 204 216 238 4032 0 0 1 2
69 169 218 216 252 4052 0 1 1 2
69 171 232 218 266 4072 0 1 1 2
69 171 246 218 280 4092 0 1 1 2
69 161 263 208 297 4112 0 1 1 2
69 151 282 198 316 4132 0 1 1 2
69 157 296 204 330 4152 0 1 1 2
69 157 306 204 341 4172 0 1 1 2
69 157 317 204 352 4192 0 1 1 2
69 157 328 204 363 4212 0 1 1 2
69 157 341 204 375 4232 0 1 1 2
69 157 356 204 391 4252 0 1 1 2
69 157 374 204 408 4272 0 1 1 2
69 161 388 208 422 4292 0 1 1 2
69 165 402 212 436 4312 0 1 1 2
69 171 417 218 451 4332 0 1 1 2
69 175 430 222 464 4352 0 0 1 2
69 182 439 230 473 4372 0 1 1 2
69 192 450 239 484 4392 0 1 1 2
69 200 461 247 495 4412 0 1 1 2
69 210 469 257 503 4432 0 0 1 2
69 220 473 267 508 4452 0 1 1 2
69 230 479 277 514 4472 0 0 1 2
69 243 479 291 514 4492 0 0 1 2
69 259 483 302 518 4512 0 0 1 2
69 277 487 316 523 4532 0 0 1 2
69 295 492 328 529 4552 0 0 1 2
69 308 495 340 532 4572 0 1 1 2
69 318 497 350 534 4592 0 1 1 2
69 330 497 361 534 4612 0 1 1 2
69 346 493 377 531 4632 0 1 1 2
69 361 492 393 529 4652 0 1 1 2
69 375 492 407 529 4672 0 1 1 2
69 391 492 422 529 4692 0 1 1 2
69 403 493 434 531 4712 0 1 1 2
69 414 493 446 531 4732 0 1 1 2
69 424 493 456 531 4752 0 1 1 2
69 440 495 472 532 4772 0 1 1 2
69 456 495 487 532 4792 0 1 1 2
69 472 495 503 532 4812 0 0 1 2
69 487 495 519 532 4832 0 0 1 2
69 503 497 534 534 4852 0 1 1 2
69 523 498 554 536 4872 0 1 1 2
69 540 500 572 537 4892 0 1 1 2
69 552 501 584 539 4912 0 1 1 2
69 566 504 597 542 4932 0 1 1 2
69 586 511 617 548 4952 0 1 1 2
69 601 515 633 553 4972 0 0 1 2
69 621 518 652 556 4992 0 0 1 2
69 631 523 674 554 5012 0 1 1 2
69 649 528 692 559 5032 0 1 1 2
69 666 534 709 565 5052 0 0 1 2
69 682 545 725 576 5072 0 0 1 2
69 694 553 737 584 5092 0 0 1 2
69 708 564 751 595 5112 0 1 1 2
69 721 578 765 609 5132 0 0 1 2
69 721 593 765 624 5152 0 0 1 2
69 717 607 761 638 5172 0 0 1 2
69 709 623 753 654 5192 0 0 1 2
69 704 640 747 671 5212 0 0 1 2
69 704 654 747 685 5232 0 0 1 2
69 704 668 747 699 5252 0 1 1 2
69 704 691 747 723 5272 0 0 1 2
69 704 710 747 738 5292 0 0 1 2
70 9 151 53 191 4763 0 0 1 3
70 13 149 57 190 4783 0 0 1 3
70 17 146 60 187 4803 0 0 1 3
70 21 144 64 185 4823 0 0 1 3
70 25 143 66 182 4843 0 0 1 3
70 29 143 70 180 4863 0 0 1 3
70 29 146 70 185 4883 0 0 1 3
70 29 152 68 193 4903 0 0 1 3
70 29 158 68 201 4923 0 0 1 3
70 33 168 76 207 4943 0 0 1 3
70 39 177 92 210 4963 0 0 1 3
70 53 179 106 211 4983 0 0 1 3
70 68 177 121 210 5003 0 0 1 3
70 86 177 139 210 5023 0 0 1 3
70 102 177 157 210 5043 0 0 1 3
70 121 179 177 216 5063 0 1 1 3
70 125 191 178 244 5083 0 0 1 3
70 127 213 180 266 5103 0 0 1 3
70 131 232 184 285 5123 0 0 1 3
70 131 246 184 299 5143 0 1 1 3
70 131 268 184 321 5163 0 1 1 3
70 131 289 184 342 5183 0 1 1 3
70 131 306 184 359 5203 0 1 1 3
70 129 325 182 378 5223 0 1 1 3
70 119 338 173 391 5243 0 0 1 3
70 104 347 157 400 5263 0 0 1 3
70 86 356 139 409 5283 0 0 1 3
70 68 367 121 420 5303 0 0 1 3
70 62 384 116 437 5323 0 0 1 3
70 57 403 110 456 5343 0 0 1 3
70 53 423 106 476 5363 0 0 1 3
70 49 444 102 497 5383 0 1 1 3
70 49 464 102 517 5403 0 1 1 3
70 49 484 102 537 5423 0 1 1 3
70 47 503 100 556 5443 0 1 1 3
70 45 522 98 575 5463 0 1 1 3
71 747 9 800 43 4703 0 0 1 1
71 745 63 798 98 4723 0 0 1 1
71 741 118 794 152 4743 0 0 1 1
71 737 172 790 207 4763 0 0 1 1
71 735 229 788 263 4783 0 0 1 1
71 733 283 786 317 4803 0 0 1 1
71 737 339 790 374 4823 0 0 1 1
71 741 394 792 428 4843 0 0 1 1
71 745 450 796 484 4863 0 0 1 1
71 749 506 800 540 4883 0 0 1 1
71 751 562 802 596 4903 0 0 1 1
71 749 617 800 648 4923 0 0 1 1
71 747 671 798 701 4943 0 0 1 1
71 768 715 816 744 5344 0 0 1 1
71 768 688 816 729 5364 0 0 1 1
71 767 654 814 695 5384 0 0 1 1
71 761 628 808 668 5404 0 0 1 1
71 757 598 804 638 5424 0 0 1 1
71 755 570 802 610 5444 0 0 1 1
71 755 537 802 578 5464 0 0 1 1
71 757 504 804 545 5484 0 0 1 1
71 757 469 804 509 5504 0 0 1 1
71 757 431 804 472 5524 0 0 1 1
71 757 394 804 433 5544 0 0 1 1
71 759 356 804 395 5564 0 0 1 1
71 759 319 804 358 5584 0 0 1 1
71 761 282 804 321 5604 0 0 1 1
71 761 244 804 283 5624 0 0 1 1
71 761 207 804 246 5644 0 0 1 1
71 763 171 804 208 5664 0 0 1 1
71 763 134 804 171 5684 0 0 1 1
71 763 96 804 134 5704 0 0 1 1
71 759 60 800 98 5724 0 0 1 1
71 755 23 796 60 5744 0 0 1 1
71 757 9 798 40 5764 0 0 1 1
71 759 0 800 23 5784 0 0 1 1
72 708 709 739 732 4608 0 0 1 2
72 708 693 739 716 4628 0 0 1 2
72 708 679 739 702 4648 0 0 1 2
72 706 662 737 685 4668 0 0 1 2
72 706 645 737 668 4688 0 0 1 2
72 704 631 735 654 4708 0 0 1 2
72 702 624 733 648 4728 0 0 1 2
72 700 618 731 642 4748 0 0 1 2
72 696 613 727 637 4768 0 0 1 2
72 690 609 721 632 4788 0 0 1 2
72 684 606 715 629 4808 0 1 1 2
72 676 604 708 628 4828 0 1 1 2
72 666 603 698 626 4848 0 1 1 2
72 658 601 690 624 4868 0 1 1 2
72 645 598 676 621 4888 0 1 1 2
72 627 596 658 620 4908 0 0 1 2
72 605 596 637 620 4928 0 0 1 2
72 586 598 617 621 4948 0 1 1 2
72 566 599 597 621 4968 0 1 1 2
72 546 601 578 623 4988 0 1 1 2
72 525 601 558 626 5008 0 1 1 2
72 501 598 538 629 5028 0 1 1 2
72 483 599 521 632 5048 0 0 1 2
72 468 601 505 634 5068 0 0 1 2
72 444 603 481 635 5088 0 1 1 2
72 428 603 466 635 5108 0 1 1 2
72 407 603 444 635 5128 0 1 1 2
72 379 603 416 635 5148 0 1 1 2
72 365 603 403 635 5168 0 0 1 2
72 348 603 385 635 5188 0 0 1 2
72 328 603 365 635 5208 0 1 1 2
72 310 598 348 631 5228 0 1 1 2
72 295 601 332 634 5248 0 1 1 2
72 259 606 296 638 5268 0 1 1 2
72 241 607 279 640 5288 0 0 1 2
72 236 607 273 640 5308 0 0 1 2
72 200 604 237 637 5328 0 0 1 2
72 192 604 230 637 5348 0 1 1 2
72 175 609 212 642 5368 0 1 1 2
72 163 613 196 651 5388 0 1 1 2
72 133 617 167 654 5408 0 0 1 2
72 114 638 147 676 5428 0 0 1 2
72 106 656 139 693 5448 0 0 1 2
72 94 665 127 702 5468 0 0 1 2
72 80 676 114 713 5488 0 0 1 2
72 60 690 96 726 5508 0 0 1 2
72 39 705 80 733 5528 0 0 1 2
72 19 721 64 743 5548 0 0 1 2
73 711 10 753 42 3532 0 0 1 2
73 715 32 757 63 3552 0 0 1 2
73 721 59 763 90 3572 0 0 1 2
73 721 85 763 116 3592 0 0 1 2
73 719 112 761 143 3612 0 0 1 2
73 717 138 759 169 3632 0 0 1 2
73 719 162 761 193 3652 0 0 1 2
73 723 183 765 215 3672 0 0 1 2
73 723 205 765 236 3692 0 0 1 2
73 721 227 763 258 3712 0 0 1 2
73 719 255 761 286 3732 0 0 1 2
73 719 278 761 310 3752 0 0 1 2
73 721 300 763 331 3772 0 0 1 2
73 723 324 765 355 3792 0 0 1 2
73 727 349 768 380 3812 0 0 1 2
73 729 375 770 406 3832 0 0 1 2
73 731 398 772 430 3852 0 0 1 2
73 731 422 772 453 3872 0 0 1 2
73 731 445 772 476 3892 0 0 1 2
73 731 475 772 506 3912 0 1 1 2
73 731 495 772 526 3932 0 1 1 2
73 731 520 772 551 3952 0 0 1 2
73 735 545 776 576 3972 0 0 1 2
73 731 570 772 601 3992 0 0 1 2
73 729 592 770 623 4012 0 0 1 2
73 729 612 770 643 4032 0 0 1 2
73 731 634 772 665 4052 0 0 1 2
73 733 660 774 691 4072 0 0 1 2
73 729 680 770 712 4092 0 0 1 2
73 731 702 772 733 4112 0 0 1 2
73 731 724 753 741 4602 0 0 1 2
73 725 705 749 726 4622 0 0 1 2
73 719 687 745 709 4642 0 0 1 2
73 711 668 741 691 4662 0 0 1 2
73 706 649 735 674 4682 0 0 1 2
73 706 634 737 659 4702 0 0 1 2
73 709 618 741 643 4722 0 0 1 2
73 713 603 745 628 4742 0 0 1 2
73 719 587 751 612 4762 0 0 1 2
73 717 576 749 601 4782 0 0 1 2
73 713 568 745 593 4802 0 0 1 2
73 709 561 741 585 4822 0 0 1 2
73 709 550 741 575 4842 0 0 1 2
73 709 539 741 564 4862 0 0 1 2
73 708 528 739 553 4882 0 0 1 2
73 700 520 731 545 4902 0 0 1 2
73 688 511 719 537 4922 0 0 1 2
73 662 495 690 525 4942 0 1 1 2
73 649 487 674 518 4962 0 1 1 2
73 643 486 668 517 4982 0 1 1 2
73 621 481 649 512 5002 0 1 1 2
73 593 476 637 509 5022 0 1 1 2
73 576 472 619 504 5042 0 1 1 2
73 552 470 595 503 5062 0 1 1 2
73 532 465 576 498 5082 0 1 1 2
73 517 465 560 498 5102 0 1 1 2
73 501 464 544 497 5122 0 1 1 2
73 483 461 527 493 5142 0 1 1 2
73 446 467 489 500 5162 0 1 1 2
73 430 472 473 504 5182 0 1 1 2
73 414 478 458 511 5202 0 1 1 2
73 399 481 442 514 5222 0 1 1 2
73 379 486 422 518 5242 0 1 1 2
73 359 492 403 525 5262 0 0 1 2
73 346 503 389 536 5282 0 0 1 2
73 322 508 365 540 5302 0 0 1 2
73 308 512 352 545 5322 0 1 1 2
73 291 514 334 546 5342 0 1 1 2
73 279 518 322 551 5362 0 1 1 2
73 273 523 316 556 5382 0 1 1 2
73 261 523 304 556 5402 0 0 1 2
73 251 520 295 553 5422 0 0 1 2
73 241 515 285 548 5442 0 0 1 2
73 234 508 277 540 5462 0 0 1 2
73 222 492 265 525 5482 0 0 1 2
73 214 475 257 508 5502 0 0 1 2
73 202 456 245 489 5522 0 0 1 2
73 190 437 236 469 5542 0 0 1 2
73 178 419 224 448 5562 0 0 1 2
73 169 400 214 430 5582 0 0 1 2
73 157 381 202 409 5602 0 0 1 2
73 145 363 192 389 5622 0 1 1 2
73 141 344 188 370 5642 0 1 1 2
73 137 325 184 352 5662 0 1 1 2
73 133 306 180 333 5682 0 1 1 2
73 127 286 175 313 5702 0 1 1 2
73 123 268 171 294 5722 0 0 1 2
73 119 249 167 275 5742 0 0 1 2
73 108 230 155 257 5762 0 0 1 2
73 92 213 139 239 5782 0 1 1 2
73 76 201 123 227 5802 0 1 1 2
73 62 190 110 216 5822 0 1 1 2
73 47 179 94 205 5842 0 1 1 2
73 37 172 84 199 5862 0 0 1 2
73 27 169 74 196 5882 0 0 1 2
73 19 166 66 193 5902 0 0 1 2
76 745 716 768 743 4601 0 0 1 2
76 741 698 765 724 4621 0 0 1 2
76 737 679 761 705 4641 0 0 1 2
76 733 660 757 687 4661 0 0 1 2
76 729 642 753 668 4681 0 0 1 2
76 727 628 751 654 4701 0 0 1 2
76 731 617 755 643 4721 0 0 1 2
76 735 607 759 634 4741 0 0 1 2
76 739 596 763 623 4761 0 0 1 2
76 739 589 763 615 4781 0 0 1 2
76 737 581 761 607 4801 0 0 1 2
76 737 573 761 599 4821 0 0 1 2
76 735 562 759 589 4841 0 0 1 2
76 733 548 757 575 4861 0 0 1 2
76 731 536 755 562 4881 0 0 1 2
76 731 520 755 546 4901 0 0 1 2
76 729 504 753 531 4921 0 0 1 2
76 725 483 749 509 4941 0 0 1 2
76 725 461 749 487 4961 0 1 1 2
76 725 436 749 462 4981 0 1 1 2
76 723 416 749 444 5001 0 0 1 2
76 721 400 749 439 5021 0 0 1 2
76 721 384 749 423 5041 0 0 1 2
76 723 369 751 408 5061 0 0 1 2
76 723 350 751 389 5081 0 0 1 2
76 719 331 747 370 5101 0 0 1 2
76 723 313 751 352 5121 0 0 1 2
76 723 299 751 338 5141 0 0 1 2
76 723 277 751 316 5161 0 0 1 2
76 721 255 749 294 5181 0 0 1 2
76 713 243 741 282 5201 0 0 1 2
76 715 224 743 263 5221 0 0 1 2
76 713 213 741 252 5241 0 0 1 2
76 713 196 741 235 5261 0 0 1 2
76 713 182 741 221 5281 0 0 1 2
76 719 165 747 204 5301 0 0 1 2
76 711 155 739 194 5321 0 0 1 2
76 713 135 741 174 5341 0 0 1 2
76 717 123 745 162 5361 0 0 1 2
76 715 105 743 143 5381 0 0 1 2
76 711 93 739 130 5401 0 0 1 2
76 711 77 739 115 5421 0 0 1 2
76 711 60 739 98 5441 0 0 1 2
76 711 37 739 74 5461 0 0 1 2
76 711 20 739 57 5481 0 0 1 2
76 709 4 737 42 5501 0 0 1 2
76 706 1 733 24 5521 0 0 1 2
77 749 719 784 741 4605 0 0 1 2
77 745 701 780 723 4625 0 0 1 2
77 743 684 778 705 4645 0 0 1 2
77 739 665 774 687 4665 0 0 1 2
77 735 646 770 668 4685 0 0 1 2
77 737 634 772 656 4705 0 0 1 2
77 741 621 776 643 4725 0 0 1 2
77 745 610 780 632 4745 0 0 1 2
77 749 598 784 620 4765 0 0 1 2
77 751 587 786 609 4785 0 0 1 2
77 751 576 786 598 4805 0 0 1 2
77 751 564 786 585 4825 0 0 1 2
77 749 554 784 576 4845 0 0 1 2
77 747 546 782 568 4865 0 0 1 2
77 747 536 782 557 4885 0 0 1 2
77 747 520 782 542 4905 0 0 1 2
77 745 504 780 526 4925 0 0 1 2
77 743 487 778 509 4945 0 0 1 2
77 745 470 780 492 4965 0 1 1 2
77 747 451 782 472 4985 0 1 1 2
77 743 430 774 459 5005 0 0 1 2
77 747 406 774 442 5025 0 0 1 2
77 745 391 772 426 5045 0 0 1 2
77 743 378 770 414 5065 0 0 1 2
77 741 352 768 388 5085 0 0 1 2
77 741 341 768 377 5105 0 0 1 2
77 741 324 768 359 5125 0 0 1 2
77 739 305 767 341 5145 0 0 1 2
77 737 289 765 325 5165 0 0 1 2
77 735 269 763 305 5185 0 0 1 2
77 735 252 763 288 5205 0 0 1 2
77 733 235 761 271 5225 0 0 1 2
77 733 219 761 255 5245 0 0 1 2
77 733 204 761 239 5265 0 0 1 2
77 733 187 761 222 5285 0 0 1 2
77 731 171 759 207 5305 0 0 1 2
77 731 152 759 188 5325 0 0 1 2
77 731 137 759 172 5345 0 0 1 2
77 731 123 759 158 5365 0 0 1 2
77 731 107 759 143 5385 0 0 1 2
77 731 93 759 129 5405 0 0 1 2
77 729 77 757 113 5425 0 0 1 2
77 725 65 753 101 5445 0 0 1 2
77 725 54 753 90 5465 0 0 1 2
77 729 31 757 67 5485 0 0 1 2
77 727 15 755 46 5505 0 0 1 2
77 727 9 755 31 5525 0 0 1 2
77 727 3 755 21 5545 0 0 1 2
78 5 422 51 461 4432 0 0 1 2
78 17 422 62 461 4452 0 0 1 2
78 29 422 74 461 4472 0 0 1 2
78 43 423 88 462 4492 0 0 1 2
78 66 431 106 461 4512 0 0 1 2
78 90 437 125 462 4532 0 1 1 2
78 110 441 145 465 4552 0 1 1 2
78 129 444 165 469 4572 0 1 1 2
78 145 447 180 472 4592 0 0 1 2
78 161 451 196 476 4612 0 1 1 2
78 177 456 212 481 4632 0 1 1 2
78 194 458 230 483 4652 0 1 1 2
78 210 459 245 484 4672 0 1 1 2
78 226 461 261 486 4692 0 0 1 2
78 245 459 281 484 4712 0 0 1 2
78 263 459 298 484 4732 0 0 1 2
78 273 459 308 484 4752 0 1 1 2
78 291 461 326 486 4772 0 1 1 2
78 308 464 344 489 4792 0 1 1 2
78 328 465 363 490 4812 0 1 1 2
78 346 467 381 492 4832 0 1 1 2
78 354 472 389 497 4852 0 0 1 2
78 369 472 405 497 4872 0 0 1 2
78 387 472 422 497 4892 0 1 1 2
78 403 473 438 498 4912 0 1 1 2
78 420 473 456 498 4932 0 1 1 2
78 436 475 472 500 4952 0 1 1 2
78 454 476 489 501 4972 0 1 1 2
78 470 476 505 501 4992 0 1 1 2
78 485 475 519 509 5012 0 1 1 2
78 501 475 531 517 5032 0 1 1 2
78 515 479 544 522 5052 0 1 1 2
78 527 483 556 525 5072 0 1 1 2
78 548 487 578 529 5092 0 1 1 2
78 562 487 591 529 5112 0 1 1 2
78 578 489 607 531 5132 0 1 1 2
78 595 486 625 528 5152 0 1 1 2
78 609 486 639 528 5172 0 1 1 2
78 627 486 656 528 5192 0 1 1 2
78 643 490 672 532 5212 0 1 1 2
78 656 495 686 537 5232 0 1 1 2
78 670 495 700 537 5252 0 1 1 2
78 694 495 723 537 5272 0 1 1 2
78 704 508 733 550 5292 0 0 1 2
78 709 518 739 561 5312 0 0 1 2
78 717 540 747 582 5332 0 0 1 2
78 719 557 749 599 5352 0 0 1 2
78 727 568 757 610 5372 0 0 1 2
78 733 584 763 626 5392 0 0 1 2
78 739 598 768 640 5412 0 0 1 2
78 743 613 772 656 5432 0 0 1 2
78 749 629 778 671 5452 0 0 1 2
78 759 643 788 685 5472 0 0 1 2
78 767 660 796 702 5492 0 0 1 2
78 770 673 802 713 5512 0 0 1 2
78 772 687 808 723 5532 0 0 1 2
78 774 699 814 730 5552 0 0 1 2
78 776 712 818 740 5572 0 0 1 2
