0 1188 840 1246 913 0 0 0 0 1
0 1273 832 1331 905 20 0 0 0 1
1 915 48 956 169 130 0 1 1 1
1 909 129 950 250 150 0 1 1 1
1 903 234 945 355 170 0 1 1 1
1 892 319 933 440 190 0 1 1 1
1 886 420 928 541 210 0 1 1 1
1 886 501 928 622 230 0 1 1 1
1 868 582 907 679 250 0 0 1 1
1 826 642 866 719 270 0 0 1 1
1 761 674 800 751 290 0 0 1 1
1 690 674 729 751 310 0 0 1 1
1 616 679 656 755 330 0 0 1 1
1 541 674 581 751 350 0 0 1 1
1 463 674 502 751 370 0 0 1 1
1 399 674 438 751 390 0 0 1 1
1 316 670 356 747 410 0 0 1 1
1 234 670 281 747 430 0 0 1 1
1 138 674 185 747 450 0 0 1 1
1 54 679 101 751 470 0 0 1 1
1 1 683 39 755 490 0 0 1 1
2 693 125 738 210 290 0 1 1 2
2 714 133 759 218 310 0 1 1 2
2 736 141 781 226 330 0 1 1 2
2 761 141 806 230 350 0 1 1 2
2 787 141 832 230 370 0 1 1 2
2 815 137 860 226 390 0 1 1 2
2 841 137 886 226 410 0 1 1 2
2 866 137 911 226 430 0 1 1 2
2 892 141 937 230 450 0 1 1 2
2 922 145 967 234 470 0 0 1 2
2 948 145 993 234 490 0 0 1 2
2 971 141 1018 234 510 0 0 1 2
2 997 137 1044 234 530 0 0 1 2
2 1023 133 1070 238 550 0 0 1 2
2 1048 133 1096 238 570 0 0 1 2
3 54 788 103 860 357 0 1 1 1
3 127 788 176 860 377 0 1 1 1
3 204 788 253 860 397 0 1 1 1
3 285 796 333 868 417 0 1 1 1
3 365 804 414 877 437 0 1 1 1
3 446 808 495 881 457 0 0 1 1
3 526 804 575 877 477 0 0 1 1
3 607 804 656 877 497 0 0 1 1
3 688 812 740 885 517 0 0 1 1
3 768 820 825 893 537 0 0 1 1
3 847 828 909 897 557 0 0 1 1
4 648 424 686 480 474 0 0 1 2
4 669 432 706 489 494 0 0 1 2
4 690 424 727 485 514 0 0 1 2
4 710 412 750 476 534 0 0 1 2
4 729 400 770 472 554 0 0 1 2
5 1269 776 1295 832 0 0 0 0 2
5 1299 788 1325 844 20 0 0 0 2
6 1267 820 1301 864 0 0 0 0 2
6 1299 812 1333 852 20 0 0 0 2
7 1209 679 1254 727 0 0 0 0 2
7 1237 674 1280 731 20 0 0 1 2
7 1265 670 1308 735 40 0 0 1 2
7 1295 666 1336 739 60 0 0 0 2
8 1282 739 1306 804 30 0 0 1 1
8 1185 743 1211 808 50 0 0 1 1
8 1072 751 1098 816 70 0 0 0 1
8 963 743 990 808 90 0 0 1 1
8 845 731 871 796 110 0 0 0 1
8 751 731 778 796 130 0 0 1 1
8 646 731 673 796 150 0 0 1 1
8 536 731 562 796 170 0 0 1 1
8 438 723 465 788 190 0 0 0 1
8 324 719 350 784 210 0 0 1 1
8 215 715 241 780 230 0 1 1 1
8 106 707 133 771 250 0 1 1 1
9 941 707 1029 788 0 0 0 0 1
9 834 683 922 763 20 0 0 1 1
9 727 683 815 763 40 0 0 1 1
9 622 699 710 780 60 0 0 1 1
9 517 707 605 788 80 0 0 1 1
9 412 703 500 784 100 0 0 1 1
9 305 699 393 780 120 0 1 1 1
9 196 703 285 784 140 0 1 0 1
9 90 695 178 776 160 0 1 1 1
10 0 812 31 885 101 0 0 0 1
10 56 812 90 885 121 0 1 1 1
10 150 812 183 885 141 0 1 1 1
10 243 812 277 885 161 0 1 1 1
10 337 812 371 885 181 0 1 1 1
10 431 812 465 885 201 0 0 0 1
10 521 804 555 877 221 0 0 1 1
10 611 796 645 868 241 0 0 1 1
10 699 792 733 864 261 0 0 1 1
10 781 784 815 856 281 0 0 1 1
10 866 776 900 848 301 0 0 0 1
10 954 763 988 836 321 0 0 1 1
10 1044 755 1078 828 341 0 0 0 1
10 1121 755 1155 828 361 0 0 0 1
10 1209 763 1243 836 381 0 0 0 1
10 1291 755 1325 828 401 0 0 0 1
