0 1188 840 1246 913 0 0 0 0 1
0 1192 840 1250 913 1 0 0 1 1
0 1196 840 1254 913 2 0 0 1 1
0 1200 840 1258 913 3 0 0 1 1
0 1203 840 1261 913 4 0 0 1 1
0 1209 840 1267 913 5 0 0 1 1
0 1213 840 1271 913 6 0 0 1 1
0 1216 840 1275 913 7 0 0 1 1
0 1220 840 1278 913 8 0 0 1 1
0 1224 840 1282 913 9 0 0 1 1
0 1230 840 1288 913 10 0 0 0 1
0 1233 836 1291 909 11 0 0 1 1
0 1237 836 1295 909 12 0 0 1 1
0 1241 836 1299 909 13 0 0 1 1
0 1246 836 1305 909 14 0 0 1 1
0 1250 836 1308 909 15 0 0 1 1
0 1254 832 1312 905 16 0 0 1 1
0 1260 832 1318 905 17 0 0 1 1
0 1263 832 1321 905 18 0 0 1 1
0 1267 832 1325 905 19 0 0 1 1
0 1273 832 1331 905 20 0 0 0 1
0 1275 832 1331 905 21 0 0 1 1
0 1278 832 1333 905 22 0 0 1 1
0 1282 832 1335 905 23 0 0 1 1
0 1284 832 1336 905 24 0 0 1 1
0 1288 832 1338 905 25 0 0 1 1
0 1291 832 1338 905 26 0 0 1 1
0 1293 832 1340 905 27 0 0 1 1
0 1297 832 1342 905 28 0 0 1 1
0 1301 832 1344 905 29 0 0 1 1
1 924 8 965 129 120 0 1 0 1
1 922 12 963 133 121 0 1 1 1
1 922 16 963 137 122 0 1 1 1
1 920 20 961 141 123 0 1 1 1
1 920 24 961 145 124 0 1 1 1
1 918 28 960 149 125 0 1 1 1
1 918 32 960 153 126 0 1 1 1
1 916 36 958 157 127 0 1 1 1
1 916 40 958 161 128 0 1 1 1
1 915 44 956 165 129 0 1 1 1
1 915 48 956 169 130 0 1 1 1
1 915 56 956 177 131 0 0 0 1
1 913 56 954 177 132 0 0 1 1
1 913 60 954 181 133 0 0 1 1
1 913 64 954 185 134 0 0 1 1
1 913 68 954 189 135 0 0 1 1
1 913 72 954 194 136 0 0 1 1
1 911 76 952 198 137 0 0 1 1
1 911 80 952 202 138 0 0 1 1
1 911 84 952 206 139 0 0 1 1
1 911 84 952 206 140 0 0 1 1
1 911 88 952 210 141 0 0 1 1
1 911 92 952 214 142 0 0 1 1
1 909 97 950 218 143 0 0 1 1
1 909 101 950 222 144 0 0 1 1
1 909 105 950 226 145 0 0 1 1
1 909 109 950 230 146 0 0 1 1
1 909 113 950 234 147 0 0 1 1
1 909 117 950 238 148 0 1 0 1
1 909 121 950 242 149 0 1 1 1
1 909 129 950 250 150 0 1 1 1
1 909 133 950 254 151 0 1 1 1
1 911 141 952 262 152 0 0 0 1
1 911 145 952 266 153 0 0 1 1
1 911 153 952 274 154 0 0 1 1
1 911 161 952 282 155 0 0 1 1
1 911 169 952 291 156 0 0 1 1
1 911 173 952 295 157 0 0 1 1
1 911 181 952 303 158 0 0 1 1
1 911 189 952 311 159 0 0 1 1
1 911 198 952 319 160 0 1 0 1
1 909 198 950 319 161 0 1 1 1
1 909 202 950 323 162 0 1 1 1
1 907 206 948 327 163 0 1 1 1
1 907 210 948 331 164 0 1 1 1
1 907 214 948 335 165 0 1 1 1
1 905 218 946 339 166 0 1 1 1
1 905 222 946 343 167 0 1 1 1
1 905 226 946 347 168 0 1 1 1
1 903 230 945 351 169 0 1 1 1
1 903 234 945 355 170 0 1 1 1
1 903 238 945 359 171 0 1 1 1
1 901 242 943 363 172 0 1 1 1
1 901 246 943 367 173 0 1 1 1
1 900 250 941 371 174 0 1 1 1
1 900 254 941 375 175 0 1 1 1
1 900 258 941 379 176 0 1 1 1
1 898 262 939 383 177 0 1 1 1
1 898 266 939 388 178 0 1 1 1
1 898 270 939 392 179 0 1 1 1
1 896 274 937 396 180 0 1 1 1
1 896 278 937 400 181 0 1 1 1
1 896 282 937 404 182 0 1 1 1
1 894 286 935 408 183 0 1 1 1
1 894 291 935 412 184 0 1 1 1
1 894 295 935 416 185 0 1 0 1
1 892 299 933 420 186 0 1 1 1
1 892 303 933 424 187 0 1 1 1
1 892 311 933 432 188 0 1 1 1
1 892 315 933 436 189 0 1 1 1
1 892 319 933 440 190 0 1 1 1
1 892 327 933 448 191 0 1 1 1
1 890 331 931 452 192 0 1 1 1
1 890 335 931 456 193 0 1 1 1
1 890 343 931 464 194 0 1 1 1
1 890 347 931 468 195 0 1 1 1
1 890 355 931 476 196 0 1 1 1
1 890 359 931 480 197 0 1 1 1
1 888 363 930 485 198 0 1 1 1
1 888 371 930 493 199 0 1 1 1
1 888 375 930 497 200 0 1 1 1
1 888 379 930 501 201 0 1 1 1
1 888 388 930 509 202 0 1 1 1
1 888 392 930 513 203 0 1 1 1
1 888 400 930 521 204 0 1 0 1
1 886 400 928 521 205 0 1 1 1
1 886 404 928 525 206 0 1 1 1
1 886 408 928 529 207 0 1 1 1
1 886 412 928 533 208 0 1 1 1
1 886 416 928 537 209 0 1 1 1
1 886 420 928 541 210 0 1 1 1
1 886 424 928 545 211 0 1 1 1
1 886 428 928 549 212 0 1 1 1
1 886 432 928 553 213 0 1 1 1
1 886 436 928 557 214 0 1 1 1
1 886 440 928 561 215 0 1 1 1
1 886 444 928 565 216 0 1 1 1
1 886 448 928 569 217 0 1 1 1
1 886 452 928 573 218 0 1 1 1
1 886 456 928 577 219 0 1 1 1
1 886 460 928 582 220 0 1 1 1
1 886 464 928 586 221 0 1 1 1
1 886 468 928 590 222 0 1 1 1
1 886 472 928 594 223 0 1 1 1
1 886 476 928 598 224 0 1 1 1
1 886 480 928 602 225 0 1 1 1
1 886 485 928 606 226 0 1 1 1
1 886 489 928 610 227 0 1 1 1
1 886 493 928 614 228 0 1 1 1
1 886 497 928 618 229 0 1 1 1
1 886 501 928 622 230 0 1 1 1
1 886 505 928 626 231 0 1 1 1
1 886 509 928 630 232 0 1 1 1
1 886 513 928 634 233 0 1 1 1
1 886 517 928 638 234 0 1 1 1
1 886 521 928 642 235 0 1 1 1
1 886 525 928 646 236 0 0 0 1
1 885 529 926 646 237 0 0 1 1
1 883 533 924 650 238 0 0 1 1
1 881 537 922 650 239 0 0 1 1
1 881 541 922 654 240 0 0 1 1
1 879 545 920 658 241 0 0 1 1
1 877 549 918 658 242 0 0 1 1
1 877 553 916 662 243 0 0 1 1
1 875 557 916 662 244 0 0 1 1
1 873 561 915 666 245 0 0 1 1
1 873 565 913 670 246 0 0 1 1
1 871 569 911 670 247 0 0 1 1
1 870 573 911 674 248 0 0 1 1
1 870 577 909 679 249 0 0 1 1
1 868 582 907 679 250 0 0 1 1
1 866 586 907 683 251 0 0 1 1
1 864 590 905 683 252 0 0 1 1
1 864 594 903 687 253 0 0 1 1
1 862 598 901 691 254 0 0 1 1
1 860 602 901 691 255 0 0 1 1
1 860 606 900 695 256 0 0 1 1
1 858 610 898 695 257 0 0 1 1
1 856 614 896 699 258 0 0 1 1
1 856 618 896 703 259 0 0 1 1
1 855 622 894 703 260 0 0 1 1
1 853 626 892 707 261 0 0 1 1
1 853 634 892 711 262 0 0 0 1
1 849 634 888 711 263 0 0 1 1
1 845 634 885 711 264 0 0 1 1
1 841 638 881 715 265 0 0 1 1
1 840 638 879 715 266 0 0 1 1
1 836 638 875 715 267 0 0 1 1
1 832 642 871 719 268 0 0 1 1
1 828 642 868 719 269 0 0 1 1
1 826 642 866 719 270 0 0 1 1
1 823 646 862 723 271 0 0 1 1
1 819 646 858 723 272 0 0 1 1
1 815 650 855 727 273 0 0 1 1
1 813 650 853 727 274 0 0 1 1
1 810 650 849 727 275 0 0 1 1
1 806 654 845 731 276 0 0 1 1
1 804 654 843 731 277 0 0 1 1
1 800 654 840 731 278 0 0 1 1
1 796 658 836 735 279 0 0 1 1
1 793 658 832 735 280 0 0 1 1
1 791 658 830 735 281 0 0 1 1
1 787 662 826 739 282 0 0 1 1
1 783 662 823 739 283 0 0 1 1
1 780 666 819 743 284 0 0 1 1
1 778 666 817 743 285 0 0 1 1
1 774 666 813 743 286 0 0 1 1
1 770 670 810 747 287 0 0 1 1
1 766 670 806 747 288 0 0 1 1
1 765 670 804 747 289 0 0 1 1
1 761 674 800 751 290 0 0 1 1
1 757 674 796 751 291 0 0 1 1
1 755 679 795 755 292 0 0 0 1
1 751 674 791 751 293 0 0 1 1
1 748 674 787 751 294 0 0 1 1
1 744 674 783 751 295 0 0 1 1
1 740 674 780 751 296 0 0 1 1
1 736 674 776 751 297 0 0 1 1
1 733 674 772 751 298 0 0 1 1
1 729 674 768 751 299 0 0 1 1
1 725 674 765 751 300 0 0 1 1
1 721 674 761 751 301 0 0 1 1
1 720 674 759 751 302 0 0 1 1
1 716 674 755 751 303 0 0 1 1
1 712 674 751 751 304 0 0 1 1
1 708 674 748 751 305 0 0 1 1
1 705 674 744 751 306 0 0 1 1
1 701 674 740 751 307 0 0 1 1
1 697 674 736 751 308 0 0 1 1
1 693 674 733 751 309 0 0 1 1
1 690 674 729 751 310 0 0 1 1
1 688 674 727 751 311 0 0 0 1
1 684 674 723 751 312 0 0 1 1
1 680 674 720 751 313 0 0 1 1
1 676 674 716 751 314 0 0 1 1
1 673 674 712 751 315 0 0 1 1
1 669 674 708 751 316 0 0 1 1
1 665 674 705 751 317 0 0 1 1
1 661 674 701 751 318 0 0 1 1
1 658 674 697 751 319 0 0 1 1
1 654 674 693 751 320 0 0 1 1
1 650 674 690 751 321 0 0 1 1
1 646 674 686 751 322 0 0 1 1
1 643 674 682 751 323 0 0 1 1
1 639 674 678 751 324 0 0 1 1
1 635 674 675 751 325 0 0 1 1
1 631 679 671 755 326 0 0 1 1
1 628 679 667 755 327 0 0 1 1
1 624 679 663 755 328 0 0 1 1
1 620 679 660 755 329 0 0 1 1
1 616 679 656 755 330 0 0 1 1
1 613 679 652 755 331 0 0 1 1
1 609 679 648 755 332 0 0 1 1
1 605 679 645 755 333 0 0 1 1
1 601 679 641 755 334 0 0 1 1
1 598 679 637 755 335 0 0 1 1
1 594 679 633 755 336 0 0 1 1
1 590 679 630 755 337 0 0 1 1
1 586 679 626 755 338 0 0 1 1
1 583 679 622 755 339 0 0 1 1
1 579 679 618 755 340 0 0 1 1
1 575 683 615 759 341 0 0 0 1
1 571 679 611 755 342 0 0 1 1
1 568 679 607 755 343 0 0 1 1
1 564 679 603 755 344 0 0 1 1
1 560 679 600 755 345 0 0 1 1
1 556 679 596 755 346 0 0 1 1
1 553 674 592 751 347 0 0 1 1
1 549 674 588 751 348 0 0 1 1
1 545 674 585 751 349 0 0 1 1
1 541 674 581 751 350 0 0 1 1
1 540 674 579 751 351 0 0 0 1
1 534 674 573 751 352 0 0 1 1
1 530 674 570 751 353 0 0 1 1
1 526 674 566 751 354 0 0 1 1
1 523 674 562 751 355 0 0 1 1
1 519 674 558 751 356 0 0 1 1
1 515 674 555 751 357 0 0 1 1
1 510 674 549 751 358 0 0 1 1
1 506 674 545 751 359 0 0 1 1
1 502 674 541 751 360 0 0 1 1
1 498 674 538 751 361 0 0 1 1
1 495 674 534 751 362 0 0 1 1
1 491 674 530 751 363 0 0 1 1
1 487 674 526 751 364 0 0 1 1
1 481 674 521 751 365 0 0 1 1
1 478 674 517 751 366 0 0 1 1
1 474 674 513 751 367 0 0 1 1
1 470 674 510 751 368 0 0 1 1
1 466 674 506 751 369 0 0 1 1
1 463 674 502 751 370 0 0 1 1
1 459 674 498 751 371 0 0 0 1
1 455 674 495 751 372 0 0 1 1
1 451 674 491 751 373 0 0 1 1
1 450 674 489 751 374 0 0 1 1
1 446 674 485 751 375 0 0 1 1
1 442 674 481 751 376 0 0 1 1
1 440 674 480 751 377 0 0 1 1
1 436 674 476 751 378 0 0 1 1
1 433 674 472 751 379 0 0 1 1
1 431 674 470 751 380 0 0 1 1
1 427 674 466 751 381 0 0 1 1
1 423 674 463 751 382 0 0 1 1
1 421 674 461 751 383 0 0 1 1
1 418 674 457 751 384 0 0 1 1
1 414 674 453 751 385 0 0 1 1
1 412 674 451 751 386 0 0 1 1
1 408 674 448 751 387 0 0 1 1
1 405 674 444 751 388 0 0 1 1
1 403 674 442 751 389 0 0 1 1
1 399 674 438 751 390 0 0 1 1
1 397 674 436 751 391 0 0 0 1
1 391 670 431 747 392 0 0 1 1
1 388 670 427 747 393 0 0 1 1
1 384 670 423 747 394 0 0 1 1
1 380 670 420 747 395 0 0 1 1
1 375 670 414 747 396 0 0 1 1
1 371 670 410 747 397 0 0 1 1
1 367 670 406 747 398 0 0 1 1
1 363 670 403 747 399 0 0 1 1
1 358 670 397 747 400 0 0 1 1
1 354 670 393 747 401 0 0 1 1
1 350 670 390 747 402 0 0 1 1
1 346 670 386 747 403 0 0 1 1
1 341 670 380 747 404 0 0 1 1
1 337 670 376 747 405 0 0 1 1
1 333 670 373 747 406 0 0 1 1
1 330 670 369 747 407 0 0 1 1
1 324 670 363 747 408 0 0 1 1
1 320 670 360 747 409 0 0 1 1
1 316 670 356 747 410 0 0 1 1
1 313 670 352 747 411 0 0 0 1
1 307 670 348 747 412 0 0 1 1
1 303 670 345 747 413 0 0 1 1
1 300 670 341 747 414 0 0 1 1
1 296 670 337 747 415 0 0 1 1
1 292 670 333 747 416 0 0 1 1
1 286 670 330 747 417 0 0 1 1
1 283 670 326 747 418 0 0 1 1
1 279 670 322 747 419 0 0 1 1
1 275 670 318 747 420 0 0 1 1
1 271 670 315 747 421 0 0 1 1
1 266 670 311 747 422 0 0 1 1
1 262 670 307 747 423 0 0 1 1
1 258 670 303 747 424 0 0 1 1
1 255 670 300 747 425 0 0 1 1
1 251 670 296 747 426 0 0 1 1
1 245 670 292 747 427 0 0 1 1
1 241 670 288 747 428 0 0 1 1
1 238 670 285 747 429 0 0 1 1
1 234 670 281 747 430 0 0 1 1
1 230 674 277 747 431 0 0 0 1
1 225 674 271 747 432 0 0 1 1
1 219 674 266 747 433 0 0 1 1
1 215 674 262 747 434 0 0 1 1
1 210 674 256 747 435 0 0 1 1
1 206 674 253 747 436 0 0 1 1
1 200 674 247 747 437 0 0 1 1
1 196 674 243 747 438 0 0 1 1
1 191 674 238 747 439 0 0 1 1
1 187 674 234 747 440 0 0 1 1
1 181 674 228 747 441 0 0 1 1
1 176 674 223 747 442 0 0 1 1
1 172 674 219 747 443 0 0 1 1
1 166 674 213 747 444 0 0 1 1
1 163 674 210 747 445 0 0 1 1
1 157 674 204 747 446 0 0 1 1
1 153 674 200 747 447 0 0 1 1
1 148 674 195 747 448 0 0 1 1
1 144 674 191 747 449 0 0 1 1
1 138 674 185 747 450 0 0 1 1
1 135 679 181 751 451 0 0 0 1
1 129 679 176 751 452 0 0 1 1
1 125 679 172 751 453 0 0 1 1
1 121 679 168 751 454 0 0 1 1
1 118 679 165 751 455 0 0 1 1
1 112 679 159 751 456 0 0 1 1
1 108 679 155 751 457 0 0 1 1
1 105 679 151 751 458 0 0 1 1
1 101 679 148 751 459 0 0 1 1
1 95 679 142 751 460 0 0 1 1
1 91 679 138 751 461 0 0 1 1
1 88 679 135 751 462 0 0 1 1
1 84 679 131 751 463 0 0 1 1
1 78 679 125 751 464 0 0 1 1
1 75 679 121 751 465 0 0 1 1
1 71 679 118 751 466 0 0 1 1
1 67 679 114 751 467 0 0 1 1
1 61 679 108 751 468 0 0 1 1
1 58 679 105 751 469 0 0 1 1
1 54 679 101 751 470 0 0 1 1
1 50 683 97 755 471 0 0 0 1
1 45 683 91 755 472 0 0 1 1
1 41 683 88 755 473 0 0 1 1
1 35 683 82 755 474 0 0 1 1
1 31 683 78 755 475 0 0 1 1
1 28 683 75 755 476 0 0 1 1
1 22 683 69 755 477 0 0 1 1
1 18 683 65 755 478 0 0 1 1
1 13 683 60 755 479 0 0 1 1
1 9 683 56 755 480 0 0 1 1
1 5 683 52 755 481 0 0 0 1
1 3 683 50 755 482 0 0 1 1
1 3 683 48 755 483 0 0 1 1
1 3 683 46 755 484 0 0 1 1
1 3 683 46 755 485 0 0 1 1
1 3 683 45 755 486 0 0 1 1
1 3 683 43 755 487 0 0 1 1
1 1 683 43 755 488 0 0 1 1
1 1 683 41 755 489 0 0 1 1
1 1 683 39 755 490 0 0 1 1
1 1 683 39 755 491 0 0 1 1
1 1 683 37 755 492 0 0 1 1
1 1 683 35 755 493 0 0 1 1
1 1 683 33 755 494 0 0 1 1
1 0 683 33 755 495 0 0 1 1
1 0 683 31 755 496 0 0 1 1
1 0 683 30 755 497 0 0 1 1
1 0 683 30 755 498 0 0 1 1
1 0 683 28 755 499 0 0 1 1
1 0 683 26 755 500 0 0 1 1
2 684 125 729 206 281 0 1 0 2
2 684 125 729 206 282 0 1 1 2
2 686 125 731 206 283 0 1 1 2
2 686 125 731 206 284 0 1 1 2
2 688 125 733 206 285 0 1 1 2
2 688 125 733 206 286 0 1 1 2
2 690 125 735 206 287 0 1 1 2
2 691 125 736 206 288 0 1 1 2
2 691 125 736 206 289 0 1 1 2
2 693 125 738 210 290 0 1 1 2
2 693 125 738 210 291 0 1 1 2
2 695 125 740 210 292 0 1 1 2
2 697 129 742 210 293 0 1 1 2
2 697 129 742 210 294 0 1 1 2
2 699 129 744 210 295 0 1 1 2
2 699 129 744 210 296 0 1 1 2
2 701 129 746 210 297 0 1 1 2
2 701 129 746 210 298 0 1 1 2
2 703 129 748 214 299 0 1 1 2
2 705 129 750 214 300 0 1 1 2
2 705 129 750 214 301 0 1 1 2
2 706 129 751 214 302 0 1 1 2
2 706 129 751 214 303 0 1 1 2
2 708 129 753 214 304 0 1 1 2
2 710 133 755 214 305 0 1 1 2
2 710 133 755 214 306 0 1 1 2
2 712 133 757 218 307 0 1 1 2
2 712 133 757 218 308 0 1 1 2
2 714 133 759 218 309 0 1 1 2
2 714 133 759 218 310 0 1 1 2
2 716 133 761 218 311 0 1 1 2
2 718 133 763 218 312 0 1 1 2
2 718 133 763 218 313 0 1 1 2
2 720 133 765 218 314 0 1 1 2
2 720 133 765 218 315 0 1 1 2
2 721 133 766 222 316 0 1 1 2
2 723 137 768 222 317 0 1 1 2
2 723 137 768 222 318 0 1 1 2
2 725 137 770 222 319 0 1 1 2
2 725 137 770 222 320 0 1 1 2
2 727 137 772 222 321 0 1 1 2
2 727 137 772 222 322 0 1 1 2
2 729 137 774 222 323 0 1 1 2
2 731 137 776 226 324 0 1 1 2
2 731 137 776 226 325 0 1 1 2
2 733 137 778 226 326 0 1 1 2
2 733 137 778 226 327 0 1 1 2
2 735 137 780 226 328 0 1 1 2
2 736 141 781 226 329 0 1 1 2
2 736 141 781 226 330 0 1 1 2
2 738 141 783 226 331 0 1 1 2
2 738 141 783 226 332 0 1 1 2
2 740 141 785 230 333 0 1 1 2
2 740 141 785 230 334 0 1 1 2
2 742 141 787 230 335 0 1 1 2
2 744 141 789 230 336 0 1 1 2
2 744 141 789 230 337 0 1 1 2
2 746 141 791 230 338 0 1 1 2
2 746 141 791 230 339 0 1 1 2
2 748 141 793 230 340 0 1 1 2
2 750 145 795 234 341 0 1 0 2
2 750 141 795 230 342 0 1 1 2
2 751 141 796 230 343 0 1 1 2
2 753 141 798 230 344 0 1 1 2
2 753 141 798 230 345 0 1 1 2
2 755 141 800 230 346 0 1 1 2
2 757 141 802 230 347 0 1 1 2
2 759 141 804 230 348 0 1 1 2
2 759 141 804 230 349 0 1 1 2
2 761 141 806 230 350 0 1 1 2
2 763 141 808 230 351 0 1 1 2
2 763 141 808 230 352 0 1 1 2
2 765 141 810 230 353 0 1 1 2
2 766 141 811 230 354 0 1 1 2
2 768 141 813 230 355 0 1 1 2
2 768 141 813 230 356 0 1 1 2
2 770 141 815 230 357 0 1 1 2
2 772 141 817 230 358 0 1 1 2
2 772 141 817 230 359 0 1 1 2
2 774 141 819 230 360 0 1 1 2
2 776 141 821 230 361 0 1 1 2
2 778 141 823 230 362 0 1 1 2
2 778 141 823 230 363 0 1 1 2
2 780 141 825 230 364 0 1 1 2
2 781 141 826 230 365 0 1 1 2
2 781 141 826 230 366 0 1 1 2
2 783 141 828 230 367 0 1 1 2
2 785 141 830 230 368 0 1 1 2
2 787 141 832 230 369 0 1 1 2
2 787 141 832 230 370 0 1 1 2
2 789 141 834 230 371 0 1 1 2
2 791 141 836 230 372 0 1 1 2
2 791 141 836 230 373 0 1 1 2
2 793 141 838 230 374 0 1 1 2
2 795 141 840 230 375 0 1 1 2
2 796 141 841 230 376 0 1 1 2
2 796 137 841 226 377 0 1 1 2
2 798 137 843 226 378 0 1 1 2
2 800 137 845 226 379 0 1 1 2
2 800 137 845 226 380 0 1 1 2
2 802 137 847 226 381 0 1 1 2
2 804 137 849 226 382 0 1 1 2
2 806 137 851 226 383 0 1 1 2
2 806 137 851 226 384 0 1 1 2
2 808 137 853 226 385 0 1 1 2
2 810 137 855 226 386 0 1 1 2
2 810 137 855 226 387 0 1 1 2
2 811 137 856 226 388 0 1 1 2
2 813 137 858 226 389 0 1 1 2
2 815 137 860 226 390 0 1 1 2
2 815 137 860 226 391 0 1 1 2
2 817 137 862 226 392 0 1 1 2
2 819 137 864 226 393 0 1 1 2
2 819 137 864 226 394 0 1 1 2
2 821 137 866 226 395 0 1 1 2
2 823 137 868 226 396 0 1 1 2
2 825 137 870 226 397 0 1 1 2
2 825 137 870 226 398 0 1 1 2
2 826 137 871 226 399 0 1 1 2
2 828 137 873 226 400 0 1 1 2
2 828 137 873 226 401 0 1 1 2
2 830 137 875 226 402 0 1 1 2
2 832 137 877 226 403 0 1 1 2
2 834 137 879 226 404 0 1 1 2
2 834 137 879 226 405 0 1 1 2
2 836 137 881 226 406 0 1 1 2
2 838 137 883 226 407 0 1 1 2
2 838 137 883 226 408 0 1 1 2
2 840 137 885 226 409 0 1 1 2
2 841 137 886 226 410 0 1 1 2
2 843 137 888 226 411 0 1 0 2
2 843 137 888 226 412 0 1 1 2
2 845 137 890 226 413 0 1 1 2
2 847 137 892 226 414 0 1 1 2
2 847 137 892 226 415 0 1 1 2
2 849 137 894 226 416 0 1 1 2
2 851 137 896 226 417 0 1 1 2
2 851 137 896 226 418 0 1 1 2
2 853 137 898 226 419 0 1 1 2
2 855 137 900 226 420 0 1 1 2
2 855 137 900 226 421 0 1 1 2
2 856 137 901 226 422 0 1 1 2
2 858 137 903 226 423 0 1 1 2
2 858 137 903 226 424 0 1 1 2
2 860 137 905 226 425 0 1 1 2
2 862 137 907 226 426 0 1 1 2
2 862 137 907 226 427 0 1 1 2
2 864 137 909 226 428 0 1 1 2
2 866 137 911 226 429 0 1 1 2
2 866 137 911 226 430 0 1 1 2
2 868 141 913 230 431 0 1 1 2
2 870 141 915 230 432 0 1 1 2
2 870 141 915 230 433 0 1 1 2
2 871 141 916 230 434 0 1 1 2
2 873 141 918 230 435 0 1 1 2
2 873 141 918 230 436 0 1 1 2
2 875 141 920 230 437 0 1 1 2
2 877 141 922 230 438 0 1 1 2
2 877 141 922 230 439 0 1 1 2
2 879 141 924 230 440 0 1 1 2
2 881 141 926 230 441 0 1 1 2
2 881 141 926 230 442 0 1 1 2
2 883 141 928 230 443 0 1 1 2
2 885 141 930 230 444 0 1 1 2
2 885 141 930 230 445 0 1 1 2
2 886 141 931 230 446 0 1 1 2
2 888 141 933 230 447 0 1 1 2
2 888 141 933 230 448 0 1 1 2
2 890 141 935 230 449 0 1 1 2
2 892 141 937 230 450 0 1 1 2
2 894 145 939 234 451 0 1 0 2
2 894 145 939 234 452 0 1 1 2
2 896 145 941 234 453 0 1 1 2
2 898 145 943 234 454 0 1 1 2
2 900 145 945 234 455 0 1 1 2
2 901 145 946 234 456 0 1 1 2
2 903 145 948 234 457 0 1 1 2
2 905 145 950 234 458 0 1 1 2
2 907 145 952 234 459 0 1 1 2
2 909 145 954 234 460 0 1 1 2
2 911 145 956 234 461 0 0 0 2
2 911 145 956 234 462 0 0 1 2
2 913 145 958 234 463 0 0 1 2
2 915 145 960 234 464 0 0 1 2
2 915 145 960 234 465 0 0 1 2
2 916 145 961 234 466 0 0 1 2
2 918 145 963 234 467 0 0 1 2
2 918 145 963 234 468 0 0 1 2
2 920 145 965 234 469 0 0 1 2
2 922 145 967 234 470 0 0 1 2
2 924 145 969 234 471 0 0 1 2
2 924 145 969 234 472 0 0 1 2
2 926 145 971 234 473 0 0 1 2
2 928 145 973 234 474 0 0 1 2
2 928 145 973 234 475 0 0 1 2
2 930 145 975 234 476 0 0 1 2
2 931 145 976 234 477 0 0 1 2
2 931 145 976 234 478 0 0 1 2
2 933 145 978 234 479 0 0 1 2
2 935 145 980 234 480 0 0 1 2
2 937 145 982 234 481 0 0 1 2
2 937 145 982 234 482 0 0 1 2
2 939 145 984 234 483 0 0 1 2
2 941 145 986 234 484 0 0 1 2
2 941 145 986 234 485 0 0 1 2
2 943 145 988 234 486 0 0 1 2
2 945 145 990 234 487 0 0 1 2
2 945 145 990 234 488 0 0 1 2
2 946 145 991 234 489 0 0 1 2
2 948 145 993 234 490 0 0 1 2
2 950 145 995 234 491 0 0 0 2
2 950 145 995 234 492 0 0 1 2
2 952 145 997 234 493 0 0 1 2
2 952 145 997 234 494 0 0 1 2
2 954 145 999 234 495 0 0 1 2
2 954 145 999 234 496 0 0 1 2
2 956 145 1001 234 497 0 0 1 2
2 956 145 1001 234 498 0 0 1 2
2 958 145 1003 234 499 0 0 1 2
2 960 145 1005 234 500 0 0 0 2
2 960 141 1005 234 501 0 0 1 2
2 961 141 1006 234 502 0 0 1 2
2 963 141 1008 234 503 0 0 1 2
2 963 141 1008 234 504 0 0 1 2
2 965 141 1010 234 505 0 0 1 2
2 967 141 1012 234 506 0 0 1 2
2 967 141 1012 234 507 0 0 1 2
2 969 141 1014 234 508 0 0 1 2
2 971 141 1016 234 509 0 0 1 2
2 971 141 1018 234 510 0 0 1 2
2 973 141 1018 234 511 0 0 1 2
2 975 141 1020 234 512 0 0 1 2
2 975 141 1021 234 513 0 0 1 2
2 976 141 1021 234 514 0 0 1 2
2 978 141 1023 234 515 0 0 1 2
2 978 141 1025 234 516 0 0 1 2
2 980 141 1027 234 517 0 0 1 2
2 982 141 1027 234 518 0 0 1 2
2 984 141 1029 234 519 0 0 1 2
2 984 141 1031 234 520 0 0 1 2
2 986 141 1031 234 521 0 0 1 2
2 988 141 1033 234 522 0 0 1 2
2 988 141 1035 234 523 0 0 1 2
2 990 141 1036 234 524 0 0 1 2
2 991 137 1036 234 525 0 0 1 2
2 991 137 1038 234 526 0 0 1 2
2 993 137 1040 234 527 0 0 1 2
2 995 137 1040 234 528 0 0 1 2
2 995 137 1042 234 529 0 0 1 2
2 997 137 1044 234 530 0 0 1 2
2 999 137 1046 234 531 0 0 1 2
2 999 137 1046 234 532 0 0 1 2
2 1001 137 1048 234 533 0 0 1 2
2 1003 137 1050 234 534 0 0 1 2
2 1003 137 1050 234 535 0 0 1 2
2 1005 137 1051 234 536 0 0 1 2
2 1006 137 1053 238 537 0 0 1 2
2 1008 137 1055 238 538 0 0 1 2
2 1008 137 1055 238 539 0 0 1 2
2 1010 137 1057 238 540 0 0 1 2
2 1012 137 1059 238 541 0 0 1 2
2 1012 137 1059 238 542 0 0 1 2
2 1014 137 1061 238 543 0 0 1 2
2 1016 137 1063 238 544 0 0 1 2
2 1016 137 1065 238 545 0 0 1 2
2 1018 137 1065 238 546 0 0 1 2
2 1020 137 1066 238 547 0 0 1 2
2 1020 137 1068 238 548 0 0 1 2
2 1021 133 1068 238 549 0 0 1 2
2 1023 133 1070 238 550 0 0 1 2
2 1023 133 1072 238 551 0 0 1 2
2 1025 133 1074 238 552 0 0 1 2
2 1027 133 1074 238 553 0 0 1 2
2 1027 133 1076 238 554 0 0 1 2
2 1029 133 1078 238 555 0 0 1 2
2 1031 133 1078 238 556 0 0 1 2
2 1033 133 1080 238 557 0 0 1 2
2 1033 133 1081 238 558 0 0 1 2
2 1035 133 1083 238 559 0 0 1 2
2 1036 133 1083 238 560 0 0 1 2
2 1036 133 1085 238 561 0 0 1 2
2 1038 133 1087 238 562 0 0 1 2
2 1040 133 1087 238 563 0 0 1 2
2 1040 133 1089 238 564 0 0 1 2
2 1042 133 1091 238 565 0 0 1 2
2 1044 133 1093 238 566 0 0 1 2
2 1044 133 1093 238 567 0 0 1 2
2 1046 133 1095 238 568 0 0 1 2
2 1048 133 1096 238 569 0 0 1 2
2 1048 133 1096 238 570 0 0 1 2
2 1050 133 1098 238 571 0 0 1 2
2 1051 133 1100 238 572 0 0 1 2
2 1053 133 1102 242 573 0 0 0 2
3 1 804 48 877 341 0 1 0 1
3 3 800 50 873 342 0 1 1 1
3 7 800 54 873 343 0 1 1 1
3 11 800 58 873 344 0 1 1 1
3 15 800 61 873 345 0 1 1 1
3 18 800 65 873 346 0 1 1 1
3 20 796 69 868 347 0 1 1 1
3 24 796 71 868 348 0 1 1 1
3 28 796 75 868 349 0 1 1 1
3 31 796 78 868 350 0 1 1 1
3 35 796 82 868 351 0 1 1 1
3 37 792 86 864 352 0 1 1 1
3 41 792 90 864 353 0 1 1 1
3 45 792 93 864 354 0 1 1 1
3 48 792 95 864 355 0 1 1 1
3 52 792 99 864 356 0 1 1 1
3 54 788 103 860 357 0 1 1 1
3 58 788 106 860 358 0 1 1 1
3 61 788 110 860 359 0 1 1 1
3 65 788 114 860 360 0 1 1 1
3 69 788 118 860 361 0 1 0 1
3 71 788 120 860 362 0 1 1 1
3 75 788 123 860 363 0 1 1 1
3 78 788 127 860 364 0 1 1 1
3 82 788 131 860 365 0 1 1 1
3 86 788 135 860 366 0 1 1 1
3 90 788 138 860 367 0 1 1 1
3 93 788 142 860 368 0 1 1 1
3 97 788 146 860 369 0 1 1 1
3 101 788 150 860 370 0 1 1 1
3 105 788 153 860 371 0 1 1 1
3 108 788 157 860 372 0 1 1 1
3 112 788 161 860 373 0 1 1 1
3 116 788 165 860 374 0 1 1 1
3 120 788 168 860 375 0 1 1 1
3 123 788 172 860 376 0 1 1 1
3 127 788 176 860 377 0 1 1 1
3 131 788 180 860 378 0 1 1 1
3 135 788 183 860 379 0 1 1 1
3 138 788 187 860 380 0 1 1 1
3 142 788 191 860 381 0 1 1 1
3 146 788 195 860 382 0 1 1 1
3 150 788 198 860 383 0 1 1 1
3 153 788 202 860 384 0 1 1 1
3 157 788 206 860 385 0 1 1 1
3 161 788 210 860 386 0 1 1 1
3 165 788 213 860 387 0 1 1 1
3 168 788 217 860 388 0 1 1 1
3 172 788 221 860 389 0 1 1 1
3 176 788 225 860 390 0 1 1 1
3 180 788 228 860 391 0 1 0 1
3 183 788 232 860 392 0 1 1 1
3 187 788 236 860 393 0 1 1 1
3 191 788 240 860 394 0 1 1 1
3 195 788 243 860 395 0 1 1 1
3 198 788 247 860 396 0 1 1 1
3 204 788 253 860 397 0 1 1 1
3 208 788 256 860 398 0 1 1 1
3 211 788 260 860 399 0 1 1 1
3 215 788 264 860 400 0 1 1 1
3 219 792 268 864 401 0 1 1 1
3 223 792 271 864 402 0 1 1 1
3 228 792 277 864 403 0 1 1 1
3 232 792 281 864 404 0 1 1 1
3 236 792 285 864 405 0 1 1 1
3 240 792 288 864 406 0 1 1 1
3 243 792 292 864 407 0 1 1 1
3 247 792 296 864 408 0 1 1 1
3 253 792 301 864 409 0 1 1 1
3 256 792 305 864 410 0 1 1 1
3 260 796 309 868 411 0 1 1 1
3 264 796 313 868 412 0 1 1 1
3 268 796 316 868 413 0 1 1 1
3 271 796 320 868 414 0 1 1 1
3 277 796 326 868 415 0 1 1 1
3 281 796 330 868 416 0 1 1 1
3 285 796 333 868 417 0 1 1 1
3 288 796 337 868 418 0 1 1 1
3 292 796 341 868 419 0 1 1 1
3 296 796 345 868 420 0 1 1 1
3 301 800 350 873 421 0 1 1 1
3 305 800 354 873 422 0 1 1 1
3 309 800 358 873 423 0 1 1 1
3 313 800 361 873 424 0 1 1 1
3 316 800 365 873 425 0 1 1 1
3 320 800 369 873 426 0 1 1 1
3 326 800 375 873 427 0 1 1 1
3 330 800 378 873 428 0 1 1 1
3 333 800 382 873 429 0 1 1 1
3 337 800 386 873 430 0 1 1 1
3 341 804 390 877 431 0 1 1 1
3 345 804 393 877 432 0 1 1 1
3 350 804 399 877 433 0 1 1 1
3 354 804 403 877 434 0 1 1 1
3 358 804 406 877 435 0 1 1 1
3 361 804 410 877 436 0 1 1 1
3 365 804 414 877 437 0 1 1 1
3 369 804 418 877 438 0 1 1 1
3 375 804 423 877 439 0 1 1 1
3 378 804 427 877 440 0 1 1 1
3 382 808 431 881 441 0 1 1 1
3 386 808 435 881 442 0 1 1 1
3 390 808 438 881 443 0 1 1 1
3 393 808 442 881 444 0 1 1 1
3 399 808 448 881 445 0 1 1 1
3 403 808 451 881 446 0 1 1 1
3 406 808 455 881 447 0 1 1 1
3 410 808 459 881 448 0 1 1 1
3 414 808 463 881 449 0 1 1 1
3 418 808 466 881 450 0 1 1 1
3 423 812 472 885 451 0 0 0 1
3 427 808 476 881 452 0 0 1 1
3 431 808 480 881 453 0 0 1 1
3 435 808 483 881 454 0 0 1 1
3 438 808 487 881 455 0 0 1 1
3 442 808 491 881 456 0 0 1 1
3 446 808 495 881 457 0 0 1 1
3 450 808 498 881 458 0 0 1 1
3 455 808 504 881 459 0 0 1 1
3 459 808 508 881 460 0 0 1 1
3 463 808 511 881 461 0 0 1 1
3 466 808 515 881 462 0 0 1 1
3 470 808 519 881 463 0 0 1 1
3 474 808 523 881 464 0 0 1 1
3 478 808 526 881 465 0 0 1 1
3 483 808 532 881 466 0 0 1 1
3 487 804 536 877 467 0 0 1 1
3 491 804 540 877 468 0 0 1 1
3 495 804 543 877 469 0 0 1 1
3 498 804 547 877 470 0 0 1 1
3 502 804 551 877 471 0 0 1 1
3 506 804 555 877 472 0 0 1 1
3 510 804 558 877 473 0 0 1 1
3 515 804 564 877 474 0 0 1 1
3 519 804 568 877 475 0 0 1 1
3 523 804 571 877 476 0 0 1 1
3 526 804 575 877 477 0 0 1 1
3 530 804 579 877 478 0 0 1 1
3 534 804 583 877 479 0 0 1 1
3 538 804 586 877 480 0 0 1 1
3 543 804 592 877 481 0 0 0 1
3 547 804 596 877 482 0 0 1 1
3 551 804 600 877 483 0 0 1 1
3 555 804 603 877 484 0 0 1 1
3 558 804 607 877 485 0 0 1 1
3 562 804 611 877 486 0 0 1 1
3 566 804 615 877 487 0 0 1 1
3 571 804 620 877 488 0 0 1 1
3 575 804 624 877 489 0 0 1 1
3 579 804 628 877 490 0 0 1 1
3 583 804 631 877 491 0 0 1 1
3 586 804 635 877 492 0 0 1 1
3 590 804 639 877 493 0 0 1 1
3 596 804 645 877 494 0 0 1 1
3 600 804 648 877 495 0 0 1 1
3 603 804 652 877 496 0 0 1 1
3 607 804 656 877 497 0 0 1 1
3 611 804 660 877 498 0 0 1 1
3 615 804 663 877 499 0 0 1 1
3 620 808 669 881 500 0 0 0 1
3 624 808 673 881 501 0 0 1 1
3 628 808 676 881 502 0 0 1 1
3 631 808 680 881 503 0 0 1 1
3 635 808 684 881 504 0 0 1 1
3 639 808 690 881 505 0 0 1 1
3 643 808 693 881 506 0 0 1 1
3 646 808 697 881 507 0 0 1 1
3 652 808 701 881 508 0 0 1 1
3 656 808 706 881 509 0 0 1 1
3 660 808 710 881 510 0 0 1 1
3 663 812 714 881 511 0 0 1 1
3 667 812 718 881 512 0 0 1 1
3 671 812 723 885 513 0 0 1 1
3 675 812 727 885 514 0 0 1 1
3 680 812 731 885 515 0 0 1 1
3 684 812 735 885 516 0 0 1 1
3 688 812 740 885 517 0 0 1 1
3 691 812 744 885 518 0 0 1 1
3 695 812 748 885 519 0 0 1 1
3 699 812 751 885 520 0 0 1 1
3 703 816 757 885 521 0 0 1 1
3 708 816 761 885 522 0 0 1 1
3 712 816 765 885 523 0 0 1 1
3 716 816 768 885 524 0 0 1 1
3 720 816 774 889 525 0 0 1 1
3 723 816 778 889 526 0 0 1 1
3 727 816 781 889 527 0 0 1 1
3 731 816 785 889 528 0 0 1 1
3 735 816 791 889 529 0 0 1 1
3 740 816 795 889 530 0 0 1 1
3 744 816 798 889 531 0 0 1 1
3 748 820 802 889 532 0 0 1 1
3 751 820 808 889 533 0 0 1 1
3 755 820 811 889 534 0 0 1 1
3 759 820 815 889 535 0 0 1 1
3 763 820 819 889 536 0 0 1 1
3 768 820 825 893 537 0 0 1 1
3 772 820 828 893 538 0 0 1 1
3 776 820 832 893 539 0 0 1 1
3 780 820 836 893 540 0 0 1 1
3 783 820 841 893 541 0 0 1 1
3 787 824 845 893 542 0 0 1 1
3 791 824 849 893 543 0 0 1 1
3 796 824 853 893 544 0 0 1 1
3 800 824 858 893 545 0 0 1 1
3 804 824 862 893 546 0 0 1 1
3 808 824 866 893 547 0 0 1 1
3 811 824 870 893 548 0 0 1 1
3 815 824 875 897 549 0 0 1 1
3 819 824 879 897 550 0 0 1 1
3 823 824 883 897 551 0 0 1 1
3 828 824 886 897 552 0 0 1 1
3 832 828 892 897 553 0 0 1 1
3 836 828 896 897 554 0 0 1 1
3 840 828 900 897 555 0 0 1 1
3 843 828 903 897 556 0 0 1 1
3 847 828 909 897 557 0 0 1 1
3 851 828 913 897 558 0 0 1 1
3 856 828 916 897 559 0 0 1 1
3 860 828 920 897 560 0 0 1 1
3 864 828 926 901 561 0 0 1 1
3 868 828 930 901 562 0 0 1 1
3 871 832 933 901 563 0 0 1 1
3 875 832 937 901 564 0 0 1 1
3 879 832 943 901 565 0 0 1 1
3 885 832 946 901 566 0 0 1 1
3 888 832 950 901 567 0 0 1 1
3 892 832 954 901 568 0 0 1 1
3 896 832 960 901 569 0 0 1 1
3 900 832 963 901 570 0 0 1 1
3 903 832 967 901 571 0 0 1 1
3 907 832 971 901 572 0 0 1 1
3 913 836 976 905 573 0 0 0 1
4 646 424 684 480 471 0 0 0 2
4 646 424 684 480 472 0 0 1 2
4 648 424 686 480 473 0 0 1 2
4 648 424 686 480 474 0 0 1 2
4 650 424 688 480 475 0 0 1 2
4 650 424 688 480 476 0 0 1 2
4 652 424 690 480 477 0 0 1 2
4 652 424 690 480 478 0 0 1 2
4 654 424 691 480 479 0 0 1 2
4 654 424 691 480 480 0 0 1 2
4 656 428 693 485 481 0 0 1 2
4 656 428 693 485 482 0 0 1 2
4 658 428 695 485 483 0 0 1 2
4 658 428 695 485 484 0 0 1 2
4 660 428 697 485 485 0 0 1 2
4 660 428 697 485 486 0 0 1 2
4 661 428 699 485 487 0 0 1 2
4 661 428 699 485 488 0 0 1 2
4 663 428 701 485 489 0 0 1 2
4 663 428 701 485 490 0 0 1 2
4 665 432 703 489 491 0 0 0 2
4 665 432 703 489 492 0 0 1 2
4 667 432 705 489 493 0 0 1 2
4 669 432 706 489 494 0 0 1 2
4 669 432 706 489 495 0 0 1 2
4 671 432 708 489 496 0 0 1 2
4 673 432 710 489 497 0 0 1 2
4 673 432 710 489 498 0 0 1 2
4 675 432 712 489 499 0 0 1 2
4 676 432 714 489 500 0 0 0 2
4 676 428 714 485 501 0 0 1 2
4 678 428 716 485 502 0 0 1 2
4 678 428 716 485 503 0 0 1 2
4 680 428 718 485 504 0 0 1 2
4 680 428 718 485 505 0 0 1 2
4 682 428 720 485 506 0 0 1 2
4 682 428 720 485 507 0 0 1 2
4 684 424 721 485 508 0 0 1 2
4 684 424 723 485 509 0 0 1 2
4 686 424 723 485 510 0 0 1 2
4 686 424 725 485 511 0 0 1 2
4 688 424 725 485 512 0 0 1 2
4 688 424 727 485 513 0 0 1 2
4 690 424 727 485 514 0 0 1 2
4 691 420 729 480 515 0 0 1 2
4 691 420 729 480 516 0 0 1 2
4 693 420 731 480 517 0 0 1 2
4 693 420 733 480 518 0 0 1 2
4 695 420 733 480 519 0 0 1 2
4 695 420 735 480 520 0 0 1 2
4 697 420 735 480 521 0 0 1 2
4 697 416 736 480 522 0 0 1 2
4 699 416 736 480 523 0 0 1 2
4 699 416 738 480 524 0 0 1 2
4 701 416 740 480 525 0 0 1 2
4 701 416 740 480 526 0 0 1 2
4 703 416 742 480 527 0 0 1 2
4 703 416 742 480 528 0 0 1 2
4 705 416 744 480 529 0 0 1 2
4 706 412 744 476 530 0 0 1 2
4 706 412 746 476 531 0 0 1 2
4 708 412 746 476 532 0 0 1 2
4 708 412 748 476 533 0 0 1 2
4 710 412 750 476 534 0 0 1 2
4 710 412 750 476 535 0 0 1 2
4 712 412 751 476 536 0 0 1 2
4 712 408 751 476 537 0 0 1 2
4 714 408 753 476 538 0 0 1 2
4 714 408 753 476 539 0 0 1 2
4 716 408 755 476 540 0 0 1 2
4 716 408 757 476 541 0 0 1 2
4 718 408 757 476 542 0 0 1 2
4 718 408 759 476 543 0 0 1 2
4 720 404 759 472 544 0 0 1 2
4 721 404 761 472 545 0 0 1 2
4 721 404 761 472 546 0 0 1 2
4 723 404 763 472 547 0 0 1 2
4 723 404 763 472 548 0 0 1 2
4 725 404 765 472 549 0 0 1 2
4 725 404 766 472 550 0 0 1 2
4 727 404 766 472 551 0 0 1 2
4 727 400 768 472 552 0 0 1 2
4 729 400 768 472 553 0 0 1 2
4 729 400 770 472 554 0 0 1 2
4 731 400 770 472 555 0 0 1 2
4 731 400 772 472 556 0 0 1 2
4 733 400 774 472 557 0 0 1 2
4 733 400 774 472 558 0 0 1 2
4 735 396 776 468 559 0 0 1 2
4 736 396 776 468 560 0 0 1 2
4 736 396 778 468 561 0 0 1 2
4 738 396 778 468 562 0 0 1 2
4 738 396 780 468 563 0 0 1 2
4 740 396 780 468 564 0 0 1 2
4 740 396 781 468 565 0 0 1 2
4 742 392 783 468 566 0 0 1 2
4 742 392 783 468 567 0 0 1 2
4 744 392 785 468 568 0 0 1 2
4 744 392 785 468 569 0 0 1 2
4 746 392 787 468 570 0 0 1 2
4 746 392 787 468 571 0 0 1 2
4 748 392 789 468 572 0 0 1 2
4 750 392 791 468 573 0 1 0 2
5 1269 776 1295 832 0 0 0 0 2
5 1269 776 1295 832 1 0 0 1 2
5 1271 776 1297 832 2 0 0 1 2
5 1273 776 1299 832 3 0 0 1 2
5 1275 776 1301 832 4 0 0 1 2
5 1276 776 1303 832 5 0 0 1 2
5 1276 776 1303 832 6 0 0 1 2
5 1278 780 1305 836 7 0 0 1 2
5 1280 780 1306 836 8 0 0 1 2
5 1282 780 1308 836 9 0 0 1 2
5 1284 780 1310 836 10 0 0 1 2
5 1284 780 1310 836 11 0 0 1 2
5 1286 780 1312 836 12 0 0 1 2
5 1288 780 1314 836 13 0 0 1 2
5 1290 784 1316 840 14 0 0 1 2
5 1291 784 1318 840 15 0 0 1 2
5 1291 784 1318 840 16 0 0 1 2
5 1293 784 1320 840 17 0 0 1 2
5 1295 784 1321 840 18 0 0 1 2
5 1297 784 1323 840 19 0 0 1 2
5 1299 788 1325 844 20 0 0 0 2
5 1299 784 1325 840 21 0 0 1 2
5 1301 784 1327 840 22 0 0 1 2
5 1303 784 1327 840 23 0 0 1 2
5 1303 784 1329 840 24 0 0 1 2
5 1305 784 1329 840 25 0 0 1 2
5 1306 780 1331 836 26 0 0 1 2
5 1306 780 1331 836 27 0 0 1 2
5 1308 780 1333 836 28 0 0 1 2
5 1310 780 1333 836 29 0 0 1 2
5 1312 780 1335 836 30 0 0 1 2
5 1312 776 1336 832 31 0 0 1 2
5 1314 776 1336 832 32 0 0 1 2
5 1316 776 1338 832 33 0 0 1 2
5 1316 776 1338 832 34 0 0 1 2
5 1318 776 1340 832 35 0 0 1 2
5 1320 771 1340 828 36 0 0 1 2
5 1320 771 1342 828 37 0 0 1 2
5 1321 771 1342 828 38 0 0 1 2
5 1323 771 1344 828 39 0 0 1 2
6 1267 820 1301 864 0 0 0 0 2
6 1267 816 1301 860 1 0 0 1 2
6 1269 816 1303 860 2 0 0 1 2
6 1271 816 1305 860 3 0 0 1 2
6 1273 816 1306 860 4 0 0 1 2
6 1275 816 1308 860 5 0 0 1 2
6 1276 816 1310 860 6 0 0 1 2
6 1276 816 1310 856 7 0 0 1 2
6 1278 816 1312 856 8 0 0 1 2
6 1280 816 1314 856 9 0 0 1 2
6 1282 816 1316 856 10 0 0 1 2
6 1284 812 1318 856 11 0 0 1 2
6 1286 812 1320 856 12 0 0 1 2
6 1288 812 1321 856 13 0 0 1 2
6 1288 812 1321 852 14 0 0 1 2
6 1290 812 1323 852 15 0 0 1 2
6 1291 812 1325 852 16 0 0 1 2
6 1293 812 1327 852 17 0 0 1 2
6 1295 812 1329 852 18 0 0 1 2
6 1297 812 1331 852 19 0 0 1 2
6 1299 812 1333 852 20 0 0 0 2
6 1299 808 1333 848 21 0 0 1 2
6 1301 808 1333 848 22 0 0 1 2
6 1301 808 1335 848 23 0 0 1 2
6 1303 808 1335 848 24 0 0 1 2
6 1303 808 1335 848 25 0 0 1 2
6 1305 808 1336 848 26 0 0 1 2
6 1305 808 1336 848 27 0 0 1 2
6 1306 808 1336 848 28 0 0 1 2
6 1306 808 1338 848 29 0 0 1 2
6 1308 808 1338 848 30 0 0 1 2
6 1310 808 1338 848 31 0 0 1 2
6 1310 808 1340 848 32 0 0 1 2
6 1312 808 1340 848 33 0 0 1 2
6 1312 808 1340 848 34 0 0 1 2
6 1314 808 1342 848 35 0 0 1 2
6 1314 808 1342 848 36 0 0 1 2
6 1316 808 1342 848 37 0 0 1 2
6 1316 808 1344 848 38 0 0 1 2
6 1318 808 1344 848 39 0 0 1 2
7 1209 679 1254 727 0 0 0 0 2
7 1209 674 1254 727 1 0 0 1 2
7 1211 674 1256 727 2 0 0 1 2
7 1213 674 1258 727 3 0 0 1 2
7 1215 674 1258 727 4 0 0 1 2
7 1215 674 1260 727 5 0 0 1 2
7 1216 674 1261 727 6 0 0 1 2
7 1218 674 1263 727 7 0 0 1 2
7 1220 674 1263 727 8 0 0 1 2
7 1220 674 1265 727 9 0 0 1 2
7 1222 674 1267 727 10 0 0 1 2
7 1224 674 1269 727 11 0 0 1 2
7 1226 674 1269 727 12 0 0 1 2
7 1226 674 1271 727 13 0 0 1 2
7 1228 674 1273 727 14 0 0 1 2
7 1230 674 1275 727 15 0 0 1 2
7 1231 674 1275 727 16 0 0 1 2
7 1233 674 1276 727 17 0 0 1 2
7 1233 674 1278 727 18 0 0 1 2
7 1235 674 1278 727 19 0 0 1 2
7 1237 674 1280 731 20 0 0 1 2
7 1239 670 1282 731 21 0 0 1 2
7 1239 670 1284 731 22 0 0 1 2
7 1241 670 1284 731 23 0 0 1 2
7 1243 670 1286 731 24 0 0 1 2
7 1245 670 1288 731 25 0 0 1 2
7 1245 670 1290 731 26 0 0 1 2
7 1246 670 1290 731 27 0 0 1 2
7 1248 670 1291 731 28 0 0 1 2
7 1250 670 1293 731 29 0 0 1 2
7 1252 670 1295 731 30 0 0 1 2
7 1252 670 1295 731 31 0 0 1 2
7 1254 670 1297 731 32 0 0 1 2
7 1256 670 1299 731 33 0 0 1 2
7 1258 670 1299 731 34 0 0 1 2
7 1258 670 1301 731 35 0 0 1 2
7 1260 670 1303 731 36 0 0 1 2
7 1261 670 1305 731 37 0 0 1 2
7 1263 670 1305 731 38 0 0 1 2
7 1263 670 1306 731 39 0 0 1 2
7 1265 670 1308 735 40 0 0 1 2
7 1267 666 1310 735 41 0 0 1 2
7 1269 666 1310 735 42 0 0 1 2
7 1269 666 1312 735 43 0 0 1 2
7 1271 666 1314 735 44 0 0 1 2
7 1273 666 1316 735 45 0 0 1 2
7 1275 666 1316 735 46 0 0 1 2
7 1276 666 1318 735 47 0 0 1 2
7 1276 666 1320 735 48 0 0 1 2
7 1278 666 1320 735 49 0 0 1 2
7 1280 666 1321 735 50 0 0 1 2
7 1282 666 1323 735 51 0 0 1 2
7 1282 666 1325 735 52 0 0 1 2
7 1284 666 1325 735 53 0 0 1 2
7 1286 666 1327 735 54 0 0 1 2
7 1288 666 1329 735 55 0 0 1 2
7 1288 666 1331 735 56 0 0 1 2
7 1290 666 1331 735 57 0 0 1 2
7 1291 666 1333 735 58 0 0 1 2
7 1293 666 1335 735 59 0 0 1 2
7 1295 666 1336 739 60 0 0 0 2
7 1295 666 1336 739 61 0 0 1 2
7 1295 666 1336 739 62 0 0 1 2
7 1297 666 1338 739 63 0 0 1 2
7 1297 666 1338 739 64 0 0 1 2
7 1299 666 1340 739 65 0 0 1 2
7 1299 666 1340 739 66 0 0 1 2
7 1299 666 1340 739 67 0 0 1 2
7 1301 666 1342 739 68 0 0 1 2
7 1301 666 1342 739 69 0 0 1 2
8 1323 743 1348 808 20 0 0 0 1
8 1318 739 1342 804 21 0 0 1 1
8 1314 739 1338 804 22 0 0 1 1
8 1310 739 1335 804 23 0 0 1 1
8 1306 739 1331 804 24 0 0 1 1
8 1303 739 1327 804 25 0 0 1 1
8 1297 739 1323 804 26 0 0 1 1
8 1293 739 1318 804 27 0 0 1 1
8 1290 739 1314 804 28 0 0 1 1
8 1286 739 1310 804 29 0 0 1 1
8 1282 739 1306 804 30 0 0 1 1
8 1276 739 1303 804 31 0 0 1 1
8 1273 739 1299 804 32 0 0 1 1
8 1269 739 1295 804 33 0 0 1 1
8 1265 739 1290 804 34 0 0 1 1
8 1261 739 1286 804 35 0 0 1 1
8 1256 739 1282 804 36 0 0 1 1
8 1252 739 1278 804 37 0 0 1 1
8 1248 739 1275 804 38 0 0 1 1
8 1245 739 1271 804 39 0 0 1 1
8 1241 739 1267 804 40 0 0 0 1
8 1235 739 1261 804 41 0 0 1 1
8 1230 739 1256 804 42 0 0 1 1
8 1224 739 1250 804 43 0 0 1 1
8 1218 739 1245 804 44 0 0 1 1
8 1213 739 1239 804 45 0 0 1 1
8 1207 739 1233 804 46 0 0 1 1
8 1201 739 1228 804 47 0 0 1 1
8 1196 739 1222 804 48 0 0 1 1
8 1190 739 1216 804 49 0 0 1 1
8 1185 743 1211 808 50 0 0 1 1
8 1179 743 1205 808 51 0 0 1 1
8 1173 743 1200 808 52 0 0 1 1
8 1168 743 1194 808 53 0 0 1 1
8 1162 743 1188 808 54 0 0 1 1
8 1156 743 1183 808 55 0 0 1 1
8 1151 743 1177 808 56 0 0 1 1
8 1145 743 1171 808 57 0 0 1 1
8 1140 743 1166 808 58 0 0 1 1
8 1134 743 1160 808 59 0 0 1 1
8 1128 747 1155 812 60 0 0 1 1
8 1123 747 1149 812 61 0 0 1 1
8 1117 747 1143 812 62 0 0 1 1
8 1111 747 1138 812 63 0 0 1 1
8 1106 747 1132 812 64 0 0 1 1
8 1100 747 1126 812 65 0 0 1 1
8 1095 747 1121 812 66 0 0 1 1
8 1089 747 1115 812 67 0 0 1 1
8 1083 747 1110 812 68 0 0 1 1
8 1078 747 1104 812 69 0 0 1 1
8 1072 751 1098 816 70 0 0 0 1
8 1066 747 1093 812 71 0 0 1 1
8 1061 747 1087 812 72 0 0 1 1
8 1055 747 1081 812 73 0 0 1 1
8 1050 747 1076 812 74 0 0 1 1
8 1044 747 1070 812 75 0 0 1 1
8 1038 747 1065 812 76 0 0 1 1
8 1033 747 1059 812 77 0 0 1 1
8 1027 747 1053 812 78 0 0 1 1
8 1021 747 1048 812 79 0 0 1 1
8 1018 747 1044 812 80 0 0 1 1
8 1012 747 1038 812 81 0 0 1 1
8 1006 747 1033 812 82 0 0 1 1
8 1001 747 1027 812 83 0 0 1 1
8 995 747 1021 812 84 0 0 1 1
8 990 747 1016 812 85 0 0 1 1
8 984 743 1010 808 86 0 0 1 1
8 978 743 1005 808 87 0 0 1 1
8 973 743 999 808 88 0 0 1 1
8 967 743 993 808 89 0 0 1 1
8 963 743 990 808 90 0 0 1 1
8 958 743 984 808 91 0 0 1 1
8 952 743 978 808 92 0 0 1 1
8 946 743 973 808 93 0 0 1 1
8 941 743 967 808 94 0 0 1 1
8 935 743 961 808 95 0 0 1 1
8 930 743 956 808 96 0 0 1 1
8 924 743 950 808 97 0 0 1 1
8 918 743 945 808 98 0 0 1 1
8 913 743 939 808 99 0 0 1 1
8 909 743 935 808 100 0 0 0 1
8 901 739 928 804 101 0 0 1 1
8 896 739 922 804 102 0 0 1 1
8 888 739 915 804 103 0 0 1 1
8 883 735 909 800 104 0 0 1 1
8 877 735 903 800 105 0 0 1 1
8 870 735 896 800 106 0 0 1 1
8 864 731 890 796 107 0 0 1 1
8 856 731 883 796 108 0 0 1 1
8 851 731 877 796 109 0 0 1 1
8 845 731 871 796 110 0 0 0 1
8 840 731 866 796 111 0 0 1 1
8 836 731 862 796 112 0 0 1 1
8 830 731 856 796 113 0 0 1 1
8 826 731 853 796 114 0 0 1 1
8 821 731 847 796 115 0 0 1 1
8 817 731 843 796 116 0 0 1 1
8 811 731 838 796 117 0 0 1 1
8 808 731 834 796 118 0 0 1 1
8 802 731 828 796 119 0 0 1 1
8 798 731 825 796 120 0 0 1 1
8 793 731 819 796 121 0 0 1 1
8 789 731 815 796 122 0 0 1 1
8 783 731 810 796 123 0 0 1 1
8 780 731 806 796 124 0 0 1 1
8 774 731 800 796 125 0 0 1 1
8 770 731 796 796 126 0 0 1 1
8 765 731 791 796 127 0 0 1 1
8 761 731 787 796 128 0 0 1 1
8 755 731 781 796 129 0 0 1 1
8 751 731 778 796 130 0 0 1 1
8 746 731 772 796 131 0 0 1 1
8 742 731 768 796 132 0 0 1 1
8 736 731 763 796 133 0 0 1 1
8 733 731 759 796 134 0 0 1 1
8 727 731 753 796 135 0 0 1 1
8 723 731 750 796 136 0 0 1 1
8 718 731 744 796 137 0 0 1 1
8 714 731 740 796 138 0 0 1 1
8 708 731 735 796 139 0 0 1 1
8 705 735 731 800 140 0 0 0 1
8 697 731 723 796 141 0 0 1 1
8 691 731 718 796 142 0 0 1 1
8 686 731 712 796 143 0 0 1 1
8 680 731 706 796 144 0 0 1 1
8 675 731 701 796 145 0 0 1 1
8 669 731 695 796 146 0 0 1 1
8 663 731 690 796 147 0 0 1 1
8 658 731 684 796 148 0 0 1 1
8 652 731 678 796 149 0 0 1 1
8 646 731 673 796 150 0 0 1 1
8 641 727 667 792 151 0 0 1 1
8 635 727 661 792 152 0 0 1 1
8 630 727 656 792 153 0 0 1 1
8 624 727 650 792 154 0 0 1 1
8 618 727 645 792 155 0 0 1 1
8 613 727 639 792 156 0 0 1 1
8 607 727 633 792 157 0 0 1 1
8 601 727 628 792 158 0 0 1 1
8 596 727 622 792 159 0 0 1 1
8 590 727 616 792 160 0 0 0 1
8 585 727 611 792 161 0 0 1 1
8 579 727 605 792 162 0 0 1 1
8 573 727 600 792 163 0 0 1 1
8 568 727 594 792 164 0 0 1 1
8 562 727 588 792 165 0 0 1 1
8 556 727 583 792 166 0 0 1 1
8 553 727 579 792 167 0 0 1 1
8 547 727 573 792 168 0 0 1 1
8 541 727 568 792 169 0 0 1 1
8 536 731 562 796 170 0 0 1 1
8 530 731 556 796 171 0 0 1 1
8 525 731 551 796 172 0 0 1 1
8 519 731 545 796 173 0 0 1 1
8 515 731 541 796 174 0 0 1 1
8 510 731 536 796 175 0 0 1 1
8 504 731 530 796 176 0 0 1 1
8 498 731 525 796 177 0 0 1 1
8 493 731 519 796 178 0 0 1 1
8 487 731 513 796 179 0 0 1 1
8 483 735 510 800 180 0 0 0 1
8 478 731 504 796 181 0 0 1 1
8 474 731 500 796 182 0 0 1 1
8 468 731 495 796 183 0 0 1 1
8 465 727 491 792 184 0 0 1 1
8 461 727 487 792 185 0 0 1 1
8 455 727 481 792 186 0 0 1 1
8 451 723 478 788 187 0 0 1 1
8 446 723 472 788 188 0 0 1 1
8 442 723 468 788 189 0 0 1 1
8 438 723 465 788 190 0 0 0 1
8 431 719 457 784 191 0 0 1 1
8 425 719 451 784 192 0 0 1 1
8 420 719 446 784 193 0 0 1 1
8 414 719 440 784 194 0 0 1 1
8 408 719 435 784 195 0 0 1 1
8 403 719 429 784 196 0 0 1 1
8 397 719 423 784 197 0 0 1 1
8 391 719 418 784 198 0 0 1 1
8 386 719 412 784 199 0 0 1 1
8 380 719 406 784 200 0 0 1 1
8 375 719 401 784 201 0 0 1 1
8 369 719 395 784 202 0 0 1 1
8 363 719 390 784 203 0 0 1 1
8 358 719 384 784 204 0 0 1 1
8 352 719 378 784 205 0 0 1 1
8 346 719 373 784 206 0 0 1 1
8 341 719 367 784 207 0 0 1 1
8 335 719 361 784 208 0 0 1 1
8 330 719 356 784 209 0 0 1 1
8 324 719 350 784 210 0 0 1 1
8 318 719 345 784 211 0 0 1 1
8 313 719 339 784 212 0 0 1 1
8 307 719 333 784 213 0 0 1 1
8 301 719 328 784 214 0 0 1 1
8 296 719 322 784 215 0 0 1 1
8 290 719 316 784 216 0 0 1 1
8 285 719 311 784 217 0 0 1 1
8 279 719 305 784 218 0 0 1 1
8 273 719 300 784 219 0 0 1 1
8 268 719 294 784 220 0 1 0 1
8 262 715 288 780 221 0 1 1 1
8 256 715 283 780 222 0 1 1 1
8 251 715 277 780 223 0 1 1 1
8 245 715 271 780 224 0 1 1 1
8 241 715 268 780 225 0 1 1 1
8 236 715 262 780 226 0 1 1 1
8 230 715 256 780 227 0 1 1 1
8 225 715 251 780 228 0 1 1 1
8 219 715 245 780 229 0 1 1 1
8 215 715 241 780 230 0 1 1 1
8 210 715 236 780 231 0 1 1 1
8 204 715 230 780 232 0 1 1 1
8 198 715 225 780 233 0 1 1 1
8 193 715 219 780 234 0 1 1 1
8 189 715 215 780 235 0 1 1 1
8 183 715 210 780 236 0 1 1 1
8 178 715 204 780 237 0 1 1 1
8 172 715 198 780 238 0 1 1 1
8 166 715 193 780 239 0 1 1 1
8 163 715 189 780 240 0 1 0 1
8 157 711 183 776 241 0 1 1 1
8 151 711 178 776 242 0 1 1 1
8 146 711 172 776 243 0 1 1 1
8 140 711 166 776 244 0 1 1 1
8 135 711 161 776 245 0 1 1 1
8 129 707 155 771 246 0 1 1 1
8 123 707 150 771 247 0 1 1 1
8 118 707 144 771 248 0 1 1 1
8 112 707 138 771 249 0 1 1 1
8 106 707 133 771 250 0 1 1 1
8 101 703 127 767 251 0 1 1 1
8 95 703 121 767 252 0 1 1 1
8 90 703 116 767 253 0 1 1 1
8 84 703 110 767 254 0 1 1 1
8 78 703 105 767 255 0 1 1 1
8 73 699 99 763 256 0 1 1 1
8 67 699 93 763 257 0 1 1 1
8 61 699 88 763 258 0 1 1 1
8 56 699 82 763 259 0 1 1 1
8 52 699 78 763 260 0 1 0 1
8 46 699 73 763 261 0 1 1 1
8 43 699 69 763 262 0 1 1 1
8 37 699 63 763 263 0 1 1 1
8 33 699 60 763 264 0 1 1 1
8 30 699 56 763 265 0 1 1 1
8 24 699 50 763 266 0 1 1 1
8 20 699 46 763 267 0 1 1 1
8 15 699 41 763 268 0 1 1 1
8 11 699 37 763 269 0 1 1 1
9 941 707 1029 788 0 0 0 0 1
9 935 703 1023 784 1 0 0 1 1
9 930 703 1018 784 2 0 0 1 1
9 924 703 1012 784 3 0 0 1 1
9 918 699 1006 780 4 0 0 1 1
9 913 699 1001 780 5 0 0 1 1
9 909 699 997 780 6 0 0 1 1
9 903 699 991 780 7 0 0 1 1
9 898 695 986 776 8 0 0 1 1
9 892 695 980 776 9 0 0 1 1
9 886 695 975 776 10 0 0 1 1
9 881 695 969 776 11 0 0 1 1
9 877 691 965 771 12 0 0 1 1
9 871 691 960 771 13 0 0 1 1
9 866 691 954 771 14 0 0 1 1
9 860 691 948 771 15 0 0 1 1
9 855 687 943 767 16 0 0 1 1
9 849 687 937 767 17 0 0 1 1
9 845 687 933 767 18 0 0 1 1
9 840 683 928 763 19 0 0 1 1
9 834 683 922 763 20 0 0 1 1
9 828 683 916 763 21 0 0 1 1
9 823 683 911 763 22 0 0 1 1
9 817 679 905 759 23 0 0 1 1
9 813 679 901 759 24 0 0 1 1
9 808 679 896 759 25 0 0 1 1
9 802 679 890 759 26 0 0 1 1
9 796 674 885 755 27 0 0 1 1
9 791 674 879 755 28 0 0 1 1
9 785 674 873 755 29 0 0 1 1
9 781 674 870 755 30 0 0 0 1
9 776 674 864 755 31 0 0 1 1
9 770 674 858 755 32 0 0 1 1
9 765 674 853 755 33 0 0 1 1
9 759 674 847 755 34 0 0 1 1
9 753 679 841 759 35 0 0 1 1
9 750 679 838 759 36 0 0 1 1
9 744 679 832 759 37 0 0 1 1
9 738 679 826 759 38 0 0 1 1
9 733 679 821 759 39 0 0 1 1
9 727 683 815 763 40 0 0 1 1
9 721 683 810 763 41 0 0 1 1
9 718 683 806 763 42 0 0 1 1
9 712 683 800 763 43 0 0 1 1
9 706 683 795 763 44 0 0 1 1
9 701 687 789 767 45 0 0 1 1
9 695 687 783 767 46 0 0 1 1
9 690 687 778 767 47 0 0 1 1
9 686 687 774 767 48 0 0 1 1
9 680 687 768 767 49 0 0 1 1
9 675 691 763 771 50 0 0 1 1
9 669 691 757 771 51 0 0 1 1
9 663 691 751 771 52 0 0 1 1
9 660 691 748 771 53 0 0 1 1
9 654 691 742 771 54 0 0 1 1
9 648 695 736 776 55 0 0 1 1
9 643 695 731 776 56 0 0 1 1
9 637 695 725 776 57 0 0 1 1
9 631 695 720 776 58 0 0 1 1
9 628 695 716 776 59 0 0 1 1
9 622 699 710 780 60 0 0 1 1
9 616 699 705 780 61 0 0 1 1
9 611 699 699 780 62 0 0 1 1
9 605 699 693 780 63 0 0 1 1
9 600 699 688 780 64 0 0 1 1
9 596 703 684 784 65 0 0 1 1
9 590 703 678 784 66 0 0 1 1
9 585 703 673 784 67 0 0 1 1
9 579 703 667 784 68 0 0 1 1
9 573 703 661 784 69 0 0 1 1
9 570 707 658 788 70 0 0 0 1
9 564 707 652 788 71 0 0 1 1
9 558 707 646 788 72 0 0 1 1
9 553 707 641 788 73 0 0 1 1
9 547 707 635 788 74 0 0 1 1
9 543 707 631 788 75 0 0 1 1
9 538 707 626 788 76 0 0 1 1
9 532 707 620 788 77 0 0 1 1
9 526 707 615 788 78 0 0 1 1
9 521 707 609 788 79 0 0 1 1
9 517 707 605 788 80 0 0 1 1
9 511 707 600 788 81 0 0 1 1
9 506 707 594 788 82 0 0 1 1
9 500 707 588 788 83 0 0 1 1
9 495 707 583 788 84 0 0 1 1
9 491 707 579 788 85 0 0 1 1
9 485 707 573 788 86 0 0 1 1
9 480 707 568 788 87 0 0 1 1
9 474 707 562 788 88 0 0 1 1
9 468 707 556 788 89 0 0 1 1
9 465 707 553 788 90 0 0 0 1
9 459 703 547 784 91 0 0 1 1
9 453 703 541 784 92 0 0 1 1
9 448 703 536 784 93 0 0 1 1
9 442 703 530 784 94 0 0 1 1
9 438 703 526 784 95 0 0 1 1
9 433 703 521 784 96 0 0 1 1
9 427 703 515 784 97 0 0 1 1
9 421 703 510 784 98 0 0 1 1
9 416 703 504 784 99 0 0 1 1
9 412 703 500 784 100 0 0 1 1
9 406 699 495 780 101 0 0 1 1
9 401 699 489 780 102 0 0 1 1
9 395 699 483 780 103 0 0 1 1
9 390 699 478 780 104 0 0 1 1
9 386 699 474 780 105 0 0 1 1
9 380 699 468 780 106 0 0 1 1
9 375 699 463 780 107 0 0 1 1
9 369 699 457 780 108 0 0 1 1
9 363 699 451 780 109 0 0 1 1
9 360 699 448 780 110 0 1 0 1
9 354 699 442 780 111 0 1 1 1
9 348 699 436 780 112 0 1 1 1
9 343 699 431 780 113 0 1 1 1
9 337 699 425 780 114 0 1 1 1
9 331 699 420 780 115 0 1 1 1
9 326 699 414 780 116 0 1 1 1
9 320 699 408 780 117 0 1 1 1
9 315 699 403 780 118 0 1 1 1
9 309 699 397 780 119 0 1 1 1
9 305 699 393 780 120 0 1 1 1
9 300 699 388 780 121 0 1 1 1
9 294 699 382 780 122 0 1 1 1
9 288 699 376 780 123 0 1 1 1
9 283 699 371 780 124 0 1 1 1
9 277 699 365 780 125 0 1 1 1
9 271 699 360 780 126 0 1 1 1
9 266 699 354 780 127 0 1 1 1
9 260 699 348 780 128 0 1 1 1
9 255 699 343 780 129 0 1 1 1
9 251 699 339 780 130 0 1 1 1
9 245 699 333 780 131 0 1 1 1
9 240 699 328 780 132 0 1 1 1
9 234 699 322 780 133 0 1 1 1
9 228 699 316 780 134 0 1 1 1
9 223 699 311 780 135 0 1 1 1
9 217 699 305 780 136 0 1 1 1
9 211 699 300 780 137 0 1 1 1
9 206 699 294 780 138 0 1 1 1
9 200 699 288 780 139 0 1 1 1
9 196 703 285 784 140 0 1 0 1
9 191 699 279 780 141 0 1 1 1
9 185 699 273 780 142 0 1 1 1
9 180 699 268 780 143 0 1 1 1
9 174 699 262 780 144 0 1 1 1
9 168 699 256 780 145 0 1 1 1
9 165 699 253 780 146 0 1 1 1
9 159 699 247 780 147 0 1 1 1
9 153 699 241 780 148 0 1 1 1
9 148 699 236 780 149 0 1 1 1
9 142 699 230 780 150 0 1 1 1
9 136 695 225 776 151 0 1 1 1
9 133 695 221 776 152 0 1 1 1
9 127 695 215 776 153 0 1 1 1
9 121 695 210 776 154 0 1 1 1
9 116 695 204 776 155 0 1 1 1
9 110 695 198 776 156 0 1 1 1
9 105 695 193 776 157 0 1 1 1
9 101 695 189 776 158 0 1 1 1
9 95 695 183 776 159 0 1 1 1
9 90 695 178 776 160 0 1 1 1
9 84 691 172 771 161 0 1 1 1
9 78 691 166 771 162 0 1 1 1
9 73 691 161 771 163 0 1 1 1
9 69 691 157 771 164 0 1 1 1
9 63 691 151 771 165 0 1 1 1
9 58 691 146 771 166 0 1 1 1
9 52 691 140 771 167 0 1 1 1
9 46 691 135 771 168 0 1 1 1
9 41 691 129 771 169 0 1 1 1
9 37 691 125 771 170 0 1 0 1
9 33 691 120 771 171 0 1 1 1
9 30 691 114 771 172 0 1 1 1
9 26 691 110 771 173 0 1 1 1
9 22 695 105 776 174 0 1 1 1
9 18 695 101 776 175 0 1 1 1
9 15 695 95 776 176 0 1 1 1
9 11 699 90 780 177 0 1 1 1
9 7 699 86 780 178 0 1 1 1
9 3 699 80 780 179 0 1 1 1
10 0 812 31 885 101 0 0 0 1
10 0 812 31 885 102 0 0 1 1
10 1 812 33 885 103 0 0 1 1
10 1 812 35 885 104 0 0 1 1
10 3 812 35 885 105 0 0 1 1
10 5 812 37 885 106 0 0 1 1
10 5 812 39 885 107 0 0 1 1
10 7 812 39 885 108 0 0 1 1
10 7 812 41 885 109 0 0 1 1
10 9 812 43 885 110 0 0 1 1
10 11 816 45 889 111 0 1 0 1
10 15 812 48 885 112 0 1 1 1
10 18 812 52 885 113 0 1 1 1
10 24 812 58 885 114 0 1 1 1
10 28 812 61 885 115 0 1 1 1
10 33 812 67 885 116 0 1 1 1
10 37 812 71 885 117 0 1 1 1
10 43 812 76 885 118 0 1 1 1
10 46 812 80 885 119 0 1 1 1
10 52 812 86 885 120 0 1 1 1
10 56 812 90 885 121 0 1 1 1
10 61 812 95 885 122 0 1 1 1
10 65 812 99 885 123 0 1 1 1
10 71 812 105 885 124 0 1 1 1
10 75 812 108 885 125 0 1 1 1
10 80 812 114 885 126 0 1 1 1
10 84 812 118 885 127 0 1 1 1
10 90 812 123 885 128 0 1 1 1
10 93 812 127 885 129 0 1 1 1
10 99 812 133 885 130 0 1 1 1
10 103 812 136 885 131 0 1 1 1
10 108 812 142 885 132 0 1 1 1
10 112 812 146 885 133 0 1 1 1
10 118 812 151 885 134 0 1 1 1
10 121 812 155 885 135 0 1 1 1
10 127 812 161 885 136 0 1 1 1
10 131 812 165 885 137 0 1 1 1
10 136 812 170 885 138 0 1 1 1
10 140 812 174 885 139 0 1 1 1
10 146 812 180 885 140 0 1 1 1
10 150 812 183 885 141 0 1 1 1
10 155 812 189 885 142 0 1 1 1
10 159 812 193 885 143 0 1 1 1
10 165 812 198 885 144 0 1 1 1
10 168 812 202 885 145 0 1 1 1
10 174 812 208 885 146 0 1 1 1
10 178 812 211 885 147 0 1 1 1
10 183 812 217 885 148 0 1 1 1
10 187 812 221 885 149 0 1 1 1
10 193 812 226 885 150 0 1 1 1
10 196 812 230 885 151 0 1 1 1
10 202 812 236 885 152 0 1 1 1
10 206 812 240 885 153 0 1 1 1
10 211 812 245 885 154 0 1 1 1
10 215 812 249 885 155 0 1 1 1
10 221 812 255 885 156 0 1 1 1
10 225 812 258 885 157 0 1 1 1
10 228 812 262 885 158 0 1 1 1
10 234 812 268 885 159 0 1 1 1
10 238 812 271 885 160 0 1 1 1
10 243 812 277 885 161 0 1 1 1
10 247 812 281 885 162 0 1 1 1
10 253 812 286 885 163 0 1 1 1
10 256 812 290 885 164 0 1 1 1
10 262 812 296 885 165 0 1 1 1
10 266 812 300 885 166 0 1 1 1
10 271 812 305 885 167 0 1 1 1
10 275 812 309 885 168 0 1 1 1
10 281 812 315 885 169 0 1 1 1
10 285 812 318 885 170 0 1 1 1
10 290 812 324 885 171 0 1 1 1
10 294 812 328 885 172 0 1 1 1
10 300 812 333 885 173 0 1 1 1
10 303 812 337 885 174 0 1 1 1
10 309 812 343 885 175 0 1 1 1
10 313 812 346 885 176 0 1 1 1
10 318 812 352 885 177 0 1 1 1
10 322 812 356 885 178 0 1 1 1
10 328 812 361 885 179 0 1 1 1
10 331 812 365 885 180 0 1 1 1
10 337 812 371 885 181 0 1 1 1
10 341 812 375 885 182 0 1 1 1
10 346 812 380 885 183 0 1 1 1
10 350 812 384 885 184 0 1 1 1
10 356 812 390 885 185 0 1 1 1
10 360 812 393 885 186 0 1 1 1
10 365 812 399 885 187 0 1 1 1
10 369 812 403 885 188 0 1 1 1
10 375 812 408 885 189 0 1 1 1
10 378 812 412 885 190 0 1 1 1
10 384 812 418 885 191 0 1 1 1
10 388 812 421 885 192 0 1 1 1
10 393 812 427 885 193 0 1 1 1
10 397 812 431 885 194 0 1 1 1
10 403 812 436 885 195 0 1 1 1
10 406 812 440 885 196 0 1 1 1
10 412 812 446 885 197 0 1 1 1
10 416 812 450 885 198 0 1 1 1
10 421 812 455 885 199 0 1 1 1
10 425 812 459 885 200 0 1 1 1
10 431 812 465 885 201 0 0 0 1
10 435 808 468 881 202 0 0 1 1
10 438 808 472 881 203 0 0 1 1
10 444 808 478 881 204 0 0 1 1
10 448 808 481 881 205 0 0 1 1
10 453 808 487 881 206 0 0 1 1
10 457 808 491 881 207 0 0 1 1
10 461 808 495 881 208 0 0 1 1
10 466 808 500 881 209 0 0 1 1
10 470 808 504 881 210 0 0 1 1
10 476 808 510 881 211 0 0 1 1
10 480 808 513 881 212 0 0 1 1
10 485 808 519 881 213 0 0 1 1
10 489 804 523 877 214 0 0 1 1
10 493 804 526 877 215 0 0 1 1
10 498 804 532 877 216 0 0 1 1
10 502 804 536 877 217 0 0 1 1
10 508 804 541 877 218 0 0 1 1
10 511 804 545 877 219 0 0 1 1
10 515 804 549 877 220 0 0 1 1
10 521 804 555 877 221 0 0 1 1
10 525 804 558 877 222 0 0 1 1
10 530 804 564 877 223 0 0 1 1
10 534 804 568 877 224 0 0 1 1
10 540 804 573 877 225 0 0 1 1
10 543 804 577 877 226 0 0 1 1
10 547 800 581 873 227 0 0 1 1
10 553 800 586 873 228 0 0 1 1
10 556 800 590 873 229 0 0 1 1
10 562 800 596 873 230 0 0 1 1
10 566 800 600 873 231 0 0 1 1
10 571 800 605 873 232 0 0 1 1
10 575 800 609 873 233 0 0 1 1
10 579 800 613 873 234 0 0 1 1
10 585 800 618 873 235 0 0 1 1
10 588 800 622 873 236 0 0 1 1
10 594 800 628 873 237 0 0 1 1
10 598 800 631 873 238 0 0 1 1
10 601 796 635 868 239 0 0 1 1
10 607 796 641 868 240 0 0 1 1
10 611 796 645 868 241 0 0 1 1
10 616 796 650 868 242 0 0 1 1
10 620 796 654 868 243 0 0 1 1
10 626 796 660 868 244 0 0 1 1
10 630 796 663 868 245 0 0 1 1
10 633 796 667 868 246 0 0 1 1
10 639 796 673 868 247 0 0 1 1
10 643 796 676 868 248 0 0 1 1
10 648 796 682 868 249 0 0 1 1
10 652 796 686 868 250 0 0 1 1
10 658 796 691 868 251 0 0 0 1
10 661 792 695 864 252 0 0 1 1
10 665 792 699 864 253 0 0 1 1
10 669 792 703 864 254 0 0 1 1
10 673 792 706 864 255 0 0 1 1
10 678 792 712 864 256 0 0 1 1
10 682 792 716 864 257 0 0 1 1
10 686 792 720 864 258 0 0 1 1
10 690 792 723 864 259 0 0 1 1
10 693 792 727 864 260 0 0 1 1
10 699 792 733 864 261 0 0 1 1
10 703 788 736 860 262 0 0 1 1
10 706 788 740 860 263 0 0 1 1
10 710 788 744 860 264 0 0 1 1
10 716 788 750 860 265 0 0 1 1
10 720 788 753 860 266 0 0 1 1
10 723 788 757 860 267 0 0 1 1
10 727 788 761 860 268 0 0 1 1
10 731 788 765 860 269 0 0 1 1
10 736 788 770 860 270 0 0 1 1
10 740 788 774 860 271 0 0 1 1
10 744 784 778 856 272 0 0 1 1
10 748 784 781 856 273 0 0 1 1
10 753 784 787 856 274 0 0 1 1
10 757 784 791 856 275 0 0 1 1
10 761 784 795 856 276 0 0 1 1
10 765 784 798 856 277 0 0 1 1
10 768 784 802 856 278 0 0 1 1
10 774 784 808 856 279 0 0 1 1
10 778 784 811 856 280 0 0 1 1
10 781 784 815 856 281 0 0 1 1
10 785 780 819 852 282 0 0 1 1
10 791 780 825 852 283 0 0 1 1
10 795 780 828 852 284 0 0 1 1
10 798 780 832 852 285 0 0 1 1
10 802 780 836 852 286 0 0 1 1
10 806 780 840 852 287 0 0 1 1
10 811 780 845 852 288 0 0 1 1
10 815 780 849 852 289 0 0 1 1
10 819 780 853 852 290 0 0 1 1
10 823 780 856 852 291 0 0 1 1
10 828 776 862 848 292 0 0 1 1
10 832 776 866 848 293 0 0 1 1
10 836 776 870 848 294 0 0 1 1
10 840 776 873 848 295 0 0 1 1
10 843 776 877 848 296 0 0 1 1
10 849 776 883 848 297 0 0 1 1
10 853 776 886 848 298 0 0 1 1
10 856 776 890 848 299 0 0 1 1
10 860 776 894 848 300 0 0 1 1
10 866 776 900 848 301 0 0 0 1
10 870 771 903 844 302 0 0 1 1
10 873 771 907 844 303 0 0 1 1
10 879 771 913 844 304 0 0 1 1
10 883 771 916 844 305 0 0 1 1
10 886 771 920 844 306 0 0 1 1
10 892 771 926 844 307 0 0 1 1
10 896 771 930 844 308 0 0 1 1
10 901 771 935 844 309 0 0 1 1
10 905 767 939 840 310 0 0 1 1
10 909 767 943 840 311 0 0 1 1
10 915 767 948 840 312 0 0 1 1
10 918 767 952 840 313 0 0 1 1
10 922 767 956 840 314 0 0 1 1
10 928 767 961 840 315 0 0 1 1
10 931 767 965 840 316 0 0 1 1
10 937 767 971 840 317 0 0 1 1
10 941 763 975 836 318 0 0 1 1
10 945 763 978 836 319 0 0 1 1
10 950 763 984 836 320 0 0 1 1
10 954 763 988 836 321 0 0 1 1
10 958 763 991 836 322 0 0 1 1
10 963 763 997 836 323 0 0 1 1
10 967 763 1001 836 324 0 0 1 1
10 973 763 1006 836 325 0 0 1 1
10 976 759 1010 832 326 0 0 1 1
10 980 759 1014 832 327 0 0 1 1
10 986 759 1020 832 328 0 0 1 1
10 990 759 1023 832 329 0 0 1 1
10 993 759 1027 832 330 0 0 1 1
10 999 759 1033 832 331 0 0 1 1
10 1003 759 1036 832 332 0 0 1 1
10 1008 759 1042 832 333 0 0 1 1
10 1012 755 1046 828 334 0 0 1 1
10 1016 755 1050 828 335 0 0 1 1
10 1021 755 1055 828 336 0 0 1 1
10 1025 755 1059 828 337 0 0 1 1
10 1029 755 1063 828 338 0 0 1 1
10 1035 755 1068 828 339 0 0 1 1
10 1038 755 1072 828 340 0 0 1 1
10 1044 755 1078 828 341 0 0 0 1
10 1048 755 1081 828 342 0 0 1 1
10 1051 755 1085 828 343 0 0 1 1
10 1055 755 1089 828 344 0 0 1 1
10 1059 755 1093 828 345 0 0 1 1
10 1063 755 1096 828 346 0 0 1 1
10 1066 755 1100 828 347 0 0 1 1
10 1070 755 1104 828 348 0 0 1 1
10 1074 755 1108 828 349 0 0 1 1
10 1078 755 1111 828 350 0 0 1 1
10 1081 755 1115 828 351 0 0 1 1
10 1085 755 1119 828 352 0 0 1 1
10 1089 755 1123 828 353 0 0 1 1
10 1093 755 1126 828 354 0 0 1 1
10 1096 755 1130 828 355 0 0 1 1
10 1100 755 1134 828 356 0 0 1 1
10 1104 755 1138 828 357 0 0 1 1
10 1108 755 1141 828 358 0 0 1 1
10 1111 755 1145 828 359 0 0 1 1
10 1115 755 1149 828 360 0 0 1 1
10 1121 755 1155 828 361 0 0 0 1
10 1125 755 1158 828 362 0 0 1 1
10 1130 755 1164 828 363 0 0 1 1
10 1136 755 1170 828 364 0 0 1 1
10 1141 759 1173 832 365 0 0 1 1
10 1147 759 1179 832 366 0 0 1 1
10 1151 759 1185 832 367 0 0 1 1
10 1156 763 1188 836 368 0 0 1 1
10 1162 763 1194 836 369 0 0 1 1
10 1168 763 1200 836 370 0 0 1 1
10 1173 767 1205 840 371 0 0 0 1
10 1175 763 1209 836 372 0 0 1 1
10 1179 763 1213 836 373 0 0 1 1
10 1183 763 1216 836 374 0 0 1 1
10 1186 763 1220 836 375 0 0 1 1
10 1190 763 1224 836 376 0 0 1 1
10 1194 763 1228 836 377 0 0 1 1
10 1198 763 1231 836 378 0 0 1 1
10 1201 763 1235 836 379 0 0 1 1
10 1205 763 1239 836 380 0 0 1 1
10 1209 763 1243 836 381 0 0 0 1
10 1213 759 1246 832 382 0 0 1 1
10 1216 759 1250 832 383 0 0 1 1
10 1220 759 1254 832 384 0 0 1 1
10 1226 755 1260 828 385 0 0 1 1
10 1230 755 1263 828 386 0 0 1 1
10 1233 755 1267 828 387 0 0 1 1
10 1239 751 1273 824 388 0 0 1 1
10 1243 751 1276 824 389 0 0 1 1
10 1246 751 1280 824 390 0 0 1 1
10 1252 751 1286 824 391 0 0 0 1
10 1256 751 1290 824 392 0 0 1 1
10 1260 751 1293 824 393 0 0 1 1
10 1263 751 1297 824 394 0 0 1 1
10 1267 751 1301 824 395 0 0 1 1
10 1271 751 1305 824 396 0 0 1 1
10 1275 751 1308 824 397 0 0 1 1
10 1278 751 1312 824 398 0 0 1 1
10 1282 751 1316 824 399 0 0 1 1
10 1286 751 1320 824 400 0 0 1 1
10 1291 755 1325 828 401 0 0 0 1
10 1293 755 1327 828 402 0 0 1 1
10 1297 755 1329 828 403 0 0 1 1
10 1301 755 1331 828 404 0 0 1 1
10 1305 755 1333 828 405 0 0 1 1
10 1308 755 1335 828 406 0 0 1 1
10 1312 755 1336 828 407 0 0 1 1
10 1316 755 1338 828 408 0 0 1 1
10 1320 755 1340 828 409 0 0 1 1
10 1323 755 1342 828 410 0 0 1 1
