0 718 739 787 804 500 0 0 0 6
0 637 747 706 808 520 0 0 0 6
0 549 747 618 808 540 0 0 1 6
0 465 747 534 808 560 0 0 1 6
1 1128 868 1211 1014 6 0 0 1 2
1 1104 877 1186 1022 26 0 0 1 2
1 1080 885 1164 1030 46 0 0 1 2
1 1055 889 1140 1034 66 0 0 1 2
1 1038 897 1125 1042 86 0 0 1 2
1 1020 897 1106 1042 106 0 0 1 2
1 995 905 1081 1050 126 0 0 1 2
1 971 909 1057 1054 146 0 0 1 2
1 946 913 1033 1058 166 0 0 1 2
1 924 917 1010 1062 186 0 0 1 2
1 900 921 986 1067 206 0 0 1 2
1 875 929 961 1075 226 0 0 1 2
1 851 933 937 1079 246 0 0 1 2
1 826 937 913 1083 266 0 0 1 2
1 802 941 888 1087 286 0 0 1 2
1 787 949 873 1095 306 0 0 1 2
1 772 957 858 1103 326 0 0 1 2
1 759 965 845 1111 346 0 0 1 2
1 744 974 830 1119 366 0 1 1 2
1 727 986 813 1131 386 0 1 1 2
1 710 1002 796 1147 406 0 1 1 2
1 695 1014 781 1159 426 0 1 1 2
1 678 1026 765 1172 446 0 1 1 2
1 661 1038 748 1184 466 0 1 1 2
1 645 1050 731 1196 486 0 1 1 2
1 628 1087 697 1192 506 0 1 1 2
1 605 1123 665 1200 526 0 0 1 2
1 588 1135 648 1212 546 0 0 1 2
1 571 1151 631 1228 566 0 0 1 2
2 73 1746 120 1871 122 0 0 1 2
2 91 1737 138 1863 142 0 0 1 2
2 110 1729 157 1855 162 0 0 1 2
2 129 1725 176 1851 182 0 0 1 2
2 150 1725 196 1851 202 0 0 1 2
2 172 1725 219 1851 222 0 0 1 2
2 193 1725 240 1851 242 0 0 1 2
2 211 1717 260 1843 262 0 0 1 2
2 232 1709 279 1834 282 0 0 1 2
2 251 1701 300 1826 302 0 0 1 2
2 266 1689 315 1814 322 0 0 1 2
2 275 1677 324 1802 342 0 0 1 2
2 285 1661 333 1786 362 0 0 1 2
2 294 1649 343 1774 382 0 0 1 2
2 296 1628 345 1754 402 0 0 1 2
2 296 1608 345 1733 422 0 0 1 2
2 298 1588 346 1713 442 0 0 1 2
2 300 1564 348 1689 462 0 0 1 2
2 300 1543 348 1669 482 0 0 1 2
2 300 1523 348 1649 502 0 0 1 2
2 296 1511 346 1620 522 0 0 1 2
2 292 1495 345 1596 542 0 0 1 2
2 290 1479 343 1568 562 0 0 1 2
3 161 832 215 913 8 0 0 1 2
3 183 832 241 913 28 0 0 1 2
3 208 832 268 913 48 0 0 1 2
3 230 832 296 913 68 0 0 1 2
3 249 832 316 913 88 0 0 1 2
3 266 832 335 913 108 0 0 1 2
3 283 836 354 917 128 0 0 1 2
3 298 840 373 921 148 0 0 1 2
3 315 840 391 921 168 0 0 1 2
3 331 844 410 925 188 0 0 1 2
3 350 844 423 925 208 0 0 1 2
3 367 844 438 925 228 0 0 1 2
3 384 844 453 929 248 0 0 1 2
3 403 844 466 929 268 0 0 1 2
3 420 844 481 929 288 0 0 1 2
3 448 844 506 933 308 0 0 1 2
3 468 844 525 933 328 0 0 1 2
3 483 860 538 949 348 0 0 1 2
3 481 868 536 957 368 0 0 1 2
3 476 868 532 957 388 0 0 1 2
3 472 868 528 957 408 0 0 1 2
3 468 868 525 957 428 0 0 1 2
3 459 868 515 957 448 0 0 1 2
3 442 864 498 953 468 0 0 1 2
3 425 860 481 949 488 0 0 1 2
3 410 860 468 945 508 0 0 1 2
3 401 864 459 945 528 0 0 1 2
3 391 868 450 941 548 0 0 1 2
3 382 873 440 941 568 0 0 1 2
4 118 327 159 440 14 0 0 1 2
4 125 315 166 428 34 0 0 1 2
4 133 311 174 424 54 0 0 1 2
4 151 311 193 424 74 0 0 1 2
4 159 303 200 416 94 0 0 1 2
4 161 295 202 408 114 0 0 1 2
4 163 295 204 408 134 0 0 1 2
4 163 295 204 408 154 0 0 1 2
4 163 295 204 408 174 0 0 1 2
4 163 295 204 408 194 0 0 1 2
4 163 295 204 408 214 0 0 1 2
4 163 295 204 408 234 0 0 1 2
4 163 295 204 408 254 0 0 1 2
4 163 295 204 408 274 0 0 1 2
4 163 295 204 408 294 0 0 1 2
4 163 295 204 408 314 0 0 1 2
4 163 295 204 408 334 0 0 1 2
4 163 295 204 408 354 0 0 1 2
4 163 299 204 412 374 0 0 1 2
4 163 315 204 428 394 0 0 1 2
4 163 331 204 444 414 0 0 1 2
4 170 335 211 448 434 0 0 1 2
4 180 335 221 448 454 0 0 1 2
4 191 331 232 444 474 0 0 1 2
4 202 331 243 444 494 0 0 1 2
4 215 335 256 440 514 0 0 1 2
4 230 343 273 440 534 0 0 1 2
4 243 351 288 436 554 0 0 1 2
5 1327 695 1348 784 500 0 0 0 2
6 1261 1669 1318 1818 330 0 0 1 2
6 1241 1669 1297 1818 350 0 0 1 2
6 1222 1661 1278 1810 370 0 0 1 2
6 1205 1640 1261 1790 390 0 0 1 2
6 1190 1616 1246 1766 410 0 0 1 2
6 1177 1592 1233 1746 430 0 0 1 2
6 1162 1568 1218 1721 450 0 0 1 2
6 1149 1523 1205 1677 470 0 0 1 2
6 1136 1483 1192 1636 490 0 1 1 2
6 1125 1455 1179 1596 510 0 1 1 2
6 1113 1446 1164 1564 530 0 1 1 2
6 1102 1438 1149 1531 550 0 1 0 2
6 1091 1362 1138 1455 570 0 1 1 2
7 97 788 180 885 366 0 0 1 1
7 168 796 251 893 386 0 0 1 1
7 238 804 320 901 406 0 0 1 1
7 309 812 391 909 426 0 0 1 1
7 378 816 461 913 446 0 0 1 1
7 450 824 532 921 466 0 0 1 1
7 519 832 601 929 486 0 0 1 1
7 609 852 676 925 506 0 0 1 1
7 684 864 738 929 526 0 0 1 1
7 753 885 808 949 546 0 0 1 1
7 821 889 879 953 566 0 0 1 1
9 864 812 907 885 0 0 0 0 2
9 885 800 928 873 20 0 0 1 2
9 905 792 948 864 40 0 0 1 2
9 926 784 969 856 60 0 0 1 2
9 948 776 991 848 80 0 0 1 2
9 969 767 1012 840 100 0 0 1 2
9 990 759 1033 832 120 0 0 1 2
9 1010 751 1053 824 140 0 0 1 2
9 1033 743 1076 816 160 0 0 1 2
9 1053 735 1096 808 180 0 0 1 2
9 1074 727 1117 800 200 0 0 1 2
9 1095 719 1138 792 220 0 0 1 2
9 1117 711 1160 784 240 0 0 1 2
9 1138 703 1181 776 260 0 0 1 2
9 1158 695 1201 767 280 0 0 1 2
9 1179 687 1222 759 300 0 0 1 2
9 1201 679 1245 751 320 0 0 1 2
9 1222 670 1265 743 340 0 0 1 2
9 1243 662 1286 735 360 0 0 1 2
9 1263 658 1306 731 380 0 0 1 2
9 1284 654 1325 727 400 0 0 1 2
9 1299 654 1338 727 420 0 0 1 2
10 1021 856 1078 925 0 0 0 0 1
10 1098 844 1151 913 20 0 0 1 1
10 1177 832 1224 905 40 0 0 1 1
10 1256 824 1299 897 60 0 0 1 1
11 1155 735 1260 860 380 0 0 1 1
11 1074 723 1181 848 400 0 0 1 1
11 993 715 1100 836 420 0 0 1 1
11 913 703 1021 824 440 0 0 1 1
11 834 699 943 820 460 0 0 1 1
11 757 703 866 824 480 0 0 1 1
11 682 703 791 824 500 0 0 1 1
11 605 707 714 828 520 0 0 1 1
13 570 4 611 48 317 0 0 1 2
13 577 16 616 80 337 0 0 1 2
13 585 24 624 88 357 0 0 1 2
13 592 32 631 97 377 0 0 1 2
