0 295 721 381 798 9000 0 0 0 1
0 194 721 273 798 9020 0 0 1 1
0 93 725 167 802 9040 0 0 1 1
1 684 846 761 923 9001 0 0 1 1
1 571 842 648 915 9021 0 0 1 1
1 455 834 532 907 9041 0 0 1 1
1 337 830 414 903 9061 0 0 1 1
1 205 830 280 903 9081 0 0 1 1
1 86 826 145 899 9101 0 0 1 1
1 0 810 53 883 9121 0 0 1 1
2 1254 1296 1294 1397 8832 0 0 1 2
2 1250 1256 1288 1345 8852 0 0 1 2
2 1246 1215 1285 1296 8872 0 0 1 2
2 1235 1179 1272 1252 8892 0 0 1 2
2 1217 1138 1254 1211 8912 0 0 1 2
2 1198 1102 1235 1175 8932 0 0 1 2
2 1182 1065 1219 1138 8952 0 0 1 2
2 1165 1033 1202 1106 8972 0 0 1 2
2 1151 1000 1187 1073 8992 0 0 1 2
2 1131 964 1167 1037 9012 0 0 1 2
2 1110 927 1145 1013 9032 0 0 1 2
2 1090 895 1125 984 9052 0 0 1 2
2 1061 863 1094 952 9072 0 0 1 2
2 1028 830 1059 919 9092 0 0 1 2
2 993 798 1024 887 9112 0 0 1 2
2 1052 854 1083 944 9132 0 0 1 2
2 930 745 960 838 9152 0 0 1 2
2 899 717 930 810 9172 0 0 1 2
2 868 680 901 773 9192 0 0 1 2
2 839 644 870 737 9212 0 0 1 2
2 807 607 840 701 9232 0 0 1 2
2 774 547 807 640 9252 0 0 1 2
2 732 453 765 547 9272 0 0 1 2
3 1243 1130 1285 1223 5552 0 0 0 2
3 1226 1138 1268 1231 5572 0 0 1 2
3 1209 1146 1254 1243 5592 0 0 1 2
3 1193 1154 1239 1252 5612 0 0 1 2
3 1178 1167 1224 1264 5632 0 0 0 2
3 1158 1167 1204 1264 5652 0 0 1 2
3 1140 1167 1186 1264 5672 0 0 1 2
3 1121 1167 1167 1264 5692 0 0 1 2
3 1107 1167 1153 1264 5712 0 0 1 2
3 1090 1171 1136 1268 5732 0 0 1 2
3 1075 1175 1121 1272 5752 0 0 1 2
3 1059 1179 1105 1276 5772 0 0 1 2
3 1044 1183 1090 1280 5792 0 0 1 2
3 1030 1183 1075 1280 5812 0 0 1 2
3 1013 1187 1059 1284 5832 0 0 1 2
3 998 1191 1044 1288 5852 0 0 1 2
3 982 1195 1028 1292 5872 0 0 1 2
3 967 1195 1013 1292 5892 0 0 1 2
3 952 1195 998 1292 5912 0 0 1 2
3 940 1195 985 1292 5932 0 0 1 2
3 925 1191 971 1288 5952 0 0 1 2
3 912 1191 958 1288 5972 0 0 1 2
3 897 1191 943 1288 5992 0 0 1 2
3 888 1187 934 1284 6012 0 0 1 2
3 879 1187 927 1276 6032 0 0 1 2
3 870 1187 921 1268 6052 0 0 1 2
3 861 1183 914 1264 6072 0 0 1 2
3 851 1183 907 1256 6092 0 0 1 2
3 842 1179 899 1248 6112 0 0 1 2
3 840 1179 897 1248 6132 0 0 1 2
3 837 1175 894 1243 6152 0 0 1 2
3 835 1171 890 1239 6172 0 0 1 2
3 831 1167 888 1235 6192 0 0 1 2
3 829 1162 885 1231 6212 0 0 1 2
3 828 1162 883 1231 6232 0 0 1 2
3 828 1162 883 1231 6252 0 0 1 2
3 828 1162 883 1231 6272 0 0 1 2
3 828 1162 883 1231 6292 0 0 1 2
3 828 1162 883 1231 6312 0 0 1 2
3 828 1162 883 1231 6332 0 0 1 2
3 828 1162 883 1231 6352 0 0 1 2
3 828 1162 883 1231 6372 0 0 1 2
3 828 1162 883 1231 6392 0 0 1 2
3 828 1162 883 1231 6412 0 0 1 2
3 828 1162 883 1231 6432 0 0 1 2
3 828 1162 883 1231 6452 0 0 1 2
3 828 1162 883 1231 6472 0 0 1 2
3 828 1162 883 1231 6492 0 0 1 2
3 824 1162 877 1231 6512 0 0 1 2
3 817 1162 870 1231 6532 0 0 1 2
3 811 1162 862 1231 6552 0 0 1 2
3 806 1167 857 1231 6572 0 0 1 2
3 800 1167 850 1231 6592 0 0 1 2
3 793 1167 842 1235 6612 0 0 1 2
3 787 1171 835 1235 6632 0 0 1 2
3 782 1171 828 1235 6652 0 0 1 2
3 776 1171 820 1235 6672 0 0 1 2
3 769 1171 813 1235 6692 0 0 1 2
3 780 1175 824 1239 6712 0 0 1 2
3 796 1175 840 1239 6732 0 0 1 2
3 813 1175 857 1239 6752 0 0 1 2
3 829 1175 873 1239 6772 0 0 1 2
3 829 1175 873 1239 6792 0 0 1 2
3 813 1175 857 1239 6812 0 0 1 2
3 796 1175 840 1239 6832 0 0 1 2
3 780 1171 824 1235 6852 0 0 1 2
3 761 1171 806 1235 6872 0 0 1 2
3 745 1167 789 1231 6892 0 0 1 2
3 728 1167 773 1231 6912 0 0 1 2
3 712 1167 756 1231 6932 0 0 1 2
3 695 1162 739 1227 6952 0 0 1 2
3 677 1162 721 1227 6972 0 0 1 2
3 661 1162 705 1227 6992 0 0 1 2
3 642 1158 688 1227 7012 0 0 1 2
3 624 1158 670 1227 7032 0 0 1 2
3 605 1158 653 1231 7052 0 0 1 2
3 585 1158 635 1235 7072 0 0 1 2
3 567 1158 618 1235 7092 0 0 1 2
3 548 1158 600 1239 7112 0 0 1 2
3 528 1158 583 1243 7132 0 0 1 2
3 510 1158 565 1243 7152 0 0 1 2
3 492 1158 548 1248 7172 0 0 1 2
3 471 1158 530 1248 7192 0 0 1 2
3 453 1158 514 1252 7212 0 0 1 2
3 435 1158 495 1256 7232 0 0 1 2
3 414 1158 479 1256 7252 0 0 1 2
3 396 1158 460 1260 7272 0 0 1 2
3 378 1158 444 1260 7292 0 0 1 2
3 358 1158 425 1264 7312 0 0 1 2
3 339 1158 409 1268 7332 0 0 1 2
3 321 1158 391 1268 7352 0 0 1 2
3 301 1158 374 1272 7372 0 0 1 2
3 282 1158 356 1276 7392 0 0 1 2
3 264 1158 339 1276 7412 0 0 1 2
3 244 1158 321 1280 7432 0 0 1 2
3 225 1158 304 1280 7452 0 0 1 2
3 207 1158 286 1284 7472 0 0 1 2
3 190 1158 271 1288 7492 0 0 1 2
3 176 1158 249 1272 7512 0 0 1 2
3 154 1158 214 1248 7532 0 0 1 2
3 130 1158 187 1235 7552 0 0 1 2
3 110 1158 167 1235 7572 0 0 1 2
3 88 1158 145 1235 7592 0 0 1 2
3 67 1158 124 1235 7612 0 0 1 2
3 51 1158 106 1235 7632 0 0 1 2
3 36 1162 88 1239 7652 0 0 1 2
3 20 1167 69 1243 7672 0 0 1 2
3 5 1171 51 1248 7692 0 0 1 2
3 0 1175 42 1252 7712 0 0 1 2
3 0 1175 36 1252 7732 0 0 1 2
3 20 1158 84 1252 8313 0 0 1 2
3 56 1158 121 1252 8333 0 0 1 2
3 93 1162 157 1256 8353 0 0 1 2
3 135 1167 200 1260 8373 0 0 1 2
3 178 1171 242 1264 8393 0 0 1 2
3 214 1171 279 1264 8413 0 0 1 2
3 251 1171 315 1264 8433 0 0 1 2
3 288 1171 352 1264 8453 0 0 1 2
3 324 1171 389 1264 8473 0 0 1 2
3 361 1171 425 1264 8493 0 0 1 2
3 398 1167 459 1252 8513 0 0 1 2
3 436 1162 492 1243 8533 0 0 1 2
3 473 1162 528 1243 8553 0 0 1 2
3 512 1162 567 1243 8573 0 0 1 2
3 548 1162 604 1243 8593 0 0 1 2
3 585 1158 640 1239 8613 0 0 1 2
3 618 1154 673 1235 8633 0 0 1 2
3 651 1150 706 1231 8653 0 0 1 2
3 688 1150 743 1231 8673 0 0 1 2
3 723 1146 778 1227 8693 0 0 1 2
3 760 1142 815 1223 8713 0 0 1 2
3 795 1142 850 1223 8733 0 0 1 2
3 828 1150 883 1231 8753 0 0 1 2
3 862 1154 918 1235 8773 0 0 1 2
3 897 1162 952 1243 8793 0 0 1 2
3 932 1167 987 1248 8813 0 0 1 2
3 969 1171 1024 1252 8833 0 0 1 2
3 1006 1171 1061 1252 8853 0 0 1 2
3 1042 1175 1097 1256 8873 0 0 1 2
3 1079 1183 1134 1264 8893 0 0 1 2
3 1116 1195 1171 1276 8913 0 0 1 2
3 1153 1203 1208 1284 8933 0 0 1 2
3 1187 1219 1243 1300 8953 0 0 1 2
3 1206 1243 1261 1325 8973 0 0 1 2
3 1226 1272 1281 1353 8993 0 0 1 2
3 1244 1292 1294 1381 9013 0 0 1 2
3 1265 1304 1303 1414 9033 0 0 1 2
3 1285 1325 1312 1446 9053 0 0 1 2
4 872 1831 927 1916 8903 0 0 1 1
4 903 1811 956 1896 8923 0 0 1 1
4 932 1791 987 1872 8943 0 0 1 1
4 963 1770 1017 1851 8963 0 0 1 1
4 1008 1754 1061 1835 8983 0 0 1 1
4 1061 1746 1114 1823 9003 0 0 1 1
4 1123 1746 1165 1807 9023 0 0 1 1
4 1173 1750 1213 1807 9043 0 0 1 1
4 1217 1758 1255 1811 9063 0 0 1 1
4 1255 1758 1290 1811 9083 0 0 1 1
5 1219 863 1257 919 9021 0 0 1 1
5 1110 863 1149 919 9041 0 0 1 1
5 1002 863 1042 919 9061 0 0 1 1
5 896 867 934 923 9081 0 0 1 1
5 787 867 828 923 9101 0 0 1 1
5 690 854 730 911 9121 0 0 1 1
5 560 838 622 911 9141 0 0 1 1
5 460 834 523 907 9161 0 0 1 1
5 341 822 403 895 9181 0 0 1 1
5 222 818 284 891 9201 0 0 1 1
5 97 834 159 907 9221 0 0 1 1
6 1202 769 1233 826 9116 0 0 1 2
6 1160 761 1191 818 9136 0 0 1 2
6 1123 749 1154 806 9156 0 0 1 2
6 1092 745 1123 802 9176 0 0 1 2
6 1059 737 1090 794 9196 0 0 1 2
6 1019 729 1050 786 9216 0 0 1 2
6 976 725 1008 782 9236 0 0 1 2
6 936 721 967 778 9256 0 0 1 2
6 894 717 925 773 9276 0 0 1 2
6 853 713 885 769 9296 0 0 0 2
6 807 713 842 769 9316 0 0 1 2
6 767 705 802 761 9336 0 0 1 2
6 727 692 761 749 9356 0 0 1 2
6 684 676 719 733 9376 0 0 1 2
6 649 656 684 713 9396 0 0 1 2
6 616 628 651 684 9416 0 0 1 2
7 20 923 75 968 9112 0 0 1 2
7 100 968 154 1029 9132 0 0 1 2
7 211 988 262 1053 9152 0 0 1 2
7 332 996 383 1061 9172 0 0 1 2
7 457 996 508 1061 9192 0 0 1 2
7 587 1004 638 1069 9212 0 0 1 2
7 717 1021 769 1085 9232 0 0 1 2
7 846 1017 897 1081 9252 0 0 1 2
7 969 1008 1020 1073 9272 0 0 1 2
7 1083 1008 1134 1073 9292 0 0 1 2
7 1186 1000 1237 1065 9312 0 0 1 2
10 982 1872 1055 1916 9528 0 0 0 1
13 189 717 271 798 3008 0 0 1 2
13 69 713 152 794 3028 0 0 1 2
13 11 709 93 790 3048 0 0 1 2
14 1206 97 1246 166 9478 0 0 1 1
14 1255 153 1288 226 9498 0 0 1 1
15 879 859 971 968 3044 0 0 1 1
15 725 846 817 956 3064 0 0 1 1
15 569 838 661 948 3084 0 0 1 1
15 413 830 504 940 3104 0 0 1 1
15 257 826 348 936 3124 0 0 1 1
15 104 826 196 936 3144 0 0 1 1
15 7 822 97 931 3164 0 0 1 1
16 1219 802 1285 899 9983 0 0 1 1
16 1121 790 1187 887 10003 0 0 1 1
16 1022 798 1083 887 10023 0 0 1 1
16 923 806 980 887 10043 0 0 1 1
16 824 814 875 887 10063 0 0 1 1
16 717 818 769 891 10083 0 0 1 1
16 611 822 662 895 10103 0 0 1 1
16 504 822 556 895 10123 0 0 1 1
16 394 822 446 895 10143 0 0 1 1
16 286 822 337 895 10163 0 0 1 1
16 176 822 227 895 10183 0 0 1 1
16 66 818 117 891 10203 0 0 1 1
16 0 818 31 887 10223 0 0 1 1
17 126 1045 183 1126 9935 0 0 1 1
17 350 1037 407 1118 9955 0 0 1 1
17 565 1025 624 1106 9975 0 0 1 1
17 771 1021 829 1102 9995 0 0 1 1
17 976 1025 1037 1094 10015 0 0 1 1
17 1173 1029 1235 1090 10035 0 0 1 1
18 1219 907 1279 988 9850 0 0 1 1
18 1131 907 1191 988 9870 0 0 0 1
18 1022 903 1083 984 9890 0 0 1 1
18 905 899 965 980 9910 0 0 1 1
18 784 895 844 976 9930 0 0 1 1
18 664 903 725 984 9950 0 0 0 1
18 554 895 615 976 9970 0 0 1 1
18 442 899 503 980 9990 0 0 1 1
18 326 903 391 980 10010 0 0 1 1
18 211 911 279 984 10030 0 0 1 1
18 97 903 165 976 10050 0 0 1 1
18 0 899 56 972 10070 0 0 0 1
19 1248 826 1287 899 10223 0 0 1 1
19 1143 834 1195 911 10243 0 0 1 1
19 1033 842 1085 919 10263 0 0 1 1
19 923 846 974 923 10283 0 0 1 1
19 813 846 864 923 10303 0 0 1 1
19 701 842 752 919 10323 0 0 1 1
19 589 830 640 907 10343 0 0 1 1
19 479 826 530 903 10363 0 0 1 1
19 369 826 420 903 10383 0 0 1 1
19 262 830 313 907 10403 0 0 1 1
19 152 830 203 907 10423 0 0 1 1
19 42 830 93 907 10443 0 0 1 1
20 1195 879 1263 972 7473 0 0 1 1
20 1092 875 1160 968 7493 0 0 1 1
20 982 883 1050 964 7513 0 0 1 1
20 868 895 936 960 7533 0 0 1 1
20 754 907 824 960 7553 0 0 1 1
20 646 907 716 960 7573 0 0 1 1
20 539 911 609 964 7593 0 0 1 1
20 431 915 501 968 7613 0 0 1 1
20 326 915 396 968 7633 0 0 1 1
20 222 915 291 968 7653 0 0 1 1
20 117 915 187 968 7673 0 0 1 1
20 45 915 110 968 7693 0 0 1 1
21 1268 1187 1314 1264 3017 0 0 1 2
21 1232 1183 1277 1260 3037 0 0 1 2
21 1200 1183 1246 1260 3057 0 0 1 2
21 1171 1179 1217 1256 3077 0 0 1 2
21 1134 1167 1180 1243 3097 0 0 1 2
21 1097 1162 1143 1239 3117 0 0 1 2
21 1061 1167 1107 1243 3137 0 0 1 2
21 1024 1171 1070 1248 3157 0 0 1 2
21 987 1171 1033 1248 3177 0 0 1 2
21 951 1171 997 1248 3197 0 0 1 2
21 914 1171 960 1248 3217 0 0 1 2
21 873 1171 919 1248 3237 0 0 1 2
21 831 1171 877 1248 3257 0 0 1 2
21 795 1171 840 1248 3277 0 0 1 2
21 758 1171 804 1248 3297 0 0 0 2
21 719 1171 765 1248 3317 0 0 1 2
21 683 1171 728 1248 3337 0 0 1 2
21 649 1167 695 1243 3357 0 0 1 2
21 622 1167 668 1243 3377 0 0 1 2
21 583 1167 629 1243 3397 0 0 1 2
21 537 1167 583 1243 3417 0 0 1 2
21 504 1162 550 1239 3437 0 0 1 2
21 471 1162 517 1239 3457 0 0 1 2
21 435 1167 481 1243 3477 0 0 1 2
21 398 1171 444 1248 3497 0 0 1 2
21 359 1171 405 1248 3517 0 0 1 2
22 108 964 207 1090 7485 0 0 1 1
22 306 964 405 1085 7505 0 0 1 1
22 510 976 609 1069 7525 0 0 1 1
22 712 984 811 1057 7545 0 0 1 1
22 916 988 1015 1061 7565 0 0 1 1
22 1118 992 1217 1065 7585 0 0 1 1
23 1228 1223 1279 1353 7145 0 0 1 2
23 1198 1207 1250 1337 7165 0 0 1 2
23 1169 1191 1221 1320 7185 0 0 1 2
23 1140 1175 1191 1304 7205 0 0 1 2
23 1110 1158 1162 1288 7225 0 0 1 2
23 1081 1142 1132 1272 7245 0 0 1 2
23 1044 1134 1096 1264 7265 0 0 1 2
23 1008 1134 1059 1264 7285 0 0 1 2
23 969 1134 1020 1264 7305 0 0 1 2
23 932 1134 984 1264 7325 0 0 1 2
23 896 1134 947 1264 7345 0 0 1 2
23 857 1134 908 1264 7365 0 0 1 2
23 820 1134 872 1264 7385 0 0 1 2
23 782 1134 833 1264 7405 0 0 1 2
23 745 1134 796 1264 7425 0 0 1 2
23 708 1134 760 1264 7445 0 0 1 2
23 670 1134 721 1264 7465 0 0 1 2
23 633 1134 684 1264 7485 0 0 1 2
23 594 1134 644 1260 7505 0 0 1 2
23 550 1150 598 1256 7525 0 0 1 2
23 514 1158 558 1252 7545 0 0 1 2
23 497 1150 541 1243 7565 0 0 1 2
23 479 1146 523 1239 7585 0 0 1 2
23 462 1138 506 1231 7605 0 0 1 2
23 420 1138 464 1231 7625 0 0 1 2
23 369 1142 413 1235 7645 0 0 1 2
23 319 1142 363 1235 7665 0 0 1 2
23 268 1146 312 1239 7685 0 0 1 2
23 222 1146 266 1239 7705 0 0 1 2
23 190 1142 235 1235 7725 0 0 1 2
23 159 1142 203 1235 7745 0 0 1 2
23 128 1138 172 1231 7765 0 0 1 2
23 97 1134 141 1227 7785 0 0 1 2
23 66 1130 110 1223 7805 0 0 1 2
23 33 1130 75 1223 7825 0 0 1 2
24 44 1061 113 1142 12992 0 0 1 1
24 172 1053 238 1130 13012 0 0 1 1
24 312 1049 372 1126 13032 0 0 1 1
24 453 1041 506 1118 13052 0 0 1 1
24 589 1041 637 1114 13072 0 0 1 1
24 712 1041 760 1114 13092 0 0 1 1
24 833 1041 881 1114 13112 0 0 1 1
24 954 1041 1002 1114 13132 0 0 1 1
24 1074 1033 1118 1106 13152 0 0 1 1
24 1191 1025 1233 1098 13172 0 0 1 1
25 73 1045 179 1122 7555 0 0 1 1
25 205 1049 310 1122 7575 0 0 1 1
25 339 1053 444 1126 7595 0 0 1 1
25 470 1053 574 1126 7615 0 0 1 1
25 598 1053 703 1126 7635 0 0 1 1
25 728 1049 833 1122 7655 0 0 1 1
25 857 1049 962 1122 7675 0 0 1 1
25 985 1049 1090 1122 7695 0 0 1 1
25 1116 1045 1221 1118 7715 0 0 1 1
25 1232 1045 1310 1118 7735 0 0 1 1
26 1162 818 1228 915 7695 0 0 1 1
26 1046 834 1112 931 7715 0 0 1 1
26 936 834 1002 931 7735 0 0 1 1
26 826 834 892 931 7755 0 0 1 1
26 712 838 778 936 7775 0 0 1 1
26 596 846 662 944 7795 0 0 1 1
26 482 850 548 948 7815 0 0 1 1
26 367 854 433 952 7835 0 0 1 1
26 253 859 319 956 7855 0 0 1 1
26 137 863 203 960 7875 0 0 1 1
26 27 875 82 972 7895 0 0 1 1
27 58 1158 88 1199 9468 0 0 1 2
27 93 1154 123 1207 9488 0 0 1 2
27 119 1150 156 1203 9508 0 0 1 2
27 141 1142 196 1191 9528 0 0 1 2
27 168 1142 236 1187 9548 0 0 1 2
27 211 1146 279 1191 9568 0 0 1 2
27 251 1146 319 1191 9588 0 0 1 2
27 280 1146 348 1191 9608 0 0 1 2
27 308 1142 376 1187 9628 0 0 1 2
27 339 1142 407 1191 9648 0 0 1 2
27 372 1142 438 1195 9668 0 0 1 2
27 402 1146 468 1203 9688 0 0 1 2
27 429 1146 495 1203 9708 0 0 1 2
27 455 1146 521 1203 9728 0 0 1 2
27 484 1150 550 1207 9748 0 0 1 2
27 514 1150 580 1207 9768 0 0 1 2
27 543 1150 609 1207 9788 0 0 1 2
27 572 1154 638 1211 9808 0 0 1 2
27 605 1158 672 1215 9828 0 0 1 2
27 642 1158 708 1215 9848 0 0 1 2
27 677 1154 743 1211 9868 0 0 1 2
27 714 1154 780 1211 9888 0 0 1 2
27 749 1150 815 1207 9908 0 0 1 2
27 782 1150 848 1207 9928 0 0 1 2
27 798 1150 864 1207 9948 0 0 1 2
27 817 1150 883 1207 9968 0 0 1 2
27 851 1150 918 1207 9988 0 0 1 2
27 886 1146 947 1199 10008 0 0 1 2
27 919 1146 965 1191 10028 0 0 1 2
27 949 1142 995 1187 10048 0 0 1 2
27 976 1142 1022 1187 10068 0 0 1 2
27 1006 1142 1052 1187 10088 0 0 1 2
27 1035 1142 1081 1187 10108 0 0 1 2
27 1064 1142 1110 1187 10128 0 0 1 2
27 1096 1142 1142 1187 10148 0 0 1 2
27 1125 1142 1171 1187 10168 0 0 1 2
27 1156 1138 1202 1183 10188 0 0 1 2
27 1187 1134 1233 1179 10208 0 0 1 2
27 1217 1134 1263 1179 10228 0 0 1 2
27 1250 1134 1290 1179 10248 0 0 1 2
27 1283 1134 1309 1179 10268 0 0 1 2
28 53 948 123 1061 6392 0 0 1 1
28 205 956 275 1065 6412 0 0 1 1
28 361 972 431 1081 6432 0 0 1 1
28 501 980 571 1090 6452 0 0 1 1
28 635 984 705 1094 6472 0 0 1 1
28 776 996 846 1106 6492 0 0 1 1
28 912 1000 982 1106 6512 0 0 1 1
28 1041 1008 1112 1102 6532 0 0 1 1
28 1169 1017 1241 1098 6552 0 0 1 1
29 1099 1770 1134 1819 6637 0 0 1 1
29 1138 1774 1173 1823 6657 0 0 1 1
29 1176 1778 1211 1827 6677 0 0 1 1
29 1215 1782 1250 1831 6697 0 0 1 1
30 25 960 84 1033 6554 0 0 1 1
30 128 976 187 1049 6574 0 0 1 1
30 231 992 290 1065 6594 0 0 1 1
30 334 1004 392 1077 6614 0 0 1 1
30 435 1021 493 1094 6634 0 0 1 1
30 537 1033 596 1106 6654 0 0 1 1
30 640 1049 699 1122 6674 0 0 1 1
30 743 1065 802 1138 6694 0 0 1 1
30 859 1057 918 1130 6714 0 0 1 1
30 978 1045 1035 1118 6734 0 0 1 1
30 1097 1033 1154 1106 6754 0 0 1 1
30 1217 1021 1272 1094 6774 0 0 1 1
31 112 1085 119 1102 13400 0 0 1 1
31 268 1081 275 1098 13420 0 0 1 1
31 424 1073 431 1090 13440 0 0 1 1
31 580 1065 587 1081 13460 0 0 1 1
31 736 1057 743 1073 13480 0 0 1 1
31 872 1041 879 1057 13500 0 0 1 1
31 1008 1025 1015 1041 13520 0 0 1 1
32 89 960 137 1057 13487 0 0 1 1
32 222 976 282 1065 13507 0 0 1 1
32 359 972 425 1057 13527 0 0 1 1
32 486 980 552 1065 13547 0 0 1 1
32 631 980 695 1057 13567 0 0 1 1
32 773 996 837 1069 13587 0 0 1 1
32 910 1000 974 1073 13607 0 0 1 1
32 1055 988 1120 1061 13627 0 0 1 1
32 1184 1017 1248 1090 13647 0 0 1 1
33 42 964 91 1053 13505 0 0 1 1
33 196 944 253 1053 13525 0 0 1 1
33 326 952 383 1061 13545 0 0 1 1
33 471 964 528 1073 13565 0 0 1 1
33 604 968 661 1077 13585 0 0 1 1
33 739 960 796 1069 13605 0 0 1 1
33 866 972 925 1081 13625 0 0 1 1
33 987 976 1048 1065 13645 0 0 1 1
33 1110 980 1169 1049 13665 0 0 1 1
33 1230 996 1288 1065 13685 0 0 1 1
34 119 1053 167 1126 13503 0 0 1 1
34 240 1061 308 1138 13523 0 0 1 1
34 363 1065 431 1142 13543 0 0 1 1
34 497 1061 574 1134 13563 0 0 1 1
34 626 1049 703 1122 13583 0 0 1 1
34 771 1041 848 1114 13603 0 0 1 1
34 879 1065 956 1138 13623 0 0 1 1
34 1002 1049 1079 1118 13643 0 0 1 1
34 1118 1057 1193 1118 13663 0 0 1 1
34 1241 1061 1309 1122 13683 0 0 1 1
35 910 972 991 1110 13512 0 0 1 1
35 1037 948 1118 1085 13532 0 0 1 1
35 1173 915 1254 1053 13552 0 0 1 1
36 1142 830 1235 936 12957 0 0 1 1
36 1009 838 1103 944 12977 0 0 1 1
36 877 846 971 952 12997 0 0 1 1
36 758 850 840 952 13017 0 0 1 1
36 640 850 708 952 13037 0 0 1 1
36 521 850 578 948 13057 0 0 1 1
36 403 850 446 948 13077 0 0 1 1
36 266 871 301 964 13097 0 0 1 1
36 126 879 159 972 13117 0 0 1 1
36 3 956 49 1049 13682 0 0 1 1
36 71 976 137 1065 13702 0 0 1 1
36 176 976 242 1065 13722 0 0 1 1
36 291 984 358 1073 13742 0 0 1 1
36 405 980 471 1069 13762 0 0 1 1
36 523 968 589 1057 13782 0 0 1 1
36 644 972 710 1061 13802 0 0 1 1
36 752 964 818 1053 13822 0 0 1 1
36 851 968 918 1057 13842 0 0 1 1
36 980 964 1046 1053 13862 0 0 1 1
36 1079 972 1145 1061 13882 0 0 1 1
36 1191 956 1257 1045 13902 0 0 1 1
36 1268 956 1320 1045 13922 0 0 1 1
37 1061 1750 1145 1843 8011 0 0 1 2
37 1081 1746 1165 1839 8031 0 0 1 2
37 1096 1742 1180 1835 8051 0 0 1 2
37 1123 1742 1208 1835 8071 0 0 1 2
37 1136 1742 1221 1835 8091 0 0 1 2
37 1138 1738 1222 1831 8111 0 0 1 2
37 1167 1734 1252 1827 8131 0 0 1 2
37 1178 1730 1263 1823 8151 0 0 1 2
37 1186 1726 1270 1819 8171 0 0 1 2
37 1204 1718 1288 1811 8191 0 0 1 2
37 1222 1709 1307 1803 8211 0 0 1 2
37 1239 1693 1318 1786 8231 0 0 1 2
37 1257 1693 1318 1786 8251 0 0 1 2
37 1263 1669 1318 1762 8271 0 0 1 2
38 787 1839 851 1920 7632 0 0 1 2
38 807 1827 872 1908 7652 0 0 1 2
38 829 1811 892 1892 7672 0 0 1 2
38 850 1795 914 1876 7692 0 0 1 2
38 872 1782 934 1859 7712 0 0 1 2
38 892 1766 954 1843 7732 0 0 1 2
38 914 1750 976 1827 7752 0 0 1 2
38 934 1734 997 1811 7772 0 0 1 2
38 956 1734 1019 1811 7792 0 0 1 2
38 978 1734 1041 1811 7812 0 0 1 2
38 1000 1730 1063 1807 7832 0 0 1 2
38 1020 1730 1083 1807 7852 0 0 1 2
38 1042 1730 1105 1807 7872 0 0 1 2
38 1066 1730 1129 1807 7892 0 0 1 2
38 1092 1730 1154 1807 7912 0 0 1 2
38 1116 1726 1178 1803 7932 0 0 1 2
38 1138 1726 1200 1803 7952 0 0 1 2
38 1160 1722 1222 1799 7972 0 0 1 2
38 1182 1722 1244 1799 7992 0 0 1 2
38 1208 1726 1270 1811 8012 0 0 1 2
38 1235 1734 1298 1831 8032 0 0 1 2
38 1250 1722 1312 1823 8052 0 0 1 2
38 1261 1705 1316 1807 8072 0 0 1 2
38 1272 1685 1320 1786 8092 0 0 1 2
39 1180 798 1237 923 7832 0 0 1 1
39 1052 810 1107 931 7852 0 0 1 1
39 925 814 980 936 7872 0 0 1 1
39 800 814 855 936 7892 0 0 1 1
39 677 814 732 936 7912 0 0 1 1
39 556 806 611 927 7932 0 0 1 1
39 436 798 492 919 7952 0 0 1 1
39 321 798 376 919 7972 0 0 1 1
39 209 802 264 923 7992 0 0 1 1
39 89 810 165 919 8012 0 0 1 1
40 1246 850 1307 972 7842 0 0 1 1
40 1134 850 1195 972 7862 0 0 1 1
40 1022 846 1081 968 7882 0 0 1 1
40 910 846 969 964 7902 0 0 1 1
40 796 846 855 964 7922 0 0 1 1
40 683 850 741 968 7942 0 0 1 1
40 569 854 627 972 7962 0 0 1 1
40 451 838 510 956 7982 0 0 1 1
40 334 826 396 940 8002 0 0 1 1
40 214 830 315 936 8022 0 0 1 1
40 100 834 218 936 8042 0 0 1 1
40 0 834 108 936 8062 0 0 1 1
41 940 1859 978 1932 13933 0 0 1 2
41 940 1847 978 1920 13953 0 0 1 2
41 949 1823 987 1896 13973 0 0 1 2
41 974 1786 1013 1859 13993 0 0 1 2
41 993 1758 1031 1831 14013 0 0 1 2
42 1288 1491 1318 1588 13521 0 0 1 2
42 1281 1458 1312 1556 13541 0 0 1 2
42 1274 1426 1307 1523 13561 0 0 1 2
42 1266 1397 1301 1491 13581 0 0 0 2
42 1255 1361 1294 1450 13601 0 0 1 2
42 1244 1325 1287 1414 13621 0 0 1 2
42 1230 1284 1274 1373 13641 0 0 0 2
42 1217 1243 1261 1333 13661 0 0 1 2
42 1206 1235 1250 1325 13681 0 0 0 2
42 1176 1195 1221 1284 13701 0 0 0 2
42 1158 1162 1202 1252 13721 0 0 1 2
42 1142 1134 1186 1223 13741 0 0 0 2
42 1125 1118 1169 1207 13761 0 0 0 2
42 1081 1106 1125 1195 13781 0 0 0 2
42 1055 1077 1099 1167 13801 0 0 1 2
42 1017 1081 1061 1171 13821 0 0 0 2
42 991 1053 1035 1142 13841 0 0 0 2
42 969 1033 1013 1122 13861 0 0 1 2
42 947 1017 991 1106 13881 0 0 0 2
42 930 984 974 1073 13901 0 0 1 2
42 919 931 963 1021 13921 0 0 1 2
42 905 887 949 976 13941 0 0 1 2
42 892 863 936 952 13961 0 0 1 2
42 875 834 919 923 13981 0 0 1 2
42 840 769 980 907 14001 0 0 0 2
42 846 721 967 863 14021 0 0 1 2
42 824 688 938 830 14041 0 0 1 2
42 807 668 921 810 14061 0 0 0 2
43 1211 838 1268 927 13802 0 0 1 1
43 1131 842 1187 931 13822 0 0 1 1
43 1041 846 1097 936 13842 0 0 1 1
43 945 854 1002 944 13862 0 0 1 1
43 842 867 899 956 13882 0 0 1 1
43 743 871 800 960 13902 0 0 1 1
43 646 871 703 960 13922 0 0 1 1
43 537 879 594 968 13942 0 0 1 1
43 448 854 504 944 13962 0 0 1 1
43 361 871 418 960 13982 0 0 1 1
43 264 830 409 980 14002 0 0 1 1
43 170 850 315 1000 14022 0 0 1 1
43 82 826 235 984 14042 0 0 1 1
43 3 790 139 968 14062 0 0 1 1
44 73 1045 123 1142 13993 0 0 1 1
44 190 956 337 1158 14013 0 0 1 1
44 312 952 459 1154 14033 0 0 1 1
44 448 956 594 1158 14053 0 0 1 1
45 1261 741 1318 842 12484 0 0 1 2
45 1248 773 1305 875 12504 0 0 1 2
45 1228 798 1285 903 12524 0 0 1 2
45 1208 826 1265 927 12544 0 0 1 2
45 1187 854 1244 956 12564 0 0 1 2
45 1167 879 1226 984 12584 0 0 1 2
45 1147 907 1206 1008 12604 0 0 1 2
45 1127 931 1186 1037 12624 0 0 1 2
45 1107 960 1165 1065 12644 0 0 1 2
45 1086 988 1145 1090 12664 0 0 1 2
45 1061 1013 1121 1118 12684 0 0 1 2
45 1033 1041 1094 1146 12704 0 0 1 2
45 1008 1065 1068 1171 12724 0 0 1 2
45 980 1094 1042 1199 12744 0 0 1 2
45 958 1110 1020 1215 12764 0 0 1 2
45 940 1126 1002 1231 12784 0 0 1 2
45 919 1142 982 1248 12804 0 0 1 2
45 897 1158 960 1264 12824 0 0 1 2
45 862 1158 925 1264 12844 0 0 1 2
45 828 1162 892 1268 12864 0 0 1 2
45 795 1162 857 1268 12884 0 0 1 2
45 760 1167 824 1272 12904 0 0 1 2
45 725 1167 791 1272 12924 0 0 1 2
45 692 1171 756 1276 12944 0 0 1 2
45 657 1175 723 1280 12964 0 0 1 2
45 622 1175 688 1280 12984 0 0 1 2
45 589 1179 653 1280 13004 0 0 1 2
45 554 1187 613 1280 13024 0 0 1 2
45 519 1195 571 1280 13044 0 0 1 2
45 484 1203 530 1280 13064 0 0 1 2
45 451 1207 495 1280 13084 0 0 1 2
45 418 1215 462 1288 13104 0 0 1 2
45 383 1219 427 1292 13124 0 0 1 2
45 350 1219 394 1292 13144 0 0 1 2
45 317 1219 361 1292 13164 0 0 1 2
45 284 1215 328 1288 13184 0 0 1 2
45 251 1215 295 1288 13204 0 0 1 2
45 218 1211 262 1284 13224 0 0 1 2
45 185 1211 229 1284 13244 0 0 1 2
45 150 1211 194 1284 13264 0 0 1 2
45 117 1211 161 1284 13284 0 0 1 2
45 84 1211 126 1284 13304 0 0 1 2
45 51 1211 93 1284 13324 0 0 1 2
45 18 1211 60 1284 13344 0 0 1 2
45 0 1150 130 1296 14010 0 0 1 2
46 877 1884 916 1940 13971 0 0 0 2
46 890 1868 929 1924 13991 0 0 0 2
46 901 1843 949 1916 14011 0 0 1 2
46 910 1807 976 1908 14031 0 0 1 2
46 921 1774 1006 1900 14051 0 0 1 2
49 5 940 71 1041 10375 0 0 1 1
49 91 952 168 1053 10395 0 0 1 1
49 198 964 275 1065 10415 0 0 1 1
49 306 980 383 1081 10435 0 0 1 1
49 400 980 477 1081 10455 0 0 1 1
49 492 976 569 1077 10475 0 0 1 1
49 583 972 661 1073 10495 0 0 1 1
49 679 960 765 1065 10515 0 0 1 1
49 774 956 873 1057 10535 0 0 1 1
49 870 948 982 1053 10555 0 0 1 1
49 954 956 1068 1061 10575 0 0 1 1
49 1035 968 1149 1073 10595 0 0 1 1
49 1114 980 1228 1085 10615 0 0 1 1
49 1195 1000 1296 1106 10635 0 0 1 1
50 1202 814 1272 915 10515 0 0 1 1
50 1048 814 1118 915 10535 0 0 1 1
50 894 814 963 915 10555 0 0 1 1
50 736 814 806 915 10575 0 0 1 1
50 580 814 649 915 10595 0 0 1 1
50 424 814 493 915 10615 0 0 1 1
50 268 814 336 915 10635 0 0 1 1
50 113 822 178 923 10655 0 0 1 1
50 0 822 53 923 10675 0 0 1 1
51 1081 814 1171 899 8575 0 0 1 1
51 965 818 1053 907 8595 0 0 1 1
51 844 826 932 911 8615 0 0 1 1
51 708 830 796 915 8635 0 0 1 1
51 576 838 664 923 8655 0 0 1 1
51 453 838 541 923 8675 0 0 1 1
51 330 842 418 927 8695 0 0 1 1
51 207 842 295 927 8715 0 0 1 1
51 88 846 167 931 8735 0 0 1 1
51 0 846 56 931 8755 0 0 1 1
52 1134 911 1211 1017 2609 0 0 1 1
52 1011 911 1090 1017 2629 0 0 1 1
52 888 911 967 1017 2649 0 0 1 1
52 760 903 839 1008 2669 0 0 1 1
52 629 891 708 996 2689 0 0 1 1
52 499 883 578 988 2709 0 0 1 1
52 359 887 440 992 2729 0 0 1 1
52 218 895 301 1000 2749 0 0 1 1
52 75 903 154 1008 2769 0 0 1 1
53 113 956 247 1118 2694 0 0 1 1
53 253 984 381 1118 2714 0 0 1 1
53 422 972 534 1106 2734 0 0 1 1
53 563 964 675 1102 2754 0 0 1 1
53 717 968 829 1106 2774 0 0 1 1
53 868 964 980 1102 2794 0 0 1 1
53 1028 964 1140 1102 2814 0 0 1 1
53 1153 968 1265 1106 2834 0 0 1 1
54 82 996 181 1114 2766 0 0 1 1
54 233 980 332 1098 2786 0 0 1 1
54 376 968 475 1085 2806 0 0 0 1
54 530 960 629 1077 2826 0 0 1 1
54 681 956 780 1073 2846 0 0 1 1
54 818 964 918 1081 2866 0 0 1 1
54 960 968 1059 1085 2886 0 0 1 1
54 1105 976 1204 1094 2906 0 0 1 1
55 1198 668 1263 773 2837 0 0 1 1
55 1099 672 1164 778 2857 0 0 1 1
55 997 676 1061 782 2877 0 0 1 1
55 890 684 954 790 2897 0 0 1 1
55 778 701 842 806 2917 0 0 1 1
55 653 701 725 798 2937 0 0 1 1
55 536 688 611 786 2957 0 0 1 1
55 370 688 468 786 2977 0 0 1 1
55 247 692 348 790 2997 0 0 1 1
55 112 692 216 786 3017 0 0 1 1
56 1182 798 1276 911 2833 0 0 1 1
56 1035 814 1129 927 2853 0 0 1 1
56 890 822 984 936 2873 0 0 1 1
56 747 818 840 931 2893 0 0 1 1
56 589 810 683 923 2913 0 0 1 1
56 416 794 510 907 2933 0 0 1 1
56 255 798 348 911 2953 0 0 1 1
56 100 806 194 919 2973 0 0 1 1
56 0 798 73 911 2993 0 0 0 1
56 0 798 73 911 3013 0 0 1 1
58 1296 1539 1320 1588 1530 0 0 0 2
58 1292 1503 1320 1556 1550 0 0 1 2
58 1290 1466 1320 1523 1570 0 0 1 2
58 1287 1430 1320 1491 1590 0 0 1 2
58 1285 1397 1320 1458 1610 0 0 0 2
58 1276 1361 1310 1422 1630 0 0 1 2
58 1268 1329 1303 1389 1650 0 0 1 2
58 1254 1300 1288 1361 1670 0 0 1 2
58 1232 1276 1266 1337 1690 0 0 1 2
58 1211 1252 1246 1312 1710 0 0 1 2
58 1189 1227 1224 1288 1730 0 0 1 2
58 1169 1207 1204 1268 1750 0 0 0 2
58 1142 1191 1176 1252 1770 0 0 1 2
58 1114 1175 1149 1235 1790 0 0 1 2
58 1086 1158 1121 1219 1810 0 0 1 2
58 1061 1138 1096 1199 1830 0 0 1 2
58 1035 1114 1070 1175 1850 0 0 1 2
58 1013 1085 1046 1146 1870 0 0 1 2
58 995 1053 1028 1118 1890 0 0 1 2
58 976 1021 1009 1090 1910 0 0 1 2
58 958 988 991 1065 1930 0 0 0 2
58 936 960 969 1037 1950 0 0 1 2
58 914 936 947 1013 1970 0 0 1 2
58 892 911 925 988 1990 0 0 1 2
58 866 883 901 964 2010 0 0 1 2
58 840 850 879 940 2030 0 0 1 2
58 815 822 857 915 2050 0 0 1 2
58 789 790 835 891 2070 0 0 1 2
58 763 757 813 867 2090 0 0 1 2
58 736 737 787 850 2110 0 0 1 2
58 708 725 760 838 2130 0 0 1 2
58 679 709 730 822 2150 0 0 1 2
58 651 692 703 806 2170 0 0 1 2
58 622 672 673 786 2190 0 0 1 2
58 593 652 644 765 2210 0 0 1 2
58 560 636 611 749 2230 0 0 1 2
58 526 619 578 733 2250 0 0 0 2
58 501 595 552 709 2270 0 0 1 2
58 477 571 528 684 2290 0 0 1 2
58 448 551 499 664 2310 0 0 0 2
58 425 526 477 640 2330 0 0 1 2
59 1125 818 1178 919 2108 0 0 1 1
59 1008 818 1061 919 2128 0 0 1 1
59 888 830 941 931 2148 0 0 1 1
59 767 834 820 936 2168 0 0 1 1
59 642 834 695 936 2188 0 0 1 1
59 517 830 571 931 2208 0 0 1 1
59 392 826 446 927 2228 0 0 1 1
59 264 818 317 919 2248 0 0 1 1
59 137 822 190 923 2268 0 0 1 1
59 11 826 64 927 2288 0 0 1 1
60 143 1008 216 1085 2138 0 0 1 1
60 257 1008 330 1085 2158 0 0 1 1
60 365 1004 438 1085 2178 0 0 1 1
60 471 1004 545 1085 2198 0 0 1 1
60 580 1004 653 1085 2218 0 0 1 1
60 688 1000 761 1081 2238 0 0 1 1
60 798 996 872 1077 2258 0 0 1 1
60 908 984 982 1065 2278 0 0 1 1
60 1019 976 1092 1057 2298 0 0 1 1
60 1107 976 1171 1057 2318 0 0 1 1
60 1217 976 1263 1057 2338 0 0 1 1
61 156 1057 231 1134 2138 0 0 1 1
61 268 1057 343 1134 2158 0 0 1 1
61 380 1053 455 1130 2178 0 0 1 1
61 490 1049 565 1126 2198 0 0 1 1
61 600 1045 675 1122 2218 0 0 1 1
61 699 1037 774 1114 2238 0 0 1 1
61 800 1037 875 1114 2258 0 0 1 1
61 908 1037 984 1114 2278 0 0 1 1
61 1017 1037 1092 1114 2298 0 0 1 1
61 1110 1033 1178 1110 2318 0 0 1 1
61 1213 1029 1265 1106 2338 0 0 1 1
62 110 952 183 1061 2168 0 0 1 1
62 269 944 343 1049 2188 0 0 1 1
62 429 931 503 1041 2208 0 0 1 1
62 583 923 657 1033 2228 0 0 1 1
62 732 923 806 1033 2248 0 0 1 1
62 890 923 965 1033 2268 0 0 1 1
62 1050 923 1125 1033 2288 0 0 1 1
62 1204 940 1277 1049 2308 0 0 1 1
63 146 1037 218 1138 2238 0 0 1 1
63 275 1029 347 1134 2258 0 0 1 1
63 411 1025 482 1130 2278 0 0 1 1
63 545 1025 616 1130 2298 0 0 1 1
63 679 1025 750 1130 2318 0 0 1 1
63 795 1025 866 1130 2338 0 0 1 1
63 914 1025 985 1130 2358 0 0 1 1
63 1037 1025 1109 1130 2378 0 0 1 1
63 1154 1025 1226 1130 2398 0 0 1 1
63 1265 1037 1312 1142 2418 0 0 1 1
64 1061 790 1147 899 2338 0 0 1 1
64 927 790 1013 899 2358 0 0 1 1
64 784 798 870 907 2378 0 0 1 1
64 644 802 730 911 2398 0 0 1 1
64 506 810 593 919 2418 0 0 1 1
64 367 810 453 919 2438 0 0 1 1
64 227 802 313 911 2458 0 0 1 1
64 86 798 167 907 2478 0 0 1 1
64 0 782 36 891 2498 0 0 1 1
65 56 988 128 1053 1141 0 0 1 1
65 97 992 168 1057 1161 0 0 1 1
65 139 996 209 1061 1181 0 0 1 1
65 179 1000 251 1061 1201 0 0 1 1
65 222 1000 291 1065 1221 0 0 1 1
65 262 1004 334 1069 1241 0 0 1 1
65 304 1008 374 1069 1261 0 0 1 1
65 345 1013 414 1073 1281 0 0 1 1
65 385 1017 457 1077 1301 0 0 1 1
65 427 1017 497 1081 1321 0 0 1 1
65 468 1021 539 1081 1341 0 0 1 1
65 510 1025 580 1085 1361 0 0 1 1
65 567 1029 637 1090 1381 0 0 1 1
65 649 1033 719 1090 1401 0 0 1 1
65 734 1033 804 1094 1421 0 0 1 1
65 818 1037 888 1098 1441 0 0 1 1
65 901 1041 971 1098 1461 0 0 1 1
65 985 1045 1055 1102 1481 0 0 1 1
65 1070 1045 1142 1106 1501 0 0 1 1
65 1154 1041 1259 1118 1521 0 0 1 1
66 347 1017 482 1102 1501 0 0 1 1
66 482 992 618 1077 1521 0 0 1 1
66 620 968 756 1053 1541 0 0 1 1
66 787 964 923 1049 1561 0 0 1 1
66 934 972 1070 1057 1581 0 0 1 1
66 1070 996 1204 1081 1601 0 0 1 1
66 1232 1000 1320 1085 1621 0 0 1 1
67 53 1037 97 1094 1145 0 0 1 2
67 89 1037 134 1094 1165 0 0 1 2
67 126 1033 170 1090 1185 0 0 1 2
67 163 1033 207 1090 1205 0 0 1 2
67 200 1029 244 1085 1225 0 0 1 2
67 235 1029 279 1085 1245 0 0 1 2
67 271 1025 315 1081 1265 0 0 1 2
67 308 1021 352 1077 1285 0 0 1 2
67 345 1021 389 1077 1305 0 0 1 2
67 380 1021 424 1077 1325 0 0 1 2
67 413 1021 457 1077 1345 0 0 1 2
67 446 1021 490 1077 1365 0 0 1 2
67 479 1021 523 1077 1385 0 0 1 2
67 512 1025 556 1081 1405 0 0 1 2
67 534 1025 578 1081 1425 0 0 1 2
67 554 1029 598 1085 1445 0 0 1 2
67 574 1033 618 1090 1465 0 0 1 2
67 596 1037 640 1094 1485 0 0 1 2
67 618 1041 664 1098 1505 0 0 1 2
67 644 1053 694 1114 1525 0 0 1 2
67 672 1065 725 1126 1545 0 0 1 2
67 697 1077 756 1138 1565 0 0 1 2
67 723 1090 785 1154 1585 0 0 1 2
67 756 1098 820 1162 1605 0 0 1 2
67 793 1106 857 1171 1625 0 0 1 2
67 829 1110 894 1175 1645 0 0 1 2
67 866 1118 930 1183 1665 0 0 1 2
67 903 1122 967 1187 1685 0 0 1 2
67 940 1130 1004 1195 1705 0 0 1 2
67 976 1130 1041 1195 1725 0 0 1 2
67 1013 1126 1077 1191 1745 0 0 1 2
67 1048 1122 1112 1187 1765 0 0 1 2
67 1085 1122 1149 1187 1785 0 0 1 2
67 1123 1138 1187 1203 1805 0 0 1 2
67 1158 1134 1222 1199 1825 0 0 1 2
67 1189 1130 1254 1195 1845 0 0 1 2
67 1224 1138 1288 1203 1865 0 0 1 2
67 1261 1138 1318 1203 1885 0 0 1 2
67 1290 1138 1320 1203 1905 0 0 1 2
68 877 725 940 798 1515 0 0 1 2
68 835 729 897 802 1535 0 0 1 2
68 793 729 855 802 1555 0 0 1 2
68 752 733 815 806 1575 0 0 1 2
68 710 733 773 806 1595 0 0 1 2
68 670 733 732 806 1615 0 0 1 2
68 627 733 690 806 1635 0 0 1 2
68 587 733 649 806 1655 0 0 1 2
68 545 733 607 806 1675 0 0 1 2
68 504 733 567 806 1695 0 0 1 2
68 462 733 525 806 1715 0 0 1 2
68 422 733 484 806 1735 0 0 1 2
68 380 733 442 806 1755 0 0 1 2
68 337 733 400 806 1775 0 0 1 2
68 295 737 358 810 1795 0 0 1 2
68 255 737 317 810 1815 0 0 1 2
68 212 737 275 810 1835 0 0 1 2
68 170 737 233 810 1855 0 0 1 2
68 130 737 192 810 1875 0 0 1 2
68 91 737 154 810 1895 0 0 1 2
68 55 737 117 810 1915 0 0 1 2
68 31 737 89 810 1935 0 0 1 2
68 5 737 60 810 1955 0 0 1 2
68 0 717 49 790 1975 0 0 1 2
68 0 713 23 786 1995 0 0 1 2
69 1077 899 1180 980 1605 0 0 1 1
69 938 907 1041 988 1625 0 0 1 1
69 798 915 901 996 1645 0 0 1 1
69 657 911 760 992 1665 0 0 1 1
69 512 907 615 988 1685 0 0 1 1
69 358 899 460 980 1705 0 0 1 1
69 198 891 301 972 1725 0 0 1 1
69 78 879 167 960 1745 0 0 1 1
70 1193 830 1266 899 1595 0 0 1 1
70 1090 830 1164 899 1615 0 0 1 1
70 987 830 1061 899 1635 0 0 1 1
70 885 834 958 903 1655 0 0 1 1
70 776 838 850 907 1675 0 0 1 1
70 664 842 738 911 1695 0 0 1 1
70 545 850 618 919 1715 0 0 1 1
70 425 859 499 927 1735 0 0 1 1
70 302 859 376 927 1755 0 0 1 1
70 189 871 262 940 1775 0 0 1 1
70 64 883 137 952 1795 0 0 1 1
70 7 863 60 931 1815 0 0 1 1
71 78 1021 135 1098 1685 0 0 1 1
71 181 1029 238 1106 1705 0 0 1 1
71 293 1037 350 1114 1725 0 0 1 1
71 438 1025 495 1102 1745 0 0 1 1
71 578 1017 635 1094 1765 0 0 1 1
71 703 1013 760 1090 1785 0 0 1 1
71 826 1004 883 1081 1805 0 0 1 1
71 951 988 1008 1065 1825 0 0 1 1
71 1072 976 1129 1053 1845 0 0 1 1
71 1187 984 1244 1061 1865 0 0 1 1
72 1178 887 1257 940 1655 0 0 1 1
72 1086 891 1165 944 1675 0 0 1 1
72 993 891 1072 948 1695 0 0 1 1
72 892 879 969 964 1715 0 0 1 1
72 785 875 862 964 1735 0 0 1 1
72 672 879 749 968 1755 0 0 1 1
72 554 895 631 984 1775 0 0 1 1
72 436 907 514 996 1795 0 0 1 1
72 319 911 396 1000 1815 0 0 1 1
72 194 911 271 1000 1835 0 0 1 1
72 67 915 139 1004 1855 0 0 1 1
72 0 887 53 968 1875 0 0 1 1
73 1138 806 1215 895 1665 0 0 1 1
73 1013 810 1090 899 1685 0 0 1 1
73 885 810 962 899 1705 0 0 1 1
73 754 806 831 895 1725 0 0 1 1
73 627 806 705 895 1745 0 0 1 1
73 493 822 571 911 1765 0 0 1 1
73 359 830 436 919 1785 0 0 1 1
73 225 826 302 915 1805 0 0 1 1
73 93 814 170 903 1825 0 0 1 1
73 14 814 86 903 1845 0 0 1 1
74 53 952 150 1057 11209 0 0 1 1
74 167 952 264 1057 11229 0 0 1 1
74 279 952 378 1057 11249 0 0 1 1
74 391 952 492 1057 11269 0 0 0 1
74 506 960 607 1065 11289 0 0 1 1
74 620 968 721 1069 11309 0 0 1 1
74 727 972 828 1069 11329 0 0 1 1
74 829 972 929 1069 11349 0 0 1 1
74 923 972 1022 1069 11369 0 0 1 1
74 1042 972 1142 1069 11389 0 0 1 1
74 1143 976 1243 1073 11409 0 0 1 1
74 1222 980 1309 1077 11429 0 0 1 1
74 1233 984 1318 1081 11449 0 0 1 1
74 1233 984 1318 1081 11469 0 0 1 1
74 1233 984 1318 1081 11489 0 0 1 1
74 1233 984 1318 1081 11509 0 0 1 1
74 1233 984 1318 1081 11529 0 0 1 1
75 0 1142 34 1219 10466 0 0 1 2
75 5 1142 69 1211 10486 0 0 1 2
75 34 1138 104 1211 10506 0 0 1 2
75 71 1138 135 1215 10526 0 0 1 2
75 106 1134 165 1223 10546 0 0 1 2
75 143 1134 196 1227 10566 0 0 1 2
75 179 1130 229 1231 10586 0 0 1 2
75 216 1118 266 1219 10606 0 0 1 2
75 253 1110 302 1211 10626 0 0 1 2
75 284 1114 334 1215 10646 0 0 1 2
75 312 1122 361 1223 10666 0 0 1 2
75 339 1130 389 1231 10686 0 0 1 2
75 372 1126 422 1227 10706 0 0 1 2
75 405 1122 455 1223 10726 0 0 1 2
75 438 1118 488 1219 10746 0 0 1 2
75 471 1114 521 1215 10766 0 0 1 2
75 503 1114 552 1215 10786 0 0 1 2
75 534 1114 583 1215 10806 0 0 1 2
75 567 1114 616 1215 10826 0 0 1 2
75 604 1122 653 1223 10846 0 0 1 2
75 640 1134 690 1235 10866 0 0 1 2
75 677 1142 727 1243 10886 0 0 1 2
75 710 1142 760 1243 10906 0 0 1 2
75 743 1138 793 1239 10926 0 0 1 2
75 776 1130 826 1231 10946 0 0 1 2
75 811 1126 861 1227 10966 0 0 1 2
75 844 1122 894 1223 10986 0 0 1 2
75 877 1118 929 1223 11006 0 0 1 2
75 908 1110 969 1223 11026 0 0 1 2
75 941 1106 1009 1223 11046 0 0 1 2
75 973 1102 1046 1227 11066 0 0 1 2
75 1002 1102 1075 1227 11086 0 0 1 2
75 1031 1106 1105 1231 11106 0 0 1 2
75 1064 1106 1138 1231 11126 0 0 1 2
75 1097 1110 1171 1235 11146 0 0 1 2
75 1134 1114 1208 1239 11166 0 0 1 2
75 1171 1118 1243 1243 11186 0 0 1 2
75 1193 1118 1265 1243 11206 0 0 1 2
75 1226 1154 1298 1280 11226 0 0 1 2
76 1270 1179 1305 1235 5486 0 0 1 2
76 1221 1183 1265 1239 5506 0 0 1 2
76 1173 1175 1232 1235 5526 0 0 1 2
76 1145 1183 1206 1239 5546 0 0 0 2
76 1110 1175 1171 1231 5566 0 0 1 2
76 1075 1175 1136 1231 5586 0 0 1 2
76 1037 1175 1097 1231 5606 0 0 1 2
76 997 1167 1057 1223 5626 0 0 1 2
76 962 1175 1020 1231 5646 0 0 1 2
76 929 1179 987 1235 5666 0 0 1 2
76 890 1175 951 1231 5686 0 0 1 2
76 851 1175 914 1231 5706 0 0 1 2
76 820 1175 883 1231 5726 0 0 1 2
76 789 1175 851 1231 5746 0 0 1 2
76 760 1175 822 1231 5766 0 0 1 2
76 732 1175 795 1231 5786 0 0 1 2
76 701 1167 760 1231 5806 0 0 1 2
76 664 1158 723 1231 5826 0 0 1 2
76 629 1154 690 1227 5846 0 0 1 2
76 602 1154 664 1227 5866 0 0 1 2
76 560 1154 622 1227 5886 0 0 1 2
76 519 1154 582 1227 5906 0 0 1 2
76 486 1154 550 1227 5926 0 0 1 2
76 446 1154 510 1227 5946 0 0 1 2
76 403 1162 468 1235 5966 0 0 1 2
76 376 1167 440 1239 5986 0 0 1 2
76 347 1162 411 1231 6006 0 0 1 2
76 313 1162 381 1231 6026 0 0 1 2
76 279 1162 350 1227 6046 0 0 1 2
76 246 1162 319 1227 6066 0 0 1 2
76 212 1167 286 1227 6086 0 0 1 2
76 179 1167 253 1227 6106 0 0 1 2
76 146 1167 220 1227 6126 0 0 1 2
76 115 1167 189 1227 6146 0 0 1 2
76 84 1167 157 1227 6166 0 0 1 2
76 51 1167 124 1227 6186 0 0 1 2
76 20 1171 89 1231 6206 0 0 1 2
76 0 1179 66 1239 6226 0 0 1 2
77 1116 798 1217 931 11200 0 0 1 1
77 998 786 1099 919 11220 0 0 1 1
77 879 798 980 936 11240 0 0 1 1
77 769 794 870 931 11260 0 0 1 1
77 633 782 727 919 11280 0 0 1 1
77 512 778 604 911 11300 0 0 1 1
77 385 778 477 911 11320 0 0 1 1
77 258 773 350 907 11340 0 0 1 1
77 134 773 225 907 11360 0 0 1 1
78 271 964 354 1061 11153 0 0 1 1
78 424 964 506 1061 11173 0 0 1 1
78 569 960 651 1057 11193 0 0 1 1
78 712 964 795 1061 11213 0 0 1 1
78 857 960 940 1057 11233 0 0 1 1
78 998 956 1079 1053 11253 0 0 1 1
78 1142 972 1222 1069 11273 0 0 1 1
79 36 1061 115 1142 11155 0 0 1 1
79 148 1057 227 1138 11175 0 0 1 1
79 258 1049 337 1130 11195 0 0 1 1
79 369 1037 448 1118 11215 0 0 1 1
79 477 1029 556 1110 11235 0 0 1 1
79 578 1029 657 1110 11255 0 0 1 1
79 681 1021 760 1102 11275 0 0 1 1
79 787 1025 864 1106 11295 0 0 0 1
79 890 1025 969 1106 11315 0 0 1 1
79 989 1025 1070 1106 11335 0 0 1 1
79 1090 1033 1171 1114 11355 0 0 0 1
79 1182 1021 1263 1102 11375 0 0 1 1
80 1134 895 1193 980 8389 0 0 1 1
80 974 899 1030 980 8409 0 0 1 1
80 813 895 868 980 8429 0 0 1 1
80 644 895 703 980 8449 0 0 1 1
80 475 903 534 984 8469 0 0 1 1
80 302 915 365 1000 8489 0 0 1 1
80 145 907 212 1004 8509 0 0 1 1
80 5 891 82 1013 8529 0 0 1 1
81 1254 721 1301 814 8060 0 0 1 2
81 1221 721 1268 814 8080 0 0 1 2
81 1187 721 1235 814 8100 0 0 1 2
81 1154 721 1202 814 8120 0 0 1 2
81 1121 721 1169 814 8140 0 0 1 2
81 1088 721 1136 814 8160 0 0 1 2
81 1055 721 1103 814 8180 0 0 1 2
81 1022 721 1070 814 8200 0 0 1 2
81 987 725 1035 818 8220 0 0 1 2
81 951 725 998 818 8240 0 0 1 2
81 914 721 962 814 8260 0 0 1 2
81 877 721 925 814 8280 0 0 1 2
81 840 717 888 810 8300 0 0 1 2
81 804 717 851 810 8320 0 0 1 2
81 769 717 817 810 8340 0 0 1 2
81 736 717 784 810 8360 0 0 1 2
81 703 721 750 814 8380 0 0 1 2
81 670 721 717 814 8400 0 0 1 2
81 637 725 684 818 8420 0 0 1 2
81 602 725 649 818 8440 0 0 1 2
81 567 725 615 818 8460 0 0 1 2
81 532 725 580 818 8480 0 0 1 2
81 495 717 543 810 8500 0 0 0 2
81 448 733 515 810 8520 0 0 1 2
81 407 737 484 802 8540 0 0 1 2
81 374 721 451 786 8560 0 0 0 2
81 336 717 411 790 8580 0 0 1 2
81 299 717 372 798 8600 0 0 1 2
81 262 713 336 798 8620 0 0 1 2
81 227 705 301 790 8640 0 0 1 2
81 190 701 264 786 8660 0 0 1 2
81 152 701 225 786 8680 0 0 1 2
81 113 701 187 786 8700 0 0 1 2
81 77 705 150 790 8720 0 0 0 2
81 44 717 117 802 8740 0 0 1 2
81 12 725 75 810 8760 0 0 1 2
81 0 725 38 810 8780 0 0 1 2
82 1215 814 1263 915 8371 0 0 1 1
82 1107 826 1154 927 8391 0 0 0 1
82 976 818 1024 919 8411 0 0 1 1
82 848 810 896 911 8431 0 0 0 1
82 716 826 763 927 8451 0 0 1 1
82 583 842 631 944 8471 0 0 0 1
82 449 834 497 936 8491 0 0 0 1
82 304 838 372 936 8511 0 0 1 1
82 154 842 253 931 8531 0 0 1 1
82 47 830 132 919 8551 0 0 1 1
83 55 1045 130 1154 8452 0 0 1 1
83 174 1049 249 1158 8472 0 0 1 1
83 299 1049 374 1158 8492 0 0 1 1
83 422 1053 506 1146 8512 0 0 1 1
83 548 1057 646 1122 8532 0 0 1 1
83 679 1041 776 1106 8552 0 0 1 1
83 798 1037 896 1102 8572 0 0 1 1
83 910 1041 1008 1106 8592 0 0 1 1
83 1022 1041 1120 1106 8612 0 0 1 1
83 1121 1033 1219 1098 8632 0 0 1 1
83 1217 1025 1310 1090 8652 0 0 1 1
84 62 1025 145 1102 6062 0 0 1 1
84 183 1021 266 1098 6082 0 0 1 1
84 301 1021 383 1098 6102 0 0 1 1
84 422 1013 504 1090 6122 0 0 1 1
84 536 1025 618 1102 6142 0 0 1 1
84 646 1033 728 1110 6162 0 0 1 1
84 763 1033 846 1110 6182 0 0 1 1
84 866 1029 951 1106 6202 0 0 1 1
84 965 1029 1050 1106 6222 0 0 1 1
84 1074 1029 1158 1106 6242 0 0 1 1
84 1171 1041 1255 1118 6262 0 0 1 1
84 1235 1045 1314 1122 6282 0 0 1 1
85 1118 692 1191 786 8866 0 0 1 2
85 1000 692 1074 786 8886 0 0 1 2
85 883 692 956 786 8906 0 0 1 2
85 763 696 835 786 8926 0 0 1 2
85 638 701 710 790 8946 0 0 1 2
85 514 705 585 794 8966 0 0 1 2
85 389 705 460 794 8986 0 0 1 2
85 271 705 343 794 9006 0 0 1 2
85 152 701 224 790 9026 0 0 1 2
86 1129 830 1213 956 8925 0 0 1 2
86 1017 834 1099 960 8945 0 0 1 2
86 903 842 987 964 8965 0 0 1 2
86 789 842 872 964 8985 0 0 1 2
86 662 842 745 964 9005 0 0 1 2
86 537 842 620 964 9025 0 0 1 2
87 1151 778 1206 907 5343 0 0 1 1
87 1044 778 1099 907 5363 0 0 1 1
87 938 782 993 911 5383 0 0 1 1
87 831 782 886 911 5403 0 0 1 1
87 725 786 780 915 5423 0 0 1 1
87 618 786 673 915 5443 0 0 1 1
87 497 786 552 915 5463 0 0 1 1
87 369 786 424 915 5483 0 0 1 1
87 235 782 291 911 5503 0 0 1 1
87 89 782 163 899 5523 0 0 1 1
88 879 830 962 948 5551 0 0 1 1
88 765 834 848 952 5571 0 0 1 1
88 653 838 736 956 5591 0 0 1 1
88 543 842 626 960 5611 0 0 1 1
88 429 834 512 952 5631 0 0 1 1
88 315 826 398 944 5651 0 0 1 1
88 198 834 280 952 5671 0 0 1 1
88 77 826 157 944 5691 0 0 1 1
89 126 1033 218 1167 5755 0 0 1 1
89 240 1037 332 1171 5775 0 0 1 1
89 356 1037 448 1175 5795 0 0 1 1
89 473 1029 565 1167 5815 0 0 1 1
89 593 1021 684 1158 5835 0 0 1 1
89 708 1004 800 1142 5855 0 0 1 1
89 824 984 916 1122 5875 0 0 1 1
89 940 980 1031 1118 5895 0 0 1 1
89 1055 984 1147 1122 5915 0 0 1 1
89 1178 976 1270 1114 5935 0 0 0 1
90 75 919 146 1049 5749 0 0 1 2
90 242 915 313 1045 5769 0 0 1 2
90 407 923 479 1061 5789 0 0 1 2
90 574 936 646 1073 5809 0 0 1 2
90 739 948 815 1081 5829 0 0 1 2
90 903 948 987 1081 5849 0 0 1 2
90 1061 952 1151 1085 5869 0 0 1 2
90 1191 972 1276 1106 5889 0 0 1 2
90 1239 980 1320 1114 5909 0 0 1 2
90 1239 980 1320 1114 5929 0 0 1 2
90 1239 980 1320 1114 5949 0 0 1 2
90 1239 980 1320 1114 5969 0 0 1 2
90 1239 980 1320 1114 5989 0 0 1 2
90 1239 980 1320 1114 6009 0 0 1 2
90 1239 980 1320 1114 6029 0 0 1 2
91 123 984 214 1110 5882 0 0 1 2
91 257 980 348 1106 5902 0 0 1 2
91 391 968 482 1102 5922 0 0 1 2
91 526 960 620 1098 5942 0 0 1 2
91 661 956 760 1090 5962 0 0 1 2
91 796 952 897 1090 5982 0 0 1 2
91 930 948 1031 1085 6002 0 0 1 2
91 1068 948 1169 1081 6022 0 0 1 2
92 1075 1815 1140 1912 5833 0 0 1 2
92 1068 1795 1132 1892 5853 0 0 1 2
92 1057 1770 1121 1868 5873 0 0 1 2
92 1041 1750 1103 1847 5893 0 0 1 2
92 1015 1746 1077 1843 5913 0 0 1 2
92 989 1750 1052 1847 5933 0 0 1 2
92 963 1762 1026 1859 5953 0 0 1 2
92 949 1766 1011 1863 5973 0 0 1 2
92 934 1791 997 1888 5993 0 0 1 2
92 940 1819 1009 1916 6013 0 0 1 2
93 11 960 93 1081 6161 0 0 1 1
93 99 960 181 1077 6181 0 0 1 1
93 200 972 284 1090 6201 0 0 1 1
93 299 968 383 1085 6221 0 0 1 1
93 394 968 479 1085 6241 0 0 1 1
93 492 964 576 1081 6261 0 0 1 1
93 589 960 673 1077 6281 0 0 1 1
93 681 964 765 1081 6301 0 0 1 1
93 778 976 862 1094 6321 0 0 1 1
93 870 980 954 1098 6341 0 0 1 1
93 952 984 1037 1102 6361 0 0 1 1
93 1061 984 1145 1102 6381 0 0 1 1
93 1153 980 1237 1098 6401 0 0 1 1
93 1226 960 1309 1077 6421 0 0 1 1
94 0 976 53 1077 10241 0 0 1 1
94 89 980 165 1081 10261 0 0 1 1
94 209 972 284 1073 10281 0 0 1 1
94 328 972 403 1073 10301 0 0 1 1
94 446 980 521 1081 10321 0 0 1 1
94 567 980 642 1081 10341 0 0 1 1
94 686 980 761 1081 10361 0 0 1 1
94 804 980 879 1081 10381 0 0 1 1
94 929 972 1004 1073 10401 0 0 1 1
94 1050 972 1125 1073 10421 0 0 1 1
94 1165 976 1241 1077 10441 0 0 1 1
94 1268 980 1320 1077 10461 0 0 1 1
95 268 960 330 1069 7345 0 0 1 1
95 471 968 534 1077 7365 0 0 1 1
95 677 976 739 1085 7385 0 0 1 1
95 881 980 943 1090 7405 0 0 1 1
95 1085 988 1147 1098 7425 0 0 1 1
96 1237 802 1279 899 9464 0 0 1 1
96 1127 806 1169 903 9484 0 0 1 1
96 1009 806 1055 907 9504 0 0 1 1
96 907 778 973 907 9524 0 0 1 1
96 773 786 840 915 9544 0 0 1 1
96 635 798 703 927 9564 0 0 1 1
96 504 802 572 931 9584 0 0 1 1
96 381 802 449 931 9604 0 0 1 1
96 253 802 321 931 9624 0 0 1 1
96 119 786 187 915 9644 0 0 1 1
96 9 773 75 903 9664 0 0 1 1
97 1198 838 1252 919 10277 0 0 1 1
97 1079 838 1142 919 10297 0 0 1 1
97 956 846 1022 923 10317 0 0 1 1
97 833 859 899 936 10337 0 0 1 1
97 708 863 774 940 10357 0 0 1 1
97 582 871 648 948 10377 0 0 1 1
97 451 871 517 948 10397 0 0 1 1
97 319 879 385 956 10417 0 0 1 1
97 187 887 253 964 10437 0 0 1 1
97 49 883 115 960 10457 0 0 1 1
97 0 887 27 964 10477 0 0 1 1
97 0 887 27 964 10497 0 0 1 1
97 0 887 27 964 10517 0 0 1 1
98 1171 790 1243 936 7475 0 0 1 1
98 1068 794 1140 944 7495 0 0 1 1
98 960 810 1033 936 7515 0 0 1 1
98 850 834 929 923 7535 0 0 1 1
98 739 850 822 915 7555 0 0 1 1
98 633 854 716 919 7575 0 0 1 1
98 526 863 609 927 7595 0 0 1 1
98 420 867 503 931 7615 0 0 1 1
98 310 871 392 936 7635 0 0 1 1
98 198 871 280 936 7655 0 0 1 1
98 88 871 170 936 7675 0 0 1 1
98 29 863 100 927 7695 0 0 1 1
99 1131 814 1219 923 12815 0 0 1 1
99 1008 802 1096 911 12835 0 0 1 1
99 886 794 974 903 12855 0 0 1 1
99 761 782 850 891 12875 0 0 1 1
99 631 778 719 887 12895 0 0 1 1
99 503 773 591 883 12915 0 0 1 1
99 372 769 460 875 12935 0 0 1 1
99 242 765 330 871 12955 0 0 1 1
99 146 769 222 875 12975 0 0 1 1
99 62 782 119 887 12995 0 0 1 1
100 1257 1146 1294 1211 688 0 0 1 2
100 1222 1146 1259 1211 708 0 0 1 2
100 1189 1146 1226 1211 728 0 0 1 2
100 1154 1146 1191 1207 748 0 0 1 2
100 1120 1146 1156 1207 768 0 0 1 2
100 1086 1142 1123 1207 788 0 0 1 2
100 1052 1142 1088 1207 808 0 0 1 2
100 1017 1142 1053 1203 828 0 0 1 2
100 982 1142 1019 1203 848 0 0 1 2
100 949 1142 985 1203 868 0 0 1 2
100 914 1142 951 1199 888 0 0 1 2
100 879 1138 916 1199 908 0 0 1 2
100 846 1138 883 1199 928 0 0 1 2
100 811 1138 848 1195 948 0 0 1 2
100 776 1138 813 1195 968 0 0 1 2
100 743 1138 780 1195 988 0 0 1 2
100 708 1138 745 1195 1008 0 0 1 2
100 672 1138 708 1195 1028 0 0 1 2
100 635 1138 672 1199 1048 0 0 1 2
100 598 1138 635 1203 1068 0 0 1 2
100 561 1142 598 1203 1088 0 0 1 2
100 525 1142 561 1207 1108 0 0 1 2
100 490 1142 525 1211 1128 0 0 1 2
100 453 1142 488 1211 1148 0 0 1 2
100 416 1142 451 1215 1168 0 0 1 2
100 380 1146 414 1215 1188 0 0 1 2
100 343 1146 378 1219 1208 0 0 1 2
100 306 1146 341 1223 1228 0 0 1 2
100 269 1146 304 1223 1248 0 0 1 2
100 247 1146 282 1223 1268 0 0 1 2
100 227 1146 262 1223 1288 0 0 1 2
100 207 1146 242 1223 1308 0 0 1 2
100 189 1146 224 1223 1328 0 0 0 2
100 135 1146 168 1223 1348 0 0 1 2
100 82 1146 115 1223 1368 0 0 1 2
100 29 1146 60 1223 1388 0 0 1 2
101 1243 879 1299 948 908 0 0 1 1
101 1112 883 1169 948 928 0 0 1 1
101 982 891 1039 952 948 0 0 1 1
101 846 891 903 952 968 0 0 1 1
101 708 891 765 952 988 0 0 1 1
101 571 891 627 952 1008 0 0 1 1
101 431 891 490 952 1028 0 0 1 1
101 293 895 352 952 1048 0 0 1 1
101 154 895 212 952 1068 0 0 1 1
101 22 899 78 956 1088 0 0 1 1
102 1127 854 1180 931 907 0 0 1 1
102 989 859 1042 936 927 0 0 1 1
102 853 867 907 944 947 0 0 0 1
102 714 859 767 936 967 0 0 1 1
102 576 854 629 931 987 0 0 1 1
102 438 854 492 927 1007 0 0 1 1
102 301 854 356 923 1027 0 0 1 1
102 161 859 218 919 1047 0 0 1 1
102 23 859 80 915 1067 0 0 1 1
103 1015 1187 1041 1243 1007 0 0 1 2
103 1052 1191 1077 1248 1027 0 0 1 2
103 1086 1195 1112 1252 1047 0 0 1 2
103 1120 1195 1145 1252 1067 0 0 1 2
103 1153 1191 1178 1248 1087 0 0 1 2
103 1184 1191 1209 1248 1107 0 0 1 2
103 1217 1191 1243 1248 1127 0 0 1 2
103 1250 1199 1276 1256 1147 0 0 1 2
103 1283 1211 1309 1268 1167 0 0 0 2
104 3 1183 62 1296 318 0 0 1 2
104 23 1183 84 1296 338 0 0 1 2
104 60 1183 121 1296 358 0 0 1 2
104 97 1171 157 1284 378 0 0 1 2
104 135 1167 196 1280 398 0 0 1 2
104 172 1167 233 1280 418 0 0 1 2
104 207 1171 268 1288 438 0 0 1 2
104 244 1175 304 1292 458 0 0 1 2
104 280 1171 341 1288 478 0 0 1 2
104 310 1179 370 1296 498 0 0 1 2
104 345 1187 402 1292 518 0 0 1 2
104 380 1191 433 1284 538 0 0 1 2
104 414 1195 466 1276 558 0 0 1 2
104 449 1199 497 1268 578 0 0 1 2
104 484 1207 528 1264 598 0 0 1 2
104 515 1207 560 1264 618 0 0 1 2
104 548 1207 593 1264 638 0 0 1 2
104 580 1211 624 1268 658 0 0 1 2
104 611 1211 655 1268 678 0 0 1 2
104 646 1211 690 1268 698 0 0 1 2
104 686 1211 730 1268 718 0 0 1 2
104 727 1211 771 1268 738 0 0 1 2
104 761 1207 806 1264 758 0 0 1 2
104 793 1207 837 1264 778 0 0 1 2
104 824 1203 868 1260 798 0 0 1 2
104 855 1203 899 1260 818 0 0 1 2
104 886 1199 930 1256 838 0 0 1 2
104 919 1195 963 1252 858 0 0 1 2
104 952 1195 997 1252 878 0 0 1 2
104 984 1191 1028 1248 898 0 0 1 2
104 1017 1191 1061 1248 918 0 0 1 2
104 1050 1195 1094 1252 938 0 0 1 2
104 1081 1203 1125 1260 958 0 0 1 2
104 1112 1207 1156 1264 978 0 0 1 2
104 1138 1207 1182 1264 998 0 0 1 2
104 1167 1215 1208 1272 1018 0 0 1 2
104 1197 1219 1233 1276 1038 0 0 1 2
104 1235 1223 1270 1280 1058 0 0 1 2
104 1276 1227 1310 1284 1078 0 0 1 2
105 1208 818 1248 895 1113 0 0 1 1
105 1085 826 1125 903 1133 0 0 1 1
105 963 830 1004 907 1153 0 0 1 1
105 842 834 883 911 1173 0 0 1 1
105 719 842 760 919 1193 0 0 1 1
105 598 846 638 923 1213 0 0 1 1
105 475 846 515 923 1233 0 0 1 1
105 350 842 391 919 1253 0 0 1 1
105 225 842 262 919 1273 0 0 1 1
105 99 842 135 919 1293 0 0 1 1
106 791 1803 840 1888 1115 0 0 1 1
106 798 1835 846 1920 1135 0 0 1 1
106 885 1803 932 1888 1155 0 0 1 1
106 989 1750 1037 1843 1175 0 0 1 1
106 1075 1730 1123 1823 1195 0 0 1 1
106 1153 1718 1200 1811 1215 0 0 1 1
107 1090 814 1171 923 12901 0 0 1 1
107 962 810 1044 919 12921 0 0 1 1
107 833 806 918 915 12941 0 0 1 1
107 714 806 798 915 12961 0 0 1 1
107 593 802 677 911 12981 0 0 1 1
107 473 802 556 907 13001 0 0 1 1
107 367 806 438 907 13021 0 0 1 1
107 260 810 321 907 13041 0 0 1 1
107 154 814 203 907 13061 0 0 1 1
107 47 818 84 907 13081 0 0 1 1
108 12 1171 71 1272 422 0 0 1 2
108 38 1171 97 1272 442 0 0 1 2
108 71 1175 130 1276 462 0 0 1 2
108 112 1175 170 1276 482 0 0 1 2
108 145 1171 203 1268 502 0 0 1 2
108 179 1175 236 1268 522 0 0 1 2
108 212 1183 268 1268 542 0 0 1 2
108 247 1187 301 1268 562 0 0 1 2
108 282 1191 336 1268 582 0 0 1 2
108 317 1191 370 1268 602 0 0 1 2
108 352 1191 405 1268 622 0 0 1 2
108 389 1191 442 1268 642 0 0 1 2
108 424 1191 477 1268 662 0 0 1 2
108 457 1187 510 1264 682 0 0 1 2
108 488 1183 541 1260 702 0 0 1 2
108 521 1183 574 1260 722 0 0 1 2
108 554 1179 607 1256 742 0 0 1 2
108 585 1179 638 1256 762 0 0 1 2
108 620 1179 673 1256 782 0 0 1 2
108 655 1179 708 1256 802 0 0 1 2
108 690 1183 743 1260 822 0 0 1 2
108 725 1183 778 1260 842 0 0 1 2
108 760 1187 813 1264 862 0 0 1 2
108 795 1191 848 1268 882 0 0 1 2
108 828 1191 881 1268 902 0 0 1 2
108 859 1191 912 1268 922 0 0 1 2
108 890 1195 943 1272 942 0 0 1 2
108 921 1195 974 1272 962 0 0 1 2
108 954 1195 1008 1272 982 0 0 1 2
108 956 1199 1009 1276 1002 0 0 1 2
108 956 1199 1009 1276 1022 0 0 1 2
109 1230 826 1292 923 461 0 0 0 1
109 1142 838 1204 940 481 0 0 0 1
109 1046 834 1109 936 501 0 0 1 1
109 956 830 1019 927 521 0 0 1 1
109 864 826 927 915 541 0 0 1 1
109 774 822 837 903 561 0 0 1 1
109 684 818 747 891 581 0 0 1 1
109 593 814 655 887 601 0 0 1 1
109 501 814 563 887 621 0 0 1 1
109 409 814 471 887 641 0 0 1 1
109 317 814 380 887 661 0 0 1 1
109 225 814 288 887 681 0 0 1 1
109 134 814 196 887 701 0 0 1 1
109 66 810 121 883 721 0 0 1 1
109 1 806 47 879 741 0 0 1 1
110 1151 879 1202 936 546 0 0 1 1
110 1030 875 1081 931 566 0 0 1 1
110 908 871 960 927 586 0 0 1 1
110 787 867 839 923 606 0 0 1 1
110 657 871 708 927 626 0 0 1 1
110 528 879 580 936 646 0 0 1 1
110 398 883 449 940 666 0 0 1 1
110 288 887 339 944 686 0 0 1 1
110 161 883 211 940 706 0 0 1 1
110 23 883 71 940 726 0 0 1 1
111 64 1118 110 1175 9466 0 0 1 2
111 97 1118 145 1175 9486 0 0 1 2
111 123 1106 176 1162 9506 0 0 1 2
111 135 1102 209 1158 9526 0 0 1 2
111 163 1106 242 1162 9546 0 0 1 2
111 201 1114 280 1171 9566 0 0 1 2
111 242 1110 321 1167 9586 0 0 1 2
111 279 1106 358 1162 9606 0 0 1 2
111 290 1106 369 1162 9626 0 0 1 2
111 324 1106 403 1162 9646 0 0 1 2
111 363 1110 442 1167 9666 0 0 1 2
111 400 1110 479 1167 9686 0 0 1 2
111 425 1106 504 1162 9706 0 0 1 2
111 451 1106 530 1162 9726 0 0 1 2
111 473 1110 552 1167 9746 0 0 1 2
111 497 1114 576 1171 9766 0 0 1 2
111 532 1114 609 1171 9786 0 0 1 2
111 565 1114 642 1171 9806 0 0 1 2
111 598 1114 675 1171 9826 0 0 1 2
111 629 1114 706 1171 9846 0 0 1 2
111 661 1114 738 1171 9866 0 0 1 2
111 695 1114 773 1171 9886 0 0 1 2
111 736 1114 813 1171 9906 0 0 1 2
111 774 1114 851 1171 9926 0 0 1 2
111 800 1118 877 1175 9946 0 0 1 2
111 817 1114 894 1171 9966 0 0 1 2
111 844 1102 921 1158 9986 0 0 1 2
111 866 1102 940 1158 10006 0 0 1 2
111 908 1110 969 1158 10026 0 0 1 2
111 951 1118 998 1158 10046 0 0 1 2
111 982 1118 1028 1158 10066 0 0 1 2
111 1011 1118 1057 1158 10086 0 0 1 2
111 1041 1118 1086 1158 10106 0 0 1 2
111 1068 1118 1114 1158 10126 0 0 1 2
111 1099 1114 1145 1154 10146 0 0 1 2
111 1131 1114 1176 1154 10166 0 0 1 2
111 1162 1114 1208 1154 10186 0 0 1 2
111 1193 1114 1239 1154 10206 0 0 1 2
111 1221 1110 1266 1150 10226 0 0 1 2
111 1248 1110 1294 1150 10246 0 0 1 2
111 1279 1110 1316 1150 10266 0 0 1 2
112 55 1061 95 1130 535 0 0 1 1
112 198 1057 238 1126 555 0 0 1 1
112 341 1049 381 1118 575 0 0 1 1
112 484 1045 525 1114 595 0 0 1 1
112 626 1045 666 1114 615 0 0 1 1
112 761 1049 804 1114 635 0 0 1 1
112 897 1049 940 1114 655 0 0 1 1
112 1033 1053 1077 1114 675 0 0 1 1
112 1169 1057 1213 1114 695 0 0 1 1
113 51 1061 95 1118 628 0 0 1 1
113 235 1065 279 1122 648 0 0 1 1
113 413 1069 457 1126 668 0 0 1 1
113 591 1069 635 1126 688 0 0 1 1
113 771 1069 815 1126 708 0 0 1 1
113 938 1065 982 1122 728 0 0 1 1
113 1107 1065 1151 1122 748 0 0 1 1
113 1266 1065 1310 1122 768 0 0 1 1
114 1219 117 1255 178 986 0 0 1 1
114 1156 85 1193 145 1006 0 0 1 1
114 1090 56 1127 113 1026 0 0 1 1
115 1072 988 1156 1138 14 0 0 1 1
115 1160 1000 1244 1150 34 0 0 1 1
115 1239 1004 1316 1154 54 0 0 1 1
116 51 1053 115 1154 194 0 0 1 1
116 148 1061 216 1162 214 0 0 1 1
116 264 1057 332 1158 234 0 0 1 1
116 380 1049 448 1150 254 0 0 1 1
116 490 1041 558 1142 274 0 0 1 1
116 600 1037 668 1138 294 0 0 1 1
116 708 1029 776 1130 314 0 0 1 1
116 818 1025 886 1126 334 0 0 1 1
116 927 1017 995 1118 354 0 0 1 1
116 1037 1021 1105 1122 374 0 0 1 1
116 1153 1029 1221 1130 394 0 0 1 1
116 1255 1033 1312 1134 414 0 0 1 1
117 1121 826 1195 931 222 0 0 1 1
117 954 838 1028 940 242 0 0 1 1
117 782 846 855 948 262 0 0 1 1
117 605 854 679 956 282 0 0 1 1
117 429 859 503 960 302 0 0 1 1
117 257 846 330 948 322 0 0 1 1
117 82 850 156 952 342 0 0 1 1
118 1221 842 1263 936 13022 0 0 1 1
118 1092 846 1134 940 13042 0 0 1 1
118 963 854 1006 948 13062 0 0 1 1
118 850 854 892 948 13082 0 0 1 1
118 739 850 782 944 13102 0 0 1 1
118 604 834 646 927 13122 0 0 1 1
118 471 826 514 919 13142 0 0 1 1
118 348 834 391 927 13162 0 0 1 1
118 227 838 269 931 13182 0 0 1 1
118 106 846 148 940 13202 0 0 1 1
119 905 1855 985 1908 7744 0 0 1 1
119 908 1839 987 1892 7764 0 0 1 1
119 910 1823 991 1876 7784 0 0 1 1
119 914 1807 995 1859 7804 0 0 1 1
119 918 1795 997 1843 7824 0 0 1 1
119 921 1778 1000 1827 7844 0 0 1 1
119 927 1762 1006 1815 7864 0 0 1 1
119 949 1754 1026 1815 7884 0 0 1 1
119 969 1742 1048 1815 7904 0 0 1 1
119 991 1734 1068 1815 7924 0 0 1 1
119 1011 1726 1088 1815 7944 0 0 1 1
119 1031 1714 1110 1815 7964 0 0 1 1
119 1046 1714 1123 1815 7984 0 0 1 1
119 1057 1722 1134 1823 8004 0 0 1 1
119 1068 1726 1145 1827 8024 0 0 1 1
120 1162 850 1208 944 13081 0 0 1 1
120 1039 850 1103 940 13101 0 0 1 1
120 896 850 960 940 13121 0 0 1 1
120 754 850 818 940 13141 0 0 1 1
120 615 854 679 944 13161 0 0 1 1
120 477 854 539 944 13181 0 0 1 1
120 337 859 402 948 13201 0 0 1 1
120 200 863 262 952 13221 0 0 1 1
120 60 867 124 956 13241 0 0 1 1
121 14 709 73 850 12371 0 0 1 2
121 40 717 99 859 12391 0 0 1 2
121 67 725 126 867 12411 0 0 1 2
121 93 737 152 879 12431 0 0 1 2
121 124 737 183 879 12451 0 0 1 2
121 154 741 212 883 12471 0 0 1 2
121 185 741 244 883 12491 0 0 1 2
121 224 745 280 875 12511 0 0 1 2
121 268 753 323 854 12531 0 0 1 2
121 312 757 367 834 12551 0 0 1 2
121 367 757 422 834 12571 0 0 1 2
121 422 757 477 834 12591 0 0 1 2
121 477 757 532 834 12611 0 0 1 2
121 532 757 587 834 12631 0 0 1 2
121 569 757 624 834 12651 0 0 1 2
121 605 761 661 834 12671 0 0 1 2
121 638 761 694 834 12691 0 0 1 2
121 670 757 725 830 12711 0 0 1 2
121 701 753 756 826 12731 0 0 1 2
121 734 749 789 822 12751 0 0 1 2
121 769 745 824 818 12771 0 0 1 2
121 804 741 859 814 12791 0 0 1 2
121 837 741 892 814 12811 0 0 1 2
121 872 741 927 814 12831 0 0 1 2
121 907 741 962 814 12851 0 0 1 2
121 941 741 997 814 12871 0 0 1 2
121 974 741 1030 814 12891 0 0 1 2
121 1009 741 1064 814 12911 0 0 1 2
121 1044 741 1099 814 12931 0 0 1 2
121 1077 737 1132 810 12951 0 0 1 2
121 1112 733 1167 806 12971 0 0 1 2
121 1145 729 1200 802 12991 0 0 1 2
121 1178 725 1230 802 13011 0 0 1 2
121 1209 725 1255 802 13031 0 0 1 2
121 1241 725 1281 802 13051 0 0 1 2
121 1272 725 1307 802 13071 0 0 1 2
122 1165 757 1243 927 7152 0 0 1 1
122 1061 761 1138 931 7172 0 0 1 1
122 958 769 1035 940 7192 0 0 1 1
122 853 778 930 948 7212 0 0 1 1
122 749 786 826 956 7232 0 0 1 1
122 644 790 721 960 7252 0 0 1 1
122 517 782 594 952 7272 0 0 1 1
122 391 773 468 944 7292 0 0 1 1
122 264 765 341 936 7312 0 0 1 1
122 137 757 214 927 7332 0 0 1 1
122 34 761 110 931 7352 0 0 1 1
123 1195 802 1235 887 6916 0 0 1 1
123 1086 806 1127 891 6936 0 0 1 1
123 976 806 1017 891 6956 0 0 1 1
123 868 810 908 895 6976 0 0 1 1
123 758 810 798 895 6996 0 0 1 1
123 649 810 692 899 7016 0 0 1 1
123 541 806 583 899 7036 0 0 1 1
123 431 798 475 899 7056 0 0 1 1
123 323 794 369 903 7076 0 0 1 1
123 212 790 260 903 7096 0 0 1 1
123 104 786 154 903 7116 0 0 1 1
124 1261 790 1288 895 6985 0 0 1 1
124 1160 794 1189 899 7005 0 0 1 1
124 1039 798 1072 899 7025 0 0 1 1
124 916 802 956 903 7045 0 0 1 1
124 795 806 839 903 7065 0 0 1 1
124 673 810 723 907 7085 0 0 1 1
124 552 814 607 907 7105 0 0 1 1
124 431 818 490 907 7125 0 0 1 1
124 308 822 374 911 7145 0 0 1 1
124 187 826 257 911 7165 0 0 1 1
124 40 830 112 915 7185 0 0 1 1
125 908 1138 969 1195 6015 0 0 1 2
125 894 1138 954 1195 6035 0 0 1 2
125 879 1138 941 1191 6055 0 0 1 2
125 864 1138 927 1191 6075 0 0 1 2
125 850 1138 912 1191 6095 0 0 1 2
125 835 1138 897 1191 6115 0 0 1 2
125 820 1138 883 1191 6135 0 0 1 2
125 806 1138 868 1191 6155 0 0 1 2
125 791 1138 853 1191 6175 0 0 1 2
125 776 1138 839 1191 6195 0 0 1 2
125 761 1138 824 1191 6215 0 0 1 2
125 747 1138 809 1191 6235 0 0 1 2
125 734 1142 796 1195 6255 0 0 1 2
125 727 1142 789 1195 6275 0 0 1 2
125 721 1142 784 1195 6295 0 0 1 2
125 716 1142 778 1195 6315 0 0 1 2
125 708 1142 771 1195 6335 0 0 1 2
125 703 1142 765 1195 6355 0 0 1 2
125 697 1142 760 1195 6375 0 0 1 2
125 690 1142 752 1195 6395 0 0 1 2
125 675 1142 738 1195 6415 0 0 1 2
125 657 1142 719 1195 6435 0 0 1 2
125 638 1146 701 1199 6455 0 0 1 2
125 620 1146 683 1199 6475 0 0 1 2
125 602 1146 664 1199 6495 0 0 1 2
125 585 1150 644 1203 6515 0 0 1 2
125 567 1150 624 1203 6535 0 0 1 2
125 550 1150 604 1203 6555 0 0 1 2
125 534 1150 582 1203 6575 0 0 1 2
125 515 1150 561 1203 6595 0 0 1 2
125 499 1150 541 1203 6615 0 0 1 2
125 482 1150 521 1203 6635 0 0 1 2
125 464 1150 499 1203 6655 0 0 1 2
125 448 1150 479 1203 6675 0 0 1 2
125 347 1158 380 1207 6695 0 0 1 2
125 337 1154 370 1203 6715 0 0 1 2
125 339 1150 372 1199 6735 0 0 1 2
125 341 1142 374 1191 6755 0 0 1 2
125 343 1138 376 1187 6775 0 0 1 2
125 343 1134 376 1183 6795 0 0 1 2
125 323 1134 356 1183 6815 0 0 1 2
125 301 1134 334 1183 6835 0 0 1 2
125 280 1134 313 1183 6855 0 0 1 2
125 260 1134 293 1183 6875 0 0 1 2
125 240 1134 273 1183 6895 0 0 1 2
125 218 1134 251 1183 6915 0 0 1 2
125 198 1134 231 1183 6935 0 0 1 2
125 178 1134 211 1183 6955 0 0 1 2
125 157 1134 190 1183 6975 0 0 1 2
125 135 1134 168 1183 6995 0 0 1 2
125 115 1134 157 1191 7015 0 0 1 2
125 93 1134 148 1203 7035 0 0 1 2
125 78 1134 135 1203 7055 0 0 1 2
125 64 1134 121 1203 7075 0 0 1 2
125 51 1130 108 1199 7095 0 0 1 2
125 38 1126 95 1195 7115 0 0 1 2
125 23 1126 80 1195 7135 0 0 1 2
126 1243 1118 1296 1195 5587 0 0 1 2
126 1222 1114 1276 1191 5607 0 0 1 2
126 1206 1110 1257 1187 5627 0 0 1 2
126 1191 1110 1243 1187 5647 0 0 1 2
126 1178 1110 1228 1187 5667 0 0 1 2
126 1164 1110 1213 1187 5687 0 0 1 2
126 1151 1122 1200 1199 5707 0 0 1 2
126 1136 1134 1186 1211 5727 0 0 1 2
126 1121 1146 1171 1223 5747 0 0 1 2
126 1101 1146 1151 1223 5767 0 0 1 2
126 1083 1146 1132 1223 5787 0 0 1 2
126 1063 1146 1112 1223 5807 0 0 1 2
126 1044 1146 1094 1223 5827 0 0 1 2
126 1026 1146 1075 1223 5847 0 0 1 2
126 1011 1146 1059 1223 5867 0 0 1 2
126 997 1146 1041 1223 5887 0 0 1 2
126 980 1150 1024 1227 5907 0 0 1 2
126 969 1150 1013 1227 5927 0 0 1 2
126 956 1154 1000 1231 5947 0 0 1 2
126 943 1158 987 1235 5967 0 0 1 2
126 932 1158 976 1235 5987 0 0 1 2
126 916 1150 962 1227 6007 0 0 1 2
126 901 1150 947 1223 6027 0 0 1 2
126 885 1150 932 1215 6047 0 0 1 2
126 868 1150 918 1211 6067 0 0 1 2
126 851 1150 905 1203 6087 0 0 1 2
126 837 1150 890 1203 6107 0 0 1 2
126 824 1150 877 1203 6127 0 0 1 2
126 811 1154 864 1207 6147 0 0 1 2
126 798 1154 851 1207 6167 0 0 1 2
126 785 1158 839 1211 6187 0 0 1 2
126 773 1158 826 1211 6207 0 0 1 2
126 760 1162 813 1215 6227 0 0 1 2
126 749 1162 802 1215 6247 0 0 1 2
126 739 1167 793 1219 6267 0 0 1 2
126 732 1167 785 1219 6287 0 0 1 2
126 725 1167 778 1219 6307 0 0 1 2
126 717 1167 771 1219 6327 0 0 1 2
126 710 1167 763 1219 6347 0 0 1 2
126 703 1167 756 1219 6367 0 0 1 2
126 695 1167 749 1219 6387 0 0 1 2
126 684 1167 738 1219 6407 0 0 1 2
126 668 1167 721 1219 6427 0 0 1 2
126 651 1167 705 1219 6447 0 0 1 2
126 635 1171 688 1223 6467 0 0 1 2
126 616 1171 670 1223 6487 0 0 1 2
126 600 1175 653 1227 6507 0 0 1 2
126 583 1175 637 1227 6527 0 0 1 2
126 567 1175 618 1227 6547 0 0 1 2
126 550 1175 602 1227 6567 0 0 1 2
126 534 1175 583 1227 6587 0 0 1 2
126 517 1179 565 1231 6607 0 0 1 2
126 501 1179 548 1231 6627 0 0 1 2
126 486 1179 530 1231 6647 0 0 1 2
126 470 1179 514 1231 6667 0 0 1 2
126 396 1191 440 1243 6687 0 0 1 2
126 337 1199 381 1252 6707 0 0 1 2
126 341 1195 385 1248 6727 0 0 1 2
126 345 1191 389 1243 6747 0 0 1 2
126 347 1187 391 1239 6767 0 0 1 2
126 350 1183 394 1235 6787 0 0 1 2
126 337 1179 381 1231 6807 0 0 1 2
126 317 1179 361 1231 6827 0 0 1 2
126 297 1175 341 1227 6847 0 0 1 2
126 277 1171 321 1223 6867 0 0 1 2
126 257 1171 301 1223 6887 0 0 1 2
126 235 1167 279 1219 6907 0 0 1 2
126 214 1167 258 1219 6927 0 0 1 2
126 194 1162 238 1215 6947 0 0 1 2
126 174 1158 218 1211 6967 0 0 1 2
126 154 1158 198 1211 6987 0 0 1 2
126 134 1158 179 1219 7007 0 0 1 2
126 115 1167 168 1243 7027 0 0 1 2
126 99 1171 157 1260 7047 0 0 1 2
126 84 1171 143 1260 7067 0 0 1 2
126 69 1171 128 1260 7087 0 0 1 2
126 55 1171 113 1260 7107 0 0 1 2
126 40 1171 99 1260 7127 0 0 1 2
126 25 1171 86 1260 7147 0 0 1 2
127 1274 1126 1303 1187 5417 0 0 1 2
127 1266 1122 1296 1183 5437 0 0 1 2
127 1259 1118 1288 1179 5457 0 0 1 2
127 1250 1114 1279 1175 5477 0 0 1 2
127 1243 1114 1272 1175 5497 0 0 1 2
127 1232 1110 1263 1171 5517 0 0 1 2
127 1219 1106 1254 1171 5537 0 0 1 2
127 1206 1098 1244 1171 5557 0 0 1 2
127 1193 1094 1235 1171 5577 0 0 1 2
127 1180 1090 1226 1171 5597 0 0 1 2
127 1167 1085 1217 1171 5617 0 0 1 2
127 1156 1081 1206 1171 5637 0 0 1 2
127 1143 1077 1197 1171 5657 0 0 1 2
127 1131 1073 1187 1171 5677 0 0 1 2
127 1118 1069 1178 1171 5697 0 0 1 2
127 1103 1069 1165 1171 5717 0 0 1 2
127 1085 1073 1147 1175 5737 0 0 1 2
127 1066 1077 1129 1179 5757 0 0 1 2
127 1048 1081 1110 1183 5777 0 0 1 2
127 1030 1085 1092 1187 5797 0 0 1 2
127 1009 1090 1074 1191 5817 0 0 1 2
127 991 1090 1055 1191 5837 0 0 1 2
127 973 1090 1037 1191 5857 0 0 1 2
127 954 1090 1019 1191 5877 0 0 1 2
127 936 1090 1000 1191 5897 0 0 1 2
127 918 1090 982 1191 5917 0 0 1 2
127 899 1090 963 1191 5937 0 0 1 2
127 881 1090 945 1191 5957 0 0 1 2
127 862 1090 927 1191 5977 0 0 1 2
127 844 1090 908 1191 5997 0 0 1 2
127 831 1094 896 1187 6017 0 0 1 2
127 818 1102 885 1183 6037 0 0 1 2
127 806 1110 872 1183 6057 0 0 1 2
127 793 1118 861 1179 6077 0 0 1 2
127 780 1126 848 1179 6097 0 0 1 2
127 763 1126 831 1179 6117 0 0 1 2
127 749 1126 817 1179 6137 0 0 1 2
127 734 1126 802 1179 6157 0 0 1 2
127 721 1122 789 1175 6177 0 0 1 2
127 716 1122 784 1175 6197 0 0 1 2
127 710 1122 778 1175 6217 0 0 1 2
127 705 1122 773 1175 6237 0 0 1 2
127 699 1122 767 1175 6257 0 0 1 2
127 694 1122 761 1175 6277 0 0 1 2
127 684 1122 750 1175 6297 0 0 1 2
127 673 1126 741 1179 6317 0 0 1 2
127 664 1126 732 1179 6337 0 0 1 2
127 655 1130 721 1183 6357 0 0 1 2
127 646 1130 712 1187 6377 0 0 1 2
127 637 1130 703 1187 6397 0 0 1 2
127 626 1134 694 1191 6417 0 0 1 2
127 616 1134 683 1191 6437 0 0 1 2
127 600 1134 666 1191 6457 0 0 1 2
127 583 1130 649 1187 6477 0 0 1 2
127 565 1126 631 1183 6497 0 0 1 2
127 545 1126 607 1183 6517 0 0 1 2
127 523 1126 582 1183 6537 0 0 1 2
127 503 1126 558 1183 6557 0 0 1 2
127 482 1126 532 1183 6577 0 0 1 2
127 460 1126 508 1183 6597 0 0 1 2
127 440 1126 482 1183 6617 0 0 1 2
127 420 1126 459 1183 6637 0 0 1 2
127 398 1126 433 1183 6657 0 0 1 2
127 374 1130 405 1187 6677 0 0 1 2
127 271 1142 297 1207 6697 0 0 0 2
127 282 1130 308 1195 6717 0 0 1 2
127 293 1118 319 1183 6737 0 0 1 2
127 304 1110 330 1175 6757 0 0 1 2
127 315 1098 341 1162 6777 0 0 1 2
127 291 1110 317 1175 6797 0 0 1 2
127 271 1110 297 1175 6817 0 0 1 2
127 251 1110 277 1175 6837 0 0 1 2
127 231 1110 257 1175 6857 0 0 1 2
127 211 1110 236 1175 6877 0 0 1 2
127 190 1110 216 1175 6897 0 0 1 2
127 170 1110 196 1175 6917 0 0 1 2
127 150 1110 176 1175 6937 0 0 1 2
127 130 1110 156 1175 6957 0 0 1 2
127 110 1110 135 1175 6977 0 0 1 2
127 89 1110 115 1175 6997 0 0 1 2
127 58 1106 102 1187 7017 0 0 1 2
127 23 1102 89 1203 7037 0 0 1 2
127 14 1098 82 1203 7057 0 0 1 2
127 9 1094 78 1199 7077 0 0 1 2
127 3 1094 73 1199 7097 0 0 1 2
128 1244 1175 1292 1284 6441 0 0 1 2
128 1217 1179 1265 1288 6461 0 0 1 2
128 1178 1175 1226 1284 6481 0 0 1 2
128 1134 1175 1182 1280 6501 0 0 1 2
128 1092 1179 1138 1280 6521 0 0 1 2
128 1048 1183 1092 1280 6541 0 0 1 2
128 1006 1187 1048 1280 6561 0 0 1 2
128 962 1191 1004 1276 6581 0 0 1 2
128 919 1199 958 1276 6601 0 0 1 2
128 875 1203 914 1276 6621 0 0 1 2
128 829 1203 866 1272 6641 0 0 1 2
128 776 1199 813 1268 6661 0 0 1 2
128 710 1211 747 1280 6681 0 0 1 2
128 649 1219 686 1288 6701 0 0 1 2
128 626 1215 662 1284 6721 0 0 1 2
128 602 1211 638 1280 6741 0 0 1 2
128 580 1211 616 1280 6761 0 0 1 2
128 556 1207 593 1276 6781 0 0 1 2
128 514 1207 550 1276 6801 0 0 1 2
128 470 1207 506 1276 6821 0 0 1 2
128 424 1207 460 1276 6841 0 0 1 2
128 380 1207 416 1276 6861 0 0 1 2
128 336 1207 372 1276 6881 0 0 1 2
128 291 1207 328 1276 6901 0 0 1 2
128 247 1207 284 1276 6921 0 0 1 2
128 203 1207 240 1276 6941 0 0 1 2
128 159 1207 196 1276 6961 0 0 1 2
128 113 1207 150 1276 6981 0 0 1 2
128 71 1203 108 1276 7001 0 0 1 2
128 38 1199 100 1276 7021 0 0 1 2
129 1197 830 1268 956 7061 0 0 1 1
129 1085 830 1156 956 7081 0 0 1 1
129 973 830 1044 956 7101 0 0 1 1
129 861 826 932 952 7121 0 0 1 1
129 749 826 820 952 7141 0 0 1 1
129 627 826 697 952 7161 0 0 1 1
129 497 834 567 960 7181 0 0 1 1
129 367 842 436 968 7201 0 0 1 1
129 236 846 306 972 7221 0 0 1 1
129 106 854 176 980 7241 0 0 1 1
130 1265 842 1318 927 4751 0 0 1 1
130 1158 850 1228 931 4771 0 0 1 1
130 1055 859 1125 940 4791 0 0 1 1
130 954 863 1024 944 4811 0 0 1 1
130 851 863 921 944 4831 0 0 1 1
130 747 863 817 944 4851 0 0 1 1
130 640 859 710 940 4871 0 0 1 1
130 534 859 604 940 4891 0 0 1 1
130 429 859 499 940 4911 0 0 1 1
130 326 854 396 936 4931 0 0 1 1
130 222 850 291 931 4951 0 0 1 1
130 117 846 187 927 4971 0 0 1 1
130 16 842 82 923 4991 0 0 1 1
131 1110 863 1173 964 5071 0 0 1 1
131 995 863 1055 964 5091 0 0 1 1
131 877 863 940 964 5111 0 0 1 1
131 730 854 793 956 5131 0 0 1 1
131 591 854 653 956 5151 0 0 1 1
131 475 854 537 956 5171 0 0 1 1
131 321 859 383 964 5191 0 0 1 1
131 194 859 257 964 5211 0 0 1 1
131 69 854 132 960 5231 0 0 1 1
132 1158 867 1230 960 5151 0 0 1 1
132 1033 863 1105 956 5171 0 0 1 1
132 907 859 978 952 5191 0 0 1 1
132 782 854 853 948 5211 0 0 1 1
132 655 850 727 944 5231 0 0 1 1
132 528 850 600 944 5251 0 0 1 1
132 400 846 471 940 5271 0 0 1 1
132 273 842 345 936 5291 0 0 1 1
132 146 842 218 936 5311 0 0 1 1
132 40 838 112 931 5331 0 0 1 1
136 411 1094 512 1215 3514 0 0 1 2
136 372 1090 473 1211 3534 0 0 1 2
136 334 1085 435 1207 3554 0 0 1 2
136 299 1085 398 1207 3574 0 0 1 2
136 264 1085 363 1207 3594 0 0 1 2
136 229 1085 328 1207 3614 0 0 1 2
136 194 1085 293 1207 3634 0 0 1 2
136 159 1090 258 1211 3654 0 0 1 2
136 123 1094 222 1215 3674 0 0 1 2
136 77 1094 176 1215 3694 0 0 1 2
136 34 1106 134 1227 3714 0 0 1 2
136 12 1110 112 1231 3734 0 0 1 2
137 1265 1154 1310 1227 3116 0 0 1 2
137 1235 1154 1281 1227 3136 0 0 1 2
137 1206 1150 1252 1223 3156 0 0 1 2
137 1176 1146 1222 1219 3176 0 0 1 2
137 1147 1146 1193 1219 3196 0 0 1 2
137 1120 1150 1165 1223 3216 0 0 1 2
137 1092 1158 1138 1231 3236 0 0 1 2
137 1064 1158 1110 1231 3256 0 0 1 2
137 1035 1158 1081 1231 3276 0 0 1 2
137 1002 1158 1048 1231 3296 0 0 1 2
137 967 1167 1013 1239 3316 0 0 1 2
137 932 1171 978 1243 3336 0 0 1 2
137 905 1179 951 1252 3356 0 0 1 2
137 877 1183 923 1256 3376 0 0 1 2
137 846 1183 892 1256 3396 0 0 1 2
137 817 1183 862 1256 3416 0 0 1 2
137 791 1183 837 1256 3436 0 0 1 2
137 765 1183 811 1256 3456 0 0 1 2
137 732 1183 778 1256 3476 0 0 1 2
137 701 1179 747 1252 3496 0 0 1 2
137 666 1150 719 1260 3516 0 0 1 2
137 629 1142 694 1276 3536 0 0 1 2
137 594 1154 675 1292 3556 0 0 1 2
137 561 1150 644 1288 3576 0 0 1 2
137 530 1142 613 1280 3596 0 0 1 2
137 497 1142 580 1280 3616 0 0 1 2
137 464 1138 547 1276 3636 0 0 1 2
137 438 1134 521 1272 3656 0 0 1 2
137 413 1126 495 1264 3676 0 0 1 2
137 387 1122 470 1260 3696 0 0 1 2
137 354 1118 436 1256 3716 0 0 1 2
137 319 1114 402 1252 3736 0 0 0 2
137 290 1122 372 1260 3756 0 0 1 2
137 260 1134 343 1272 3776 0 0 1 2
137 227 1146 310 1284 3796 0 0 1 2
137 198 1150 280 1288 3816 0 0 1 2
137 170 1150 253 1288 3836 0 0 1 2
137 137 1154 220 1292 3856 0 0 1 2
137 102 1158 185 1296 3876 0 0 1 2
137 69 1162 152 1300 3896 0 0 1 2
137 42 1150 124 1288 3916 0 0 1 2
137 18 1142 93 1280 3936 0 0 1 2
138 1239 834 1303 980 3536 0 0 1 1
138 1123 842 1187 984 3556 0 0 1 1
138 1008 854 1072 992 3576 0 0 1 1
138 885 834 949 972 3596 0 0 1 1
138 758 822 822 960 3616 0 0 1 1
138 635 826 697 964 3636 0 0 1 1
138 506 822 569 960 3656 0 0 1 1
138 370 814 433 952 3676 0 0 1 1
138 242 822 304 960 3696 0 0 1 1
138 119 794 181 931 3716 0 0 1 1
139 1233 830 1301 911 3427 0 0 1 1
139 1147 830 1215 911 3447 0 0 1 1
139 1057 830 1125 911 3467 0 0 1 1
139 960 830 1028 911 3487 0 0 1 1
139 850 818 921 915 3507 0 0 1 1
139 734 798 813 936 3527 0 0 1 1
139 622 826 703 964 3547 0 0 1 1
139 525 830 605 968 3567 0 0 1 1
139 420 810 501 948 3587 0 0 1 1
139 310 786 391 923 3607 0 0 1 1
139 200 782 280 919 3627 0 0 1 1
139 100 761 181 899 3647 0 0 1 1
140 112 968 212 1098 3776 0 0 1 1
140 174 984 275 1114 3796 0 0 1 1
140 246 972 347 1102 3816 0 0 0 1
140 315 980 416 1110 3836 0 0 1 1
140 345 972 446 1102 3856 0 0 1 1
140 416 968 517 1102 3876 0 0 1 1
140 486 944 587 1081 3896 0 0 1 1
140 578 936 677 1073 3916 0 0 1 1
140 651 927 750 1065 3936 0 0 1 1
140 736 927 835 1065 3956 0 0 1 1
140 824 931 923 1069 3976 0 0 1 1
140 894 931 993 1069 3996 0 0 1 1
140 965 931 1068 1065 4016 0 0 1 1
140 1035 940 1145 1065 4036 0 0 1 1
140 1105 948 1221 1065 4056 0 0 1 1
140 1175 952 1287 1065 4076 0 0 1 1
140 1233 952 1320 1065 4096 0 0 1 1
141 5 1073 60 1158 3071 0 0 1 2
141 25 1061 80 1146 3091 0 0 1 2
141 45 1045 100 1130 3111 0 0 1 2
141 73 1037 128 1122 3131 0 0 1 2
141 100 1029 156 1114 3151 0 0 1 2
141 123 1017 178 1102 3171 0 0 1 2
141 139 992 194 1077 3191 0 0 1 2
141 157 968 212 1053 3211 0 0 1 2
141 178 952 233 1037 3231 0 0 1 2
141 200 931 255 1017 3251 0 0 1 2
141 218 907 273 992 3271 0 0 1 2
141 238 887 293 972 3291 0 0 1 2
141 260 867 315 952 3311 0 0 1 2
141 288 854 343 940 3331 0 0 1 2
141 313 842 369 927 3351 0 0 1 2
141 337 826 392 911 3371 0 0 1 2
141 356 810 411 895 3391 0 0 1 2
141 374 794 429 879 3411 0 0 1 2
141 392 778 448 863 3431 0 0 1 2
141 414 761 470 846 3451 0 0 1 2
141 436 749 492 834 3471 0 0 1 2
141 455 741 510 826 3491 0 0 1 2
141 479 729 539 814 3511 0 0 1 2
141 503 713 572 806 3531 0 0 1 2
141 526 701 607 798 3551 0 0 0 2
141 548 696 631 794 3571 0 0 1 2
141 572 692 655 790 3591 0 0 1 2
141 602 692 684 790 3611 0 0 1 2
141 629 692 712 790 3631 0 0 1 2
141 657 696 739 794 3651 0 0 1 2
141 684 688 767 786 3671 0 0 1 2
141 714 680 796 778 3691 0 0 1 2
141 738 676 820 773 3711 0 0 1 2
141 761 684 842 782 3731 0 0 1 2
141 784 688 864 786 3751 0 0 1 2
141 813 684 899 782 3771 0 0 1 2
141 844 680 938 778 3791 0 0 1 2
141 872 680 971 778 3811 0 0 1 2
141 894 680 993 778 3831 0 0 1 2
141 916 680 1015 778 3851 0 0 1 2
141 938 676 1037 773 3871 0 0 1 2
141 963 676 1063 773 3891 0 0 1 2
141 989 676 1088 773 3911 0 0 1 2
141 1009 680 1110 778 3931 0 0 1 2
141 1033 688 1134 786 3951 0 0 1 2
141 1063 696 1164 794 3971 0 0 1 2
141 1107 696 1182 790 3991 0 0 1 2
141 1143 692 1209 786 4011 0 0 1 2
141 1171 688 1243 786 4031 0 0 1 2
141 1200 684 1276 782 4051 0 0 1 2
141 1228 684 1309 782 4071 0 0 1 2
141 1257 684 1320 782 4091 0 0 1 2
141 1274 684 1320 782 4111 0 0 1 2
142 1187 846 1277 984 3744 0 0 1 1
142 1114 838 1202 976 3764 0 0 1 1
142 1028 834 1114 964 3784 0 0 1 1
142 941 830 1028 960 3804 0 0 1 1
142 868 822 954 952 3824 0 0 0 1
142 789 826 870 956 3844 0 0 1 1
142 697 810 778 940 3864 0 0 1 1
142 611 802 692 940 3884 0 0 1 1
142 521 806 602 944 3904 0 0 1 1
142 444 806 525 944 3924 0 0 1 1
142 374 794 455 931 3944 0 0 1 1
142 271 794 352 931 3964 0 0 1 1
142 192 802 273 940 3984 0 0 1 1
142 115 810 200 940 4004 0 0 1 1
142 51 830 146 931 4024 0 0 1 1
142 0 842 89 919 4044 0 0 1 1
143 113 1008 249 1114 4044 0 0 1 1
143 212 1004 348 1110 4064 0 0 1 1
143 312 996 448 1102 4084 0 0 1 1
143 407 996 543 1102 4104 0 0 1 1
143 493 1004 629 1110 4124 0 0 1 1
143 580 1017 716 1122 4144 0 0 1 1
143 670 1017 806 1122 4164 0 0 1 1
143 760 1013 896 1118 4184 0 0 1 1
143 850 1013 985 1118 4204 0 0 1 1
143 934 1004 1070 1110 4224 0 0 1 1
143 1011 996 1147 1102 4244 0 0 1 1
143 1066 1004 1202 1110 4264 0 0 1 1
143 1112 1004 1248 1110 4284 0 0 1 1
143 1162 1004 1294 1110 4304 0 0 1 1
143 1209 1017 1320 1122 4324 0 0 1 1
143 1235 1021 1320 1126 4344 0 0 1 1
144 0 1150 29 1231 10317 0 0 1 2
144 0 1150 60 1227 10337 0 0 1 2
144 18 1162 89 1239 10357 0 0 1 2
144 49 1162 121 1239 10377 0 0 1 2
144 84 1158 156 1235 10397 0 0 1 2
144 117 1158 189 1235 10417 0 0 1 2
144 152 1154 224 1231 10437 0 0 1 2
144 189 1154 260 1231 10457 0 0 1 2
144 225 1154 297 1231 10477 0 0 1 2
144 255 1150 326 1227 10497 0 0 1 2
144 286 1138 352 1223 10517 0 0 1 2
144 317 1126 378 1219 10537 0 0 1 2
144 350 1114 403 1215 10557 0 0 1 2
144 381 1102 427 1215 10577 0 0 1 2
144 405 1073 451 1187 10597 0 0 1 2
144 429 1045 475 1158 10617 0 0 1 2
144 449 1017 495 1130 10637 0 0 1 2
144 466 992 512 1106 10657 0 0 1 2
144 481 964 526 1077 10677 0 0 1 2
144 497 936 543 1049 10697 0 0 1 2
144 519 903 565 1017 10717 0 0 1 2
144 539 875 585 988 10737 0 0 1 2
144 560 846 605 960 10757 0 0 1 2
144 583 818 629 931 10777 0 0 1 2
144 607 790 653 903 10797 0 0 1 2
144 633 765 679 879 10817 0 0 1 2
144 662 753 708 867 10837 0 0 1 2
144 695 741 741 854 10857 0 0 1 2
144 727 733 773 846 10877 0 0 1 2
144 758 725 804 838 10897 0 0 1 2
144 789 717 835 830 10917 0 0 1 2
144 818 709 864 822 10937 0 0 1 2
144 848 701 894 814 10957 0 0 1 2
144 879 692 925 806 10977 0 0 1 2
144 908 684 954 798 10997 0 0 1 2
144 936 684 989 794 11017 0 0 1 2
144 962 684 1024 790 11037 0 0 1 2
144 989 684 1059 786 11057 0 0 1 2
144 1019 684 1094 782 11077 0 0 1 2
144 1053 680 1129 778 11097 0 0 1 2
144 1088 680 1164 778 11117 0 0 1 2
144 1120 680 1195 778 11137 0 0 1 2
144 1151 680 1226 778 11157 0 0 1 2
144 1182 676 1257 773 11177 0 0 1 2
144 1228 688 1292 786 11197 0 0 0 2
145 1189 794 1254 911 11012 0 0 0 1
145 1112 806 1175 911 11032 0 0 1 1
145 1035 822 1097 915 11052 0 0 1 1
145 958 834 1020 915 11072 0 0 1 1
145 873 822 936 903 11092 0 0 1 1
145 787 810 851 891 11112 0 0 1 1
145 703 810 765 891 11132 0 0 1 1
145 616 810 681 891 11152 0 0 1 1
145 526 810 589 891 11172 0 0 1 1
145 431 814 493 895 11192 0 0 1 1
145 341 814 403 895 11212 0 0 1 1
145 253 814 315 895 11232 0 0 1 1
145 161 814 224 895 11252 0 0 1 1
146 1241 891 1299 980 11009 0 0 1 1
146 1164 891 1222 980 11029 0 0 1 1
146 1085 895 1143 984 11049 0 0 1 1
146 995 895 1053 984 11069 0 0 1 1
146 903 891 962 984 11089 0 0 1 1
146 811 887 870 984 11109 0 0 1 1
146 728 891 787 988 11129 0 0 1 1
146 646 895 705 992 11149 0 0 1 1
146 556 875 613 956 11169 0 0 1 1
146 462 875 519 948 11189 0 0 1 1
146 372 883 429 956 11209 0 0 1 1
146 284 883 341 956 11229 0 0 1 1
146 187 887 244 952 11249 0 0 1 1
147 23 972 102 1090 5983 0 0 1 1
147 185 984 264 1102 6003 0 0 1 1
147 356 1004 442 1126 6023 0 0 1 1
147 517 992 607 1114 6043 0 0 1 1
147 672 976 761 1098 6063 0 0 1 1
147 824 968 914 1085 6083 0 0 1 1
147 976 956 1066 1073 6103 0 0 1 1
147 1118 956 1208 1073 6123 0 0 1 1
148 1189 782 1288 927 5969 0 0 1 1
148 1052 773 1153 911 5989 0 0 1 1
148 899 798 993 927 6009 0 0 1 1
148 749 846 829 952 6029 0 0 1 1
148 585 846 666 952 6049 0 0 1 1
148 427 846 508 952 6069 0 0 1 1
148 275 846 356 952 6089 0 0 1 1
148 113 846 194 952 6109 0 0 1 1
148 1 842 80 944 6129 0 0 1 1
149 929 1673 993 1770 4019 0 0 1 2
149 929 1677 993 1774 4039 0 0 1 2
149 927 1677 991 1774 4059 0 0 1 2
149 927 1681 991 1778 4079 0 0 1 2
149 927 1685 991 1782 4099 0 0 1 2
149 925 1685 989 1782 4119 0 0 1 2
149 925 1689 989 1786 4139 0 0 1 2
149 923 1689 987 1786 4159 0 0 1 2
149 923 1693 987 1791 4179 0 0 1 2
149 923 1697 987 1795 4199 0 0 1 2
149 921 1697 985 1795 4219 0 0 1 2
149 921 1701 985 1799 4239 0 0 1 2
149 921 1705 985 1803 4259 0 0 1 2
149 919 1705 984 1803 4279 0 0 1 2
149 919 1709 984 1807 4299 0 0 1 2
149 918 1709 982 1807 4319 0 0 1 2
149 918 1714 982 1811 4339 0 0 1 2
149 918 1718 982 1815 4359 0 0 1 2
149 916 1718 980 1815 4379 0 0 1 2
149 916 1722 980 1819 4399 0 0 1 2
149 916 1722 980 1819 4419 0 0 1 2
149 892 1746 956 1843 4439 0 0 1 2
149 868 1770 932 1868 4459 0 0 1 2
149 842 1791 907 1888 4479 0 0 1 2
149 822 1831 886 1924 4499 0 0 1 2
149 793 1884 839 1932 4519 0 0 1 2
149 763 1908 806 1936 4539 0 0 1 2
150 901 1851 962 1920 4559 0 0 1 1
150 901 1823 962 1904 4579 0 0 1 1
150 905 1799 963 1888 4599 0 0 1 1
150 910 1791 969 1880 4619 0 0 1 1
150 941 1774 1000 1863 4639 0 0 1 1
150 967 1762 1026 1851 4659 0 0 1 1
150 985 1754 1044 1843 4679 0 0 1 1
150 1009 1746 1068 1835 4699 0 0 1 1
150 1033 1742 1092 1831 4719 0 0 1 1
150 1061 1734 1120 1823 4739 0 0 1 1
150 1075 1734 1134 1823 4759 0 0 1 1
150 1079 1734 1138 1823 4779 0 0 1 1
150 1083 1734 1142 1823 4799 0 0 1 1
150 1096 1742 1154 1831 4819 0 0 1 1
150 1109 1746 1167 1835 4839 0 0 1 1
150 1129 1746 1187 1835 4859 0 0 1 1
150 1160 1738 1219 1827 4879 0 0 1 1
150 1191 1734 1250 1823 4899 0 0 1 1
150 1233 1718 1292 1807 4919 0 0 1 1
150 1285 1701 1318 1791 4939 0 0 1 1
151 1235 1203 1276 1284 5500 0 0 0 2
151 1180 1207 1226 1300 5520 0 0 1 2
151 1138 1215 1186 1312 5540 0 0 1 2
151 1110 1215 1156 1312 5560 0 0 1 2
151 1074 1211 1120 1308 5580 0 0 1 2
151 1039 1215 1085 1312 5600 0 0 1 2
151 1011 1211 1055 1308 5620 0 0 1 2
151 974 1203 1019 1300 5640 0 0 1 2
151 940 1207 984 1304 5660 0 0 1 2
151 907 1211 951 1308 5680 0 0 1 2
151 872 1211 916 1308 5700 0 0 1 2
151 837 1211 881 1308 5720 0 0 1 2
151 806 1215 850 1312 5740 0 0 1 2
151 774 1211 818 1308 5760 0 0 1 2
151 741 1207 785 1304 5780 0 0 1 2
151 705 1211 749 1308 5800 0 0 1 2
151 673 1207 717 1304 5820 0 0 1 2
151 635 1207 679 1304 5840 0 0 1 2
151 596 1207 640 1304 5860 0 0 1 2
151 574 1211 618 1308 5880 0 0 1 2
151 534 1219 578 1316 5900 0 0 1 2
151 490 1215 534 1312 5920 0 0 1 2
151 453 1211 497 1308 5940 0 0 1 2
151 418 1211 462 1308 5960 0 0 1 2
151 385 1211 429 1308 5980 0 0 1 2
151 352 1219 396 1316 6000 0 0 0 2
151 319 1215 370 1304 6020 0 0 1 2
151 288 1211 347 1292 6040 0 0 1 2
151 255 1211 321 1284 6060 0 0 1 2
151 224 1211 293 1280 6080 0 0 1 2
151 192 1215 262 1284 6100 0 0 1 2
151 161 1215 231 1284 6120 0 0 1 2
151 128 1215 198 1284 6140 0 0 1 2
151 91 1211 161 1280 6160 0 0 1 2
151 55 1211 124 1280 6180 0 0 0 2
151 27 1211 91 1280 6200 0 0 1 2
151 0 1211 60 1280 6220 0 0 0 2
152 31 976 132 1065 4580 0 0 0 1
152 161 984 262 1073 4600 0 0 1 1
152 293 992 394 1081 4620 0 0 1 1
152 420 996 521 1085 4640 0 0 1 1
152 541 996 642 1085 4660 0 0 1 1
152 664 996 765 1085 4680 0 0 1 1
152 791 996 892 1085 4700 0 0 1 1
152 918 996 1019 1085 4720 0 0 0 1
152 1033 1004 1134 1094 4740 0 0 1 1
152 1151 1017 1252 1106 4760 0 0 0 1
153 1213 761 1296 944 11459 0 0 0 1
153 1096 778 1178 960 11479 0 0 1 1
153 969 786 1063 964 11499 0 0 1 1
153 851 810 941 940 11519 0 0 1 1
153 736 838 822 919 11539 0 0 1 1
153 611 834 697 911 11559 0 0 1 1
153 488 830 574 907 11579 0 0 1 1
153 358 826 444 903 11599 0 0 1 1
153 227 826 313 903 11619 0 0 1 1
153 82 826 168 903 11639 0 0 1 1
153 3 802 56 879 11659 0 0 1 1
154 1129 778 1230 915 11340 0 0 1 1
154 985 769 1086 907 11360 0 0 1 1
154 850 778 951 915 11380 0 0 1 1
154 714 790 815 927 11400 0 0 1 1
154 578 798 679 936 11420 0 0 1 1
154 455 806 556 944 11440 0 0 1 1
154 326 814 427 952 11460 0 0 1 1
154 196 818 295 956 11480 0 0 1 1
154 77 806 176 944 11500 0 0 0 1
154 0 859 84 927 11520 0 0 0 1
155 69 1025 189 1146 11499 0 0 1 1
155 192 1037 324 1146 11519 0 0 1 1
155 317 1041 455 1146 11539 0 0 1 1
155 438 1037 576 1142 11559 0 0 1 1
155 552 1037 690 1142 11579 0 0 1 1
155 679 1025 817 1130 11599 0 0 1 1
155 785 1025 923 1130 11619 0 0 1 1
155 897 1013 1035 1118 11639 0 0 1 1
155 1009 1013 1147 1118 11659 0 0 1 1
155 1118 1017 1255 1122 11679 0 0 1 1
155 1243 1021 1320 1126 11699 0 0 1 1
156 67 960 194 1081 11560 0 0 1 2
156 222 976 350 1098 11580 0 0 1 2
156 392 976 521 1098 11600 0 0 1 2
156 556 984 684 1106 11620 0 0 1 2
156 714 992 842 1114 11640 0 0 1 2
156 866 980 995 1102 11660 0 0 1 2
156 1019 960 1147 1081 11680 0 0 1 2
156 1167 952 1272 1073 11700 0 0 1 2
157 1237 818 1318 927 11630 0 0 0 1
157 1134 810 1215 919 11650 0 0 0 1
157 1024 794 1105 903 11670 0 0 0 1
157 910 786 991 895 11690 0 0 0 1
157 789 782 870 891 11710 0 0 0 1
157 670 786 750 895 11730 0 0 1 1
157 547 786 627 895 11750 0 0 1 1
157 422 786 503 895 11770 0 0 0 1
157 306 765 385 879 11790 0 0 0 1
157 185 778 264 891 11810 0 0 0 1
157 60 786 139 899 11830 0 0 0 1
158 1257 822 1320 907 6050 0 0 0 1
158 1169 822 1232 907 6070 0 0 1 1
158 1066 822 1129 907 6090 0 0 1 1
158 962 822 1024 907 6110 0 0 1 1
158 855 822 918 907 6130 0 0 1 1
158 750 826 813 911 6150 0 0 1 1
158 646 826 708 911 6170 0 0 1 1
158 541 826 604 911 6190 0 0 1 1
158 438 826 501 911 6210 0 0 1 1
158 330 830 392 915 6230 0 0 1 1
158 220 834 282 919 6250 0 0 1 1
158 112 830 174 915 6270 0 0 1 1
158 11 830 73 915 6290 0 0 1 1
159 143 976 224 1077 6120 0 0 1 1
159 297 976 378 1073 6140 0 0 1 1
159 457 964 537 1061 6160 0 0 1 1
159 616 968 697 1065 6180 0 0 1 1
159 767 960 848 1061 6200 0 0 1 1
159 914 952 995 1053 6220 0 0 1 1
159 1057 948 1138 1049 6240 0 0 1 1
159 1197 956 1277 1057 6260 0 0 1 1
160 980 1000 1064 1110 6007 0 0 1 1
160 1116 996 1200 1098 6027 0 0 1 1
160 1241 1013 1310 1114 6047 0 0 1 1
161 873 1847 936 1936 6017 0 0 1 2
162 1160 802 1233 899 11857 0 0 1 1
162 1053 826 1127 923 11877 0 0 1 1
162 951 834 1024 931 11897 0 0 1 1
162 839 834 912 931 11917 0 0 1 1
162 736 846 809 944 11937 0 0 1 1
162 626 842 699 940 11957 0 0 1 1
162 515 850 589 948 11977 0 0 1 1
162 405 871 479 968 11997 0 0 1 1
162 293 859 378 964 12017 0 0 1 1
162 181 838 279 960 12037 0 0 1 1
162 93 826 183 948 12057 0 0 1 1
162 11 818 89 940 12077 0 0 1 1
163 1156 826 1217 911 11958 0 0 1 1
163 1039 822 1099 907 11978 0 0 1 1
163 914 822 974 907 11998 0 0 1 1
163 782 826 857 919 12018 0 0 1 1
163 649 826 741 931 12038 0 0 1 1
163 515 826 626 944 12058 0 0 1 1
163 385 826 504 948 12078 0 0 1 1
163 262 826 381 948 12098 0 0 1 1
163 137 826 257 948 12118 0 0 1 1
163 25 790 145 911 12138 0 0 1 1
164 1184 802 1257 936 12058 0 0 1 1
164 1028 802 1101 936 12078 0 0 1 1
164 870 806 943 940 12098 0 0 1 1
164 710 814 784 948 12118 0 0 1 1
164 550 818 624 952 12138 0 0 1 1
164 391 826 464 960 12158 0 0 1 1
164 235 826 304 960 12178 0 0 1 1
164 88 826 143 960 12198 0 0 1 1
165 12 948 400 1134 12169 0 0 1 5
165 34 948 422 1134 12189 0 0 1 5
165 49 952 604 1134 12209 0 0 1 5
165 67 952 664 1134 12229 0 0 1 5
165 192 964 789 1146 12249 0 0 1 5
165 326 976 923 1158 12269 0 0 1 5
165 493 984 1090 1167 12289 0 0 1 5
165 627 972 1224 1154 12309 0 0 1 5
165 739 964 1316 1146 12329 0 0 1 5
165 873 972 1320 1154 12349 0 0 1 5
165 1008 968 1320 1150 12369 0 0 1 5
165 1125 972 1320 1154 12389 0 0 1 5
166 1250 672 1307 765 12078 0 0 1 2
166 1217 676 1274 769 12098 0 0 1 2
166 1186 680 1243 773 12118 0 0 1 2
166 1154 684 1211 778 12138 0 0 1 2
166 1121 684 1178 778 12158 0 0 1 2
166 1081 684 1138 778 12178 0 0 1 2
166 1039 684 1096 778 12198 0 0 1 2
166 997 680 1053 773 12218 0 0 1 2
166 956 680 1013 773 12238 0 0 1 2
166 914 676 971 769 12258 0 0 1 2
166 872 676 929 769 12278 0 0 1 2
166 829 676 886 769 12298 0 0 1 2
166 784 676 840 769 12318 0 0 1 2
166 738 676 795 769 12338 0 0 1 2
166 692 676 749 769 12358 0 0 1 2
166 646 676 703 769 12378 0 0 1 2
166 600 676 657 769 12398 0 0 1 2
166 554 676 611 769 12418 0 0 1 2
166 508 676 565 769 12438 0 0 1 2
166 455 680 512 773 12458 0 0 1 2
166 400 680 457 773 12478 0 0 1 2
166 345 680 402 773 12498 0 0 1 2
166 312 680 370 773 12518 0 0 1 2
166 280 680 343 773 12538 0 0 1 2
166 249 680 313 773 12558 0 0 1 2
166 218 676 284 769 12578 0 0 1 2
166 187 676 257 769 12598 0 0 1 2
166 156 676 227 769 12618 0 0 1 2
166 132 676 196 765 12638 0 0 1 2
166 110 676 167 765 12658 0 0 1 2
166 93 676 145 765 12678 0 0 1 2
166 86 680 141 765 12698 0 0 1 2
166 7 676 42 765 12718 0 0 1 2
166 0 676 31 769 12738 0 0 1 2
167 49 1134 88 1227 13076 0 0 1 2
167 150 1134 189 1227 13096 0 0 1 2
167 249 1134 288 1227 13116 0 0 1 2
167 350 1134 389 1227 13136 0 0 0 2
167 438 1130 477 1223 13156 0 0 1 2
167 526 1130 565 1223 13176 0 0 1 2
167 616 1130 655 1223 13196 0 0 1 2
167 705 1130 743 1223 13216 0 0 1 2
167 789 1130 828 1223 13236 0 0 1 2
167 872 1134 910 1227 13256 0 0 1 2
167 954 1138 993 1231 13276 0 0 1 2
167 1037 1142 1075 1235 13296 0 0 1 2
167 1120 1146 1158 1239 13316 0 0 1 2
167 1204 1154 1241 1248 13336 0 0 1 2
