0 15 1252 81 1365 1030 0 0 0 1
0 122 1277 190 1386 1050 0 0 1 1
0 231 1307 299 1411 1070 0 0 0 1
0 306 1369 374 1474 1090 0 0 1 1
0 386 1407 453 1512 1110 0 0 1 1
0 465 1420 532 1525 1130 0 0 1 1
0 532 1420 600 1525 1150 0 0 1 1
0 592 1411 659 1516 1170 0 0 1 1
0 651 1403 718 1508 1190 0 0 1 1
0 711 1395 778 1499 1210 0 0 0 1
0 746 1357 814 1462 1230 0 0 1 1
0 782 1323 849 1428 1250 0 0 1 1
0 808 1269 875 1374 1270 0 0 1 1
0 827 1202 895 1307 1290 0 0 1 1
0 821 1139 889 1244 1310 0 0 1 1
0 780 1072 847 1177 1330 0 0 1 1
0 724 1001 792 1106 1350 0 0 1 1
0 681 921 748 1026 1370 0 0 1 1
0 651 833 718 938 1390 0 0 0 1
0 637 720 705 825 1410 0 0 1 1
0 637 603 705 708 1430 0 0 1 1
0 639 481 707 590 1450 0 0 1 1
0 647 364 714 469 1470 0 0 1 1
0 659 238 726 343 1490 0 0 0 1
0 665 117 720 209 1510 0 0 1 1
1 1317 1156 1404 1282 1220 0 0 0 1
1 1218 1147 1305 1273 1240 0 0 1 1
1 1122 1139 1210 1261 1260 0 0 1 1
1 1027 1122 1115 1244 1280 0 0 0 1
1 946 1106 1033 1227 1300 0 0 0 1
1 887 1089 974 1210 1320 0 0 0 1
1 835 1055 922 1177 1340 0 0 0 1
1 772 1001 859 1122 1360 0 0 0 1
1 728 942 815 1064 1380 0 0 0 1
1 701 900 788 1022 1400 0 1 1 1
1 645 816 732 938 1420 0 0 0 1
1 625 749 713 871 1440 0 0 1 1
1 611 674 699 796 1460 0 0 1 1
1 606 586 693 708 1480 0 0 0 1
1 608 498 695 620 1500 0 0 0 1
1 617 406 695 519 1520 0 0 1 1
1 627 314 697 418 1540 0 0 1 1
1 637 226 699 318 1560 0 0 1 1
1 647 134 701 217 1580 0 0 1 1
1 657 41 703 117 1600 0 0 1 1
2 645 1889 701 1969 880 0 0 1 1
2 631 1822 689 1902 900 0 0 1 1
2 651 1763 709 1839 920 0 0 1 1
2 683 1700 740 1776 940 0 0 1 1
2 730 1654 788 1730 960 0 0 1 1
2 784 1612 841 1688 980 0 0 1 1
2 829 1592 887 1667 1000 0 0 0 1
2 863 1575 926 1667 1020 0 0 1 1
2 899 1562 966 1667 1040 0 0 1 1
2 934 1550 1006 1667 1060 0 0 1 1
2 962 1529 1035 1650 1080 0 0 1 1
2 984 1504 1057 1625 1100 0 0 1 1
2 1008 1478 1081 1600 1120 0 0 0 1
2 1010 1474 1083 1596 1140 0 0 1 1
2 1012 1474 1085 1596 1160 0 0 1 1
2 1014 1474 1087 1596 1180 0 0 1 1
2 1016 1474 1089 1596 1200 0 0 1 1
2 1018 1470 1091 1592 1220 0 0 1 1
2 1019 1470 1093 1592 1240 0 0 1 1
2 1021 1470 1095 1592 1260 0 0 1 1
2 1023 1470 1097 1592 1280 0 0 1 1
2 1025 1470 1099 1592 1300 0 0 1 1
2 1027 1462 1101 1583 1320 0 0 1 1
2 1027 1453 1101 1575 1340 0 0 1 1
2 1027 1445 1101 1566 1360 0 0 1 1
2 1029 1437 1103 1558 1380 0 0 1 1
2 1029 1428 1103 1550 1400 0 0 1 1
2 1029 1420 1103 1541 1420 0 0 1 1
2 1031 1411 1105 1533 1440 0 0 0 1
2 1021 1374 1095 1495 1460 0 0 1 1
2 1012 1336 1085 1462 1480 0 0 1 1
2 990 1286 1063 1411 1500 0 0 0 1
2 980 1256 1047 1336 1520 0 0 1 1
2 944 1189 1012 1294 1540 0 0 1 1
2 907 1118 974 1248 1560 0 0 1 1
2 861 1051 928 1194 1580 0 0 1 1
2 808 992 875 1135 1600 0 0 1 1
2 754 934 821 1076 1620 0 0 0 1
2 744 871 812 1013 1640 0 0 1 1
2 701 791 768 934 1660 0 0 1 1
2 625 695 693 837 1680 0 0 0 1
2 625 590 693 733 1700 0 0 1 1
2 627 485 695 628 1720 0 0 1 1
2 627 385 695 527 1740 0 0 1 1
2 629 280 697 423 1760 0 0 1 1
2 631 180 699 322 1780 0 0 0 1
2 635 87 703 217 1800 0 0 1 1
3 1362 1147 1412 1227 1820 0 0 0 6
3 1283 1152 1332 1231 1840 0 0 1 6
3 1190 1152 1239 1231 1860 0 0 0 6
3 1103 1131 1152 1210 1880 0 0 1 6
3 1018 1114 1067 1194 1900 0 0 1 6
3 936 1101 986 1181 1920 0 0 0 6
3 865 1055 913 1135 1940 0 0 1 6
3 802 1009 849 1089 1960 0 0 0 6
3 750 951 798 1030 1980 0 0 1 6
4 1326 1181 1364 1248 1950 0 0 1 6
4 1184 1164 1222 1231 1970 0 0 1 6
4 1041 1139 1079 1206 1990 0 0 1 6
4 901 1101 938 1168 2010 0 0 1 6
4 762 1064 800 1131 2030 0 0 1 6
5 1297 1173 1340 1235 1998 0 0 1 6
5 1210 1173 1253 1231 2018 0 0 1 6
6 17 1261 79 1365 1287 0 0 1 1
6 79 1269 140 1374 1307 0 0 1 1
6 126 1277 188 1382 1327 0 0 1 1
6 144 1277 205 1382 1347 0 0 1 1
6 144 1282 205 1386 1367 0 0 1 1
6 140 1282 202 1386 1387 0 0 1 1
6 136 1286 198 1390 1407 0 0 1 1
6 132 1286 194 1390 1427 0 0 1 1
6 132 1290 194 1395 1447 0 0 1 1
6 130 1290 192 1395 1467 0 0 1 1
6 128 1298 190 1403 1487 0 0 1 1
6 126 1307 188 1407 1507 0 0 1 1
6 122 1332 182 1420 1527 0 0 1 1
6 120 1353 178 1428 1547 0 0 1 1
6 116 1374 174 1441 1567 0 0 1 1
6 114 1399 170 1457 1587 0 0 1 1
6 112 1424 168 1483 1607 0 0 1 1
6 110 1453 166 1512 1627 0 0 1 1
6 148 1499 202 1558 1647 0 0 1 1
6 194 1554 245 1612 1667 0 0 1 1
6 253 1587 305 1646 1687 0 0 1 1
6 316 1617 368 1675 1707 0 0 1 1
6 376 1646 427 1705 1727 0 0 1 1
6 431 1680 483 1738 1747 0 0 1 1
7 1378 1420 1416 1504 146 0 0 1 2
7 1354 1420 1392 1504 166 0 0 1 2
7 1332 1420 1370 1504 186 0 0 1 2
7 1307 1420 1344 1504 206 0 0 1 2
7 1281 1424 1319 1508 226 0 0 1 2
7 1277 1428 1315 1512 246 0 0 1 2
7 1247 1432 1285 1516 266 0 0 1 2
7 1200 1428 1237 1512 286 0 0 1 2
7 1170 1428 1208 1512 306 0 0 1 2
7 1146 1428 1184 1512 326 0 0 1 2
7 1124 1432 1162 1516 346 0 0 1 2
7 1103 1441 1140 1525 366 0 0 1 2
7 1079 1445 1117 1529 386 0 0 1 2
7 1051 1462 1089 1545 406 0 0 1 2
7 1019 1466 1057 1550 426 0 0 1 2
7 992 1474 1029 1558 446 0 0 1 2
7 966 1483 1004 1566 466 0 0 1 2
7 942 1491 980 1575 486 0 0 1 2
7 913 1495 952 1583 506 0 0 1 2
7 885 1499 930 1600 526 0 0 1 2
7 859 1504 909 1617 546 0 0 1 2
7 837 1508 887 1617 566 0 0 1 2
7 817 1508 867 1617 586 0 0 1 2
7 794 1529 843 1633 606 0 0 1 2
7 772 1554 821 1654 626 0 0 1 2
7 744 1575 794 1675 646 0 0 1 2
7 716 1587 766 1688 666 0 0 1 2
7 685 1587 734 1688 686 0 0 1 2
7 655 1587 705 1688 706 0 0 1 2
7 629 1583 679 1684 726 0 0 1 2
7 602 1579 651 1680 746 0 0 1 2
7 580 1571 629 1671 766 0 0 1 2
7 558 1562 608 1663 786 0 0 1 2
7 530 1566 580 1667 806 0 0 1 2
7 501 1571 550 1671 826 0 0 1 2
7 473 1575 522 1675 846 0 0 1 2
7 449 1571 499 1671 866 0 0 1 2
7 425 1566 475 1667 886 0 0 1 2
7 398 1558 447 1659 906 0 0 1 2
7 370 1550 419 1650 926 0 0 1 2
7 344 1541 394 1642 946 0 0 1 2
7 318 1537 368 1638 966 0 0 1 2
7 293 1529 342 1629 986 0 0 1 2
7 267 1525 318 1625 1006 0 0 1 2
7 237 1512 295 1617 1026 0 0 1 2
7 207 1504 273 1608 1046 0 0 1 2
7 178 1491 249 1604 1066 0 0 1 2
7 148 1483 227 1596 1086 0 0 1 2
7 126 1470 207 1583 1106 0 0 1 2
7 106 1453 188 1566 1126 0 0 1 2
7 85 1445 166 1558 1146 0 0 1 2
7 51 1437 132 1550 1166 0 0 1 2
7 17 1424 99 1537 1186 0 0 1 2
7 1 1407 77 1520 1206 0 0 1 2
7 0 1424 29 1466 1591 0 0 1 2
8 431 1705 475 1788 1055 0 0 1 2
8 423 1684 467 1768 1075 0 0 1 2
8 415 1663 459 1747 1095 0 0 1 2
8 404 1642 447 1726 1115 0 0 1 2
8 386 1625 429 1709 1135 0 0 1 2
8 370 1612 413 1696 1155 0 0 1 2
8 352 1596 396 1680 1175 0 0 1 2
8 336 1583 380 1667 1195 0 0 1 2
8 322 1566 366 1654 1215 0 0 1 2
8 308 1554 352 1642 1235 0 0 1 2
8 293 1537 336 1625 1255 0 0 1 2
8 279 1525 322 1612 1275 0 0 1 2
8 263 1512 306 1600 1295 0 0 1 2
8 247 1495 291 1583 1315 0 0 1 2
8 231 1483 275 1571 1335 0 0 1 2
8 213 1470 257 1558 1355 0 0 1 2
8 196 1457 239 1545 1375 0 0 1 2
8 178 1445 221 1533 1395 0 0 1 2
8 160 1437 203 1525 1415 0 0 1 2
8 144 1424 188 1512 1435 0 0 1 2
8 124 1416 168 1504 1455 0 0 1 2
8 102 1403 146 1491 1475 0 0 1 2
8 83 1395 126 1483 1495 0 0 1 2
8 67 1432 102 1474 1515 0 0 1 2
8 47 1428 83 1474 1535 0 0 1 2
8 27 1424 63 1470 1555 0 0 1 2
8 9 1416 45 1466 1575 0 0 1 2
8 1 1399 29 1449 1595 0 0 1 2
9 215 951 273 1059 1015 0 0 1 2
9 205 955 263 1064 1035 0 0 1 2
9 198 959 255 1068 1055 0 0 1 2
9 196 959 253 1068 1075 0 0 1 2
9 196 959 253 1068 1095 0 0 1 2
9 196 959 253 1068 1115 0 0 1 2
9 198 959 255 1068 1135 0 0 1 2
9 198 959 255 1068 1155 0 0 1 2
9 198 959 255 1068 1175 0 0 1 2
9 198 955 255 1064 1195 0 0 1 2
9 200 955 257 1064 1215 0 0 1 2
9 200 955 257 1064 1235 0 0 1 2
9 200 955 257 1064 1255 0 0 1 2
9 200 955 257 1064 1275 0 0 1 2
9 202 955 259 1064 1295 0 0 1 2
9 202 951 259 1059 1315 0 0 1 2
9 202 951 259 1059 1335 0 0 1 2
9 203 951 261 1059 1355 0 0 1 2
9 203 951 261 1059 1375 0 0 1 2
9 203 951 261 1059 1395 0 0 1 2
9 203 951 261 1059 1415 0 0 1 2
9 209 938 267 1047 1435 0 0 1 2
9 215 925 273 1034 1455 0 0 1 2
9 221 913 279 1022 1475 0 0 1 2
9 227 900 287 1009 1495 0 0 1 2
9 233 875 287 984 1515 0 0 1 2
9 239 846 287 951 1535 0 0 1 2
9 243 816 285 917 1555 0 0 1 2
9 249 787 285 884 1575 0 0 1 2
9 249 758 279 850 1595 0 0 1 2
9 231 728 261 821 1615 0 0 1 2
9 211 703 241 796 1635 0 0 1 2
9 194 674 223 766 1655 0 0 1 2
9 178 653 207 745 1675 0 0 1 2
10 1321 1210 1390 1311 885 0 0 1 1
10 1281 1210 1350 1311 905 0 0 1 1
10 1231 1206 1301 1307 925 0 0 1 1
10 1182 1206 1251 1307 945 0 0 1 1
10 1142 1227 1212 1328 965 0 0 1 1
10 1113 1235 1182 1336 985 0 0 1 1
10 1091 1240 1160 1340 1005 0 0 1 1
10 1087 1240 1156 1340 1025 0 0 1 1
10 1083 1244 1154 1344 1045 0 0 1 1
10 1077 1248 1150 1344 1065 0 0 1 1
10 1073 1248 1146 1344 1085 0 0 1 1
10 1069 1252 1142 1349 1105 0 0 1 1
10 1065 1256 1138 1349 1125 0 0 1 1
10 1059 1256 1136 1353 1145 0 0 1 1
10 1055 1261 1132 1353 1165 0 0 1 1
10 1051 1265 1128 1357 1185 0 0 1 1
10 1045 1265 1124 1357 1205 0 0 1 1
10 1041 1269 1119 1361 1225 0 0 1 1
10 1035 1269 1115 1361 1245 0 0 1 1
10 1019 1290 1099 1378 1265 0 0 1 1
10 998 1311 1077 1399 1285 0 0 1 1
10 982 1344 1061 1432 1305 0 0 1 1
10 966 1386 1045 1474 1325 0 0 1 1
10 952 1424 1031 1512 1345 0 0 1 1
10 938 1466 1018 1554 1365 0 0 1 1
10 922 1504 1002 1592 1385 0 0 1 1
10 891 1541 970 1629 1405 0 0 1 1
10 851 1575 930 1663 1425 0 0 1 1
10 812 1608 891 1696 1445 0 0 1 1
10 766 1633 845 1721 1465 0 0 1 1
10 718 1650 798 1738 1485 0 0 1 1
10 683 1684 760 1768 1505 0 0 1 1
10 667 1730 734 1801 1525 0 0 1 1
10 651 1772 707 1835 1545 0 0 1 1
10 641 1826 693 1885 1565 0 0 1 1
10 633 1885 683 1943 1585 0 0 1 1
10 617 1939 667 1994 1605 0 0 1 1
10 615 1956 665 2006 1655 0 1 1 1
11 1352 1185 1418 1286 894 0 0 1 1
11 1324 1194 1392 1294 914 0 0 1 1
11 1285 1198 1354 1298 934 0 0 1 1
11 1233 1198 1303 1298 954 0 0 1 1
11 1192 1194 1261 1294 974 0 0 1 1
11 1152 1194 1222 1294 994 0 0 1 1
11 1136 1189 1206 1290 1014 0 0 1 1
11 1128 1189 1200 1290 1034 0 0 1 1
11 1120 1189 1194 1290 1054 0 0 1 1
11 1113 1189 1188 1290 1074 0 0 1 1
11 1105 1189 1180 1290 1094 0 0 1 1
11 1097 1189 1174 1290 1114 0 0 1 1
11 1089 1189 1168 1290 1134 0 0 1 1
11 1081 1189 1162 1290 1154 0 0 1 1
11 1073 1189 1154 1290 1174 0 0 1 1
11 1069 1189 1152 1290 1194 0 0 1 1
11 1067 1194 1150 1294 1214 0 0 1 1
11 1063 1202 1146 1302 1234 0 0 1 1
11 1061 1206 1144 1307 1254 0 0 1 1
11 1053 1223 1136 1323 1274 0 0 1 1
11 1045 1240 1128 1340 1294 0 0 1 1
11 1037 1256 1120 1357 1314 0 0 1 1
11 1027 1269 1111 1374 1334 0 0 1 1
11 1014 1290 1097 1395 1354 0 0 1 1
11 998 1311 1081 1416 1374 0 0 1 1
11 982 1332 1065 1437 1394 0 0 1 1
11 958 1374 1041 1478 1414 0 0 1 1
11 932 1416 1016 1520 1434 0 0 1 1
11 909 1457 992 1562 1454 0 0 1 1
11 879 1495 962 1600 1474 0 0 1 1
11 829 1533 913 1638 1494 0 0 1 1
11 792 1579 855 1667 1514 0 0 1 1
11 758 1625 794 1692 1534 0 0 1 1
11 718 1675 746 1734 1554 0 0 1 1
11 679 1726 707 1784 1574 0 0 1 1
11 643 1768 671 1826 1594 0 0 1 1
11 629 1772 657 1830 1614 0 0 1 1
12 566 4 602 104 652 0 0 1 1
12 566 50 602 150 672 0 0 1 1
12 566 96 602 201 692 0 0 1 1
12 562 167 598 272 712 0 0 1 1
12 556 234 592 339 732 0 0 1 1
12 554 305 590 410 752 0 0 1 1
12 554 377 590 481 772 0 0 1 1
12 554 448 590 553 792 0 0 1 1
12 560 502 596 607 812 0 0 1 1
12 566 557 602 661 832 0 0 1 1
12 574 636 606 741 852 0 0 1 1
12 574 708 610 812 872 0 0 1 1
12 568 775 608 875 892 0 0 1 1
12 552 821 592 921 912 0 0 1 1
12 534 867 574 967 932 0 0 1 1
12 495 934 534 1034 952 0 0 1 1
12 457 988 497 1089 972 0 0 1 1
12 423 1034 463 1135 992 0 0 1 1
12 400 1101 447 1202 1012 0 0 1 1
12 382 1160 443 1261 1032 0 0 1 1
12 366 1219 439 1323 1052 0 0 1 1
12 388 1265 467 1369 1072 0 0 1 1
12 433 1302 512 1407 1092 0 0 1 1
12 481 1344 560 1449 1112 0 0 1 1
12 532 1357 611 1462 1132 0 0 1 1
12 588 1353 667 1457 1152 0 0 1 1
12 643 1349 722 1453 1172 0 0 1 1
12 693 1340 772 1445 1192 0 0 1 1
12 707 1319 786 1424 1212 0 0 1 1
12 720 1294 800 1399 1232 0 0 1 1
12 734 1273 814 1378 1252 0 0 1 1
12 740 1265 819 1369 1272 0 0 1 1
12 748 1256 827 1361 1292 0 0 1 1
12 768 1256 847 1361 1312 0 0 1 1
12 788 1256 867 1361 1332 0 0 1 1
12 815 1261 895 1365 1352 0 0 1 1
12 845 1269 924 1374 1372 0 0 1 1
12 877 1282 956 1386 1392 0 0 1 1
12 907 1290 986 1395 1412 0 0 1 1
12 936 1302 1016 1407 1432 0 0 1 1
12 960 1328 1039 1432 1452 0 0 1 1
12 976 1365 1055 1470 1472 0 0 1 1
12 980 1407 1059 1512 1492 0 0 1 1
12 958 1445 1033 1545 1512 0 0 1 1
12 922 1483 994 1575 1532 0 0 1 1
12 887 1520 954 1608 1552 0 0 1 1
12 851 1558 913 1638 1572 0 0 1 1
12 815 1596 873 1667 1592 0 0 1 1
12 782 1633 833 1700 1612 0 0 1 1
12 740 1675 790 1738 1632 0 0 1 1
12 699 1717 746 1780 1652 0 0 1 1
12 655 1763 703 1822 1672 0 0 1 1
13 1370 1173 1420 1231 471 0 0 1 1
13 1291 1173 1340 1231 491 0 0 1 1
13 1212 1160 1267 1231 511 0 0 1 1
13 1130 1135 1198 1231 531 0 0 1 1
13 1055 1135 1122 1231 551 0 0 1 1
13 982 1110 1049 1210 571 0 0 1 1
13 909 1072 976 1173 591 0 0 0 1
13 851 1059 918 1160 611 0 0 1 1
13 794 1026 861 1126 631 0 0 1 1
13 736 980 804 1080 651 0 0 1 1
13 681 925 750 1026 671 0 0 1 1
13 631 867 701 967 691 0 0 1 1
13 576 821 645 921 711 0 0 1 1
13 516 783 586 884 731 0 0 1 1
13 455 758 524 858 751 0 0 1 1
13 394 749 463 850 771 0 0 1 1
13 342 762 411 863 791 0 0 1 1
13 297 791 366 892 811 0 0 1 1
13 267 821 336 921 831 0 0 1 1
13 249 858 318 959 851 0 0 1 1
13 241 879 310 980 871 0 0 1 1
13 239 888 308 988 891 0 0 1 1
13 237 892 306 992 911 0 0 1 1
13 237 896 306 997 931 0 0 1 1
13 235 904 305 1005 951 0 0 1 1
13 233 909 303 1009 971 0 0 1 1
13 221 921 291 1022 991 0 0 1 1
13 202 938 271 1039 1011 0 0 1 1
13 184 955 253 1055 1031 0 0 0 1
14 1134 1411 1158 1483 19 0 0 1 2
14 1109 1416 1132 1487 39 0 0 1 2
14 1083 1428 1107 1499 59 0 0 1 2
14 1057 1437 1081 1508 79 0 0 1 2
14 1031 1449 1055 1520 99 0 0 1 2
14 1006 1462 1029 1533 119 0 0 1 2
14 980 1474 1004 1545 139 0 0 1 2
14 954 1487 978 1558 159 0 0 1 2
14 928 1499 952 1571 179 0 0 1 2
14 903 1512 926 1583 199 0 0 1 2
14 877 1525 901 1596 219 0 0 1 2
14 851 1533 875 1604 239 0 0 1 2
14 827 1545 851 1617 259 0 0 1 2
14 802 1558 825 1629 279 0 0 1 2
14 776 1571 800 1642 299 0 0 1 2
14 750 1579 774 1650 319 0 0 1 2
14 724 1587 748 1659 339 0 0 1 2
14 697 1596 720 1667 359 0 0 1 2
14 669 1604 693 1675 379 0 0 1 2
14 641 1612 665 1684 399 0 0 1 2
14 615 1612 639 1684 419 0 0 1 2
14 590 1608 613 1680 439 0 0 1 2
14 562 1604 586 1675 459 0 0 1 2
14 534 1604 558 1675 479 0 0 1 2
14 507 1604 530 1675 499 0 0 1 2
14 477 1596 510 1667 519 0 0 1 2
14 445 1587 491 1659 539 0 0 1 2
14 413 1579 471 1650 559 0 0 1 2
14 388 1566 445 1638 579 0 0 1 2
14 360 1558 417 1625 599 0 0 1 2
14 332 1550 390 1612 619 0 0 1 2
14 312 1529 368 1592 639 0 0 1 2
14 291 1512 346 1575 659 0 0 1 2
14 269 1499 322 1562 679 0 0 1 2
14 243 1491 297 1554 699 0 0 1 2
14 217 1483 271 1545 719 0 0 1 2
14 192 1470 245 1533 739 0 0 1 2
14 166 1457 219 1520 759 0 0 1 2
14 138 1445 192 1508 779 0 0 1 2
14 110 1432 164 1495 799 0 0 1 2
14 81 1420 134 1483 819 0 0 1 2
14 51 1407 104 1470 839 0 0 1 2
14 19 1399 73 1462 859 0 0 1 2
14 0 1390 51 1449 879 0 0 1 2
14 0 1349 49 1445 899 0 0 1 2
15 186 1428 209 1495 18 0 0 1 2
15 182 1407 205 1474 38 0 0 1 2
15 178 1390 202 1457 58 0 0 1 2
15 172 1369 196 1437 78 0 0 1 2
15 168 1349 192 1416 98 0 0 1 2
15 170 1315 194 1382 118 0 0 1 2
15 172 1282 196 1349 138 0 0 1 2
15 174 1248 198 1315 158 0 0 1 2
15 174 1219 198 1286 178 0 0 1 2
15 176 1194 200 1261 198 0 0 1 2
15 178 1168 202 1235 218 0 0 1 2
15 182 1147 205 1214 238 0 0 1 2
15 184 1122 207 1189 258 0 0 1 2
15 186 1097 209 1164 278 0 0 1 2
15 188 1076 211 1143 298 0 0 1 2
15 198 1055 221 1122 318 0 0 1 2
15 207 1030 231 1097 338 0 0 1 2
15 219 1009 243 1076 358 0 0 1 2
15 229 984 253 1051 378 0 0 1 2
15 237 963 261 1030 398 0 0 1 2
15 245 938 269 1005 418 0 0 1 2
15 251 917 275 984 438 0 0 1 2
15 259 892 283 959 458 0 0 1 2
15 259 863 283 930 478 0 0 1 2
15 259 829 283 896 498 0 0 1 2
15 249 804 279 879 518 0 0 1 2
15 241 779 275 858 538 0 0 1 2
15 231 758 271 842 558 0 0 1 2
15 223 733 267 821 578 0 0 1 2
15 213 708 263 804 598 0 0 1 2
15 207 691 257 787 618 0 0 1 2
15 202 674 251 770 638 0 0 1 2
15 194 657 243 754 658 0 0 1 2
15 188 641 237 737 678 0 0 1 2
15 182 632 231 728 698 0 0 1 2
15 174 620 223 716 718 0 0 1 2
15 168 607 217 703 738 0 0 1 2
15 148 582 198 678 758 0 0 1 2
16 1346 1189 1402 1286 789 0 0 1 1
16 1291 1181 1342 1277 809 0 0 1 1
16 1223 1173 1275 1273 829 0 0 1 1
16 1154 1164 1206 1265 849 0 0 1 1
16 1075 1152 1136 1252 869 0 0 1 1
16 1006 1126 1067 1227 889 0 0 1 1
16 938 1101 1000 1202 909 0 0 1 1
16 881 1072 942 1173 929 0 0 1 1
16 823 1030 885 1131 949 0 0 1 1
16 764 967 829 1068 969 0 0 1 1
16 718 909 784 1009 989 0 0 1 1
16 679 850 744 951 1009 0 0 1 1
16 649 791 714 892 1029 0 0 1 1
17 651 242 709 372 517 0 0 1 1
17 657 159 716 289 537 0 0 1 1
17 665 75 724 205 557 0 0 1 1
17 667 8 726 117 577 0 0 1 1
18 649 1872 701 1923 16 0 0 1 1
18 667 1776 718 1826 36 0 0 1 1
18 713 1700 764 1751 56 0 0 1 1
18 766 1629 817 1680 76 0 0 1 1
18 829 1571 881 1621 96 0 0 1 1
18 897 1516 948 1566 116 0 0 1 1
18 944 1441 996 1491 136 0 0 1 1
18 988 1361 1039 1411 156 0 0 1 1
18 1010 1286 1061 1336 176 0 0 1 1
18 976 1214 1027 1265 196 0 0 1 1
18 936 1147 988 1198 216 0 0 1 1
18 883 1089 934 1139 236 0 0 1 1
18 829 1030 881 1080 256 0 0 1 1
18 782 980 833 1030 276 0 0 1 1
18 752 955 804 1005 296 0 0 1 1
18 665 837 716 888 316 0 0 1 1
18 625 741 675 800 336 0 0 1 1
18 604 657 649 720 356 0 0 1 1
18 602 573 647 641 376 0 0 1 1
18 606 485 651 553 396 0 0 1 1
18 615 402 661 469 416 0 0 1 1
18 621 305 667 372 436 0 0 1 1
18 627 209 673 276 456 0 0 1 1
18 637 108 683 175 476 0 0 1 1
18 641 25 687 92 496 0 0 1 1
19 877 1101 944 1181 2011 0 0 1 1
19 740 1072 808 1152 2031 0 0 1 1
19 596 1051 663 1131 2051 0 0 1 1
19 453 1051 520 1131 2071 0 0 1 1
20 1243 1168 1311 1265 2009 0 0 1 1
20 1158 1164 1225 1261 2029 0 0 1 1
20 1083 1131 1150 1227 2049 0 0 1 1
20 1016 1085 1083 1181 2069 0 0 1 1
22 738 368 788 490 656 0 0 1 1
22 734 389 784 511 676 0 0 1 1
22 734 418 784 540 696 0 0 1 1
22 734 452 784 573 716 0 0 1 1
22 734 477 784 599 736 0 0 1 1
22 738 502 788 624 756 0 0 1 1
22 742 527 792 649 776 0 0 1 1
23 413 1688 465 1738 17 0 0 1 1
23 350 1650 402 1700 37 0 0 1 1
23 297 1612 348 1663 57 0 0 1 1
23 243 1575 295 1625 77 0 0 1 1
23 203 1529 255 1579 97 0 0 1 1
23 166 1483 217 1533 117 0 0 1 1
23 136 1432 188 1483 137 0 0 1 1
23 118 1382 170 1432 157 0 0 1 1
23 106 1328 158 1378 177 0 0 1 1
23 102 1269 154 1319 197 0 0 1 1
23 101 1214 152 1265 217 0 0 1 1
23 104 1160 156 1210 237 0 0 1 1
23 104 1110 156 1160 257 0 0 1 1
23 87 1076 138 1126 277 0 0 1 1
23 39 1047 91 1097 297 0 0 1 1
23 13 1047 65 1097 317 0 0 1 1
24 49 1311 89 1369 25 0 0 1 1
24 152 1315 192 1374 45 0 0 1 1
24 251 1332 291 1390 65 0 0 1 1
24 350 1349 390 1407 85 0 0 1 1
24 455 1374 495 1432 105 0 0 1 1
24 558 1386 598 1445 125 0 0 1 1
24 657 1382 697 1441 145 0 0 1 1
24 756 1378 796 1437 165 0 0 1 1
24 857 1353 897 1411 185 0 0 1 1
24 958 1332 998 1390 205 0 0 1 1
24 1067 1328 1107 1386 225 0 0 1 1
24 1178 1332 1218 1390 245 0 0 1 1
24 1279 1336 1319 1395 265 0 0 1 1
24 1362 1344 1402 1403 285 0 0 1 1
25 1368 1085 1398 1143 373 0 0 1 2
25 1334 1076 1366 1139 393 0 0 1 2
25 1301 1072 1334 1131 413 0 0 1 2
25 1269 1068 1303 1126 433 0 0 1 2
25 1233 1059 1271 1122 453 0 0 1 2
25 1194 1059 1235 1131 473 0 0 1 2
26 580 758 623 833 12 0 0 1 1
26 615 854 659 930 32 0 0 1 1
26 659 951 703 1026 52 0 0 1 1
26 713 1043 756 1118 72 0 0 1 1
26 802 1126 845 1202 92 0 0 1 1
26 891 1194 934 1269 112 0 0 1 1
26 984 1244 1027 1319 132 0 0 1 1
26 1097 1277 1140 1353 152 0 0 1 1
26 1208 1311 1251 1386 172 0 0 1 1
26 1321 1336 1362 1411 192 0 0 1 1
27 1366 1156 1406 1210 188 0 0 1 2
27 1283 1156 1323 1210 208 0 0 1 2
27 1198 1152 1237 1206 228 0 0 1 2
27 1115 1147 1154 1202 248 0 0 1 2
27 1035 1126 1075 1181 268 0 0 1 2
27 958 1110 998 1164 288 0 0 1 2
27 883 1085 922 1139 308 0 0 1 2
27 831 1039 871 1093 328 0 0 1 2
27 780 992 819 1047 348 0 0 1 2
27 728 938 768 992 368 0 0 1 2
27 675 825 714 896 388 0 0 1 2
27 657 749 695 816 408 0 0 1 2
27 643 657 681 724 428 0 0 1 2
27 653 578 691 641 448 0 0 1 2
27 651 469 689 527 468 0 0 1 2
27 663 402 701 456 488 0 0 1 2
27 663 326 701 393 508 0 0 1 2
27 661 209 707 314 528 0 0 1 2
28 1012 1332 1059 1424 16 0 0 1 1
28 1012 1273 1059 1365 36 0 0 1 1
28 1010 1210 1057 1302 56 0 0 1 1
28 1014 1135 1061 1227 76 0 0 1 1
28 1019 1080 1067 1173 96 0 0 1 1
29 1315 1223 1362 1290 263 0 0 1 1
29 1235 1252 1283 1319 283 0 0 1 1
29 1160 1286 1208 1353 303 0 0 1 1
29 1087 1319 1134 1386 323 0 0 1 1
29 1018 1361 1065 1428 343 0 0 1 1
29 966 1420 1014 1487 363 0 0 1 1
29 913 1474 960 1541 383 0 0 1 1
29 853 1525 901 1592 403 0 0 1 1
29 798 1575 845 1642 423 0 0 1 1
29 746 1633 794 1700 443 0 0 1 1
29 697 1692 744 1759 463 0 0 1 1
29 653 1768 699 1826 483 0 0 1 1
29 629 1797 675 1851 503 0 0 1 1
30 211 188 253 263 5 0 0 1 2
31 709 351 762 414 385 0 0 1 2
31 713 268 766 330 405 0 0 1 2
31 718 184 772 247 425 0 0 1 2
31 722 96 776 159 445 0 0 1 2
31 730 12 784 71 465 0 0 1 2
32 768 12 810 96 386 0 0 1 2
32 772 29 814 113 406 0 0 1 2
32 770 54 812 138 426 0 0 1 2
33 9 1227 101 1336 860 0 0 1 5
33 55 1231 164 1349 880 0 0 1 5
33 101 1231 229 1357 900 0 0 1 5
33 184 1273 312 1399 920 0 0 1 5
33 267 1315 396 1441 940 0 0 1 5
33 350 1344 479 1470 960 0 0 1 5
33 433 1357 562 1487 980 0 0 1 5
33 518 1374 647 1508 1000 0 0 0 5
33 588 1369 722 1491 1020 0 0 1 5
33 657 1365 800 1474 1040 0 0 0 5
33 716 1344 859 1453 1060 0 0 1 5
33 776 1328 918 1437 1080 0 0 0 5
33 849 1319 992 1428 1100 0 0 1 5
33 922 1311 1065 1420 1120 0 0 1 5
33 998 1307 1140 1411 1140 0 0 0 5
33 1097 1302 1239 1407 1160 0 0 1 5
33 1196 1302 1338 1407 1180 0 0 1 5
34 647 749 711 846 795 0 0 0 2
34 619 754 683 850 815 0 0 1 2
34 592 758 655 854 835 0 0 1 2
34 566 762 629 858 855 0 0 0 2
34 522 754 586 854 875 0 0 1 2
34 479 749 542 850 895 0 0 0 2
34 447 737 512 837 915 0 0 1 2
34 417 728 485 829 935 0 0 0 2
34 380 703 447 804 955 0 0 1 2
34 338 682 407 783 975 0 0 1 2
34 295 666 364 766 995 0 0 0 2
34 261 641 332 741 1015 0 0 1 2
34 223 620 299 724 1035 0 0 1 2
34 196 603 271 708 1055 0 0 1 2
34 170 586 245 691 1075 0 0 1 2
34 152 578 227 682 1095 0 0 1 2
34 138 573 213 678 1115 0 0 1 2
35 518 1696 564 1772 336 0 0 1 2
35 518 1675 564 1751 356 0 0 1 2
35 518 1650 564 1726 376 0 0 1 2
35 518 1625 564 1700 396 0 0 1 2
35 516 1596 562 1671 416 0 0 1 2
35 514 1562 560 1638 436 0 0 1 2
35 510 1525 556 1600 456 0 0 1 2
35 501 1495 546 1571 476 0 0 1 2
35 491 1466 536 1541 496 0 0 1 2
35 479 1441 526 1516 516 0 0 1 2
35 467 1416 514 1495 536 0 0 1 2
35 453 1390 503 1470 556 0 0 1 2
35 441 1369 491 1449 576 0 0 1 2
35 429 1344 479 1424 596 0 0 1 2
35 417 1323 467 1403 616 0 0 1 2
35 406 1298 455 1378 636 0 0 1 2
35 396 1273 445 1353 656 0 0 1 2
35 386 1252 435 1332 676 0 0 1 2
35 382 1223 431 1302 696 0 0 1 2
35 376 1194 425 1273 716 0 0 1 2
35 372 1168 421 1248 736 0 0 1 2
35 366 1135 415 1214 756 0 0 1 2
35 360 1106 409 1185 776 0 0 1 2
35 354 1076 404 1156 796 0 0 1 2
35 342 1059 392 1139 816 0 0 1 2
35 330 1043 380 1122 836 0 0 1 2
35 322 1026 372 1106 856 0 0 1 2
35 318 997 368 1076 876 0 0 1 2
35 312 971 362 1051 896 0 0 1 2
35 308 946 358 1026 916 0 0 1 2
35 301 917 350 997 936 0 0 1 2
35 293 888 342 967 956 0 0 1 2
35 285 863 334 942 976 0 0 1 2
35 275 833 324 913 996 0 0 1 2
35 265 808 318 892 1016 0 0 1 2
35 253 787 310 875 1036 0 0 1 2
35 243 766 303 858 1056 0 0 1 2
35 223 741 285 837 1076 0 0 1 2
35 203 716 263 812 1096 0 0 1 2
35 184 695 243 791 1116 0 0 1 2
35 170 674 229 770 1136 0 0 1 2
35 158 653 217 749 1156 0 0 1 2
35 148 632 207 728 1176 0 0 1 2
35 140 615 200 712 1196 0 0 1 2
35 136 603 196 699 1216 0 0 1 2
35 126 599 186 695 1236 0 0 1 2
36 1069 1290 1111 1374 6 0 0 1 1
36 1194 1277 1235 1361 26 0 0 1 1
36 1307 1286 1354 1369 46 0 0 1 1
36 1344 1235 1398 1336 533 0 0 1 1
36 1247 1202 1305 1302 553 0 0 1 1
36 1120 1198 1178 1298 573 0 0 1 1
36 1006 1194 1063 1294 593 0 0 1 1
36 918 1177 976 1277 613 0 0 1 1
36 827 1147 881 1248 633 0 0 1 1
36 746 1097 798 1198 653 0 0 1 1
36 675 1043 724 1143 673 0 0 1 1
36 600 1013 649 1114 693 0 0 1 1
36 524 1009 574 1110 713 0 0 1 1
36 447 1039 497 1139 733 0 0 1 1
36 372 1072 421 1173 753 0 0 1 1
36 310 1114 360 1214 773 0 0 1 1
36 301 1194 350 1294 793 0 0 1 1
36 314 1273 364 1374 813 0 0 1 1
36 354 1332 404 1432 833 0 0 1 1
36 413 1357 463 1457 853 0 0 1 1
36 475 1374 524 1474 873 0 0 1 1
36 538 1386 588 1487 893 0 0 1 1
36 611 1382 661 1483 913 0 0 1 1
36 685 1365 734 1466 933 0 0 1 1
36 750 1323 800 1424 953 0 0 1 1
36 808 1302 857 1403 973 0 0 1 1
36 863 1298 913 1399 993 0 0 1 1
36 909 1307 972 1407 1013 0 0 1 1
36 942 1323 1025 1428 1033 0 0 1 1
36 968 1365 1051 1470 1053 0 0 1 1
36 966 1416 1049 1520 1073 0 0 1 1
36 926 1466 1010 1571 1093 0 0 1 1
36 871 1499 954 1604 1113 0 0 1 1
36 815 1550 899 1654 1133 0 0 1 1
36 740 1600 823 1705 1153 0 0 1 1
36 685 1667 768 1772 1173 0 0 1 1
36 643 1751 726 1855 1193 0 0 1 1
36 604 1839 687 1943 1213 0 0 1 1
37 1330 1386 1378 1487 996 0 0 1 1
37 1259 1386 1315 1487 1016 0 0 1 1
37 1188 1390 1251 1487 1036 0 0 1 1
37 1115 1395 1188 1487 1056 0 0 1 1
37 1055 1403 1130 1491 1076 0 0 1 1
37 1002 1416 1077 1504 1096 0 0 1 1
37 948 1432 1023 1520 1116 0 0 1 1
37 901 1470 976 1558 1136 0 0 1 1
37 853 1512 928 1600 1156 0 0 1 1
37 802 1566 877 1654 1176 0 0 1 1
37 754 1612 829 1700 1196 0 0 1 1
37 711 1654 786 1742 1216 0 0 1 1
37 675 1717 750 1805 1236 0 0 1 1
37 639 1784 714 1872 1256 0 0 1 1
37 610 1839 685 1927 1276 0 0 1 1
38 643 754 701 888 1036 0 0 1 1
38 641 678 699 808 1056 0 0 1 1
38 637 599 697 733 1076 0 0 1 1
38 635 523 695 653 1096 0 0 1 1
38 637 452 697 582 1116 0 0 1 1
38 639 381 699 511 1136 0 0 1 1
38 643 310 703 439 1156 0 0 1 1
38 649 230 709 360 1176 0 0 1 1
38 655 146 714 276 1196 0 0 1 1
38 661 67 720 196 1216 0 0 1 1
38 661 8 720 134 1236 0 0 1 1
39 705 1759 758 1843 437 0 0 1 2
39 713 1730 766 1814 457 0 0 1 2
39 720 1700 774 1784 477 0 0 1 2
39 734 1680 788 1763 497 0 0 1 2
39 754 1659 804 1763 517 0 0 1 2
39 774 1638 819 1763 537 0 0 1 2
39 794 1621 837 1755 557 0 0 1 2
39 815 1600 859 1734 577 0 0 1 2
39 837 1579 881 1713 597 0 0 1 2
39 857 1554 903 1692 617 0 0 1 2
39 877 1529 924 1671 637 0 0 1 2
39 897 1508 944 1650 657 0 0 1 2
39 916 1487 964 1629 677 0 0 1 2
39 936 1466 984 1608 697 0 0 1 2
39 954 1445 1002 1587 717 0 0 1 2
39 972 1428 1019 1571 737 0 0 1 2
39 990 1407 1037 1550 757 0 0 1 2
39 1004 1382 1051 1525 777 0 0 1 2
39 1018 1357 1065 1499 797 0 0 1 2
39 1031 1332 1079 1474 817 0 0 1 2
39 1047 1307 1095 1449 837 0 0 1 2
39 1069 1294 1119 1437 857 0 0 1 2
39 1093 1277 1142 1420 877 0 0 1 2
39 1115 1269 1164 1407 897 0 0 1 2
39 1136 1265 1186 1386 917 0 0 1 2
39 1158 1261 1206 1369 937 0 0 1 2
39 1178 1252 1225 1349 957 0 0 1 2
39 1198 1231 1245 1328 977 0 0 1 2
39 1218 1206 1265 1307 997 0 0 1 2
39 1233 1185 1283 1290 1017 0 0 1 2
39 1249 1164 1301 1273 1037 0 0 1 2
39 1263 1143 1319 1256 1057 0 0 1 2
39 1279 1118 1334 1235 1077 0 0 1 2
39 1293 1097 1352 1219 1097 0 0 1 2
39 1315 1089 1374 1210 1117 0 0 1 2
39 1344 1089 1404 1210 1137 0 0 1 2
39 1372 1072 1422 1194 1157 0 0 1 2
40 400 1721 443 1809 1057 0 0 1 2
40 392 1700 433 1788 1077 0 0 1 2
40 382 1680 423 1768 1097 0 0 1 2
40 370 1667 413 1755 1117 0 0 1 2
40 356 1654 400 1742 1137 0 0 1 2
40 342 1642 386 1730 1157 0 0 1 2
40 328 1629 372 1717 1177 0 0 1 2
40 310 1621 354 1709 1197 0 0 1 2
40 295 1608 338 1696 1217 0 0 1 2
40 279 1600 322 1688 1237 0 0 1 2
40 263 1592 306 1680 1257 0 0 1 2
40 249 1575 293 1663 1277 0 0 1 2
40 235 1562 279 1650 1297 0 0 1 2
40 221 1545 265 1633 1317 0 0 1 2
40 205 1533 249 1621 1337 0 0 1 2
40 188 1525 231 1612 1357 0 0 1 2
40 170 1516 213 1604 1377 0 0 1 2
40 152 1508 196 1596 1397 0 0 1 2
40 132 1491 176 1579 1417 0 0 1 2
40 114 1474 158 1562 1437 0 0 1 2
40 97 1466 140 1554 1457 0 0 1 2
40 79 1457 122 1545 1477 0 0 1 2
40 63 1449 106 1537 1497 0 0 1 2
40 47 1441 91 1529 1517 0 0 1 2
41 1190 1064 1227 1156 1316 0 0 1 2
41 1214 1064 1251 1156 1336 0 0 1 2
41 1237 1064 1275 1156 1356 0 0 1 2
41 1261 1068 1299 1156 1376 0 0 1 2
41 1287 1068 1324 1156 1396 0 0 1 2
41 1315 1072 1352 1160 1416 0 0 1 2
41 1340 1076 1378 1164 1436 0 0 1 2
41 1364 1076 1402 1164 1456 0 0 1 2
41 1386 1080 1422 1168 1476 0 0 1 2
42 728 25 778 129 1065 0 0 1 1
43 1315 1114 1398 1235 1255 0 0 1 1
43 1231 1114 1315 1235 1275 0 0 1 1
43 1150 1118 1233 1235 1295 0 0 1 1
43 1067 1118 1150 1235 1315 0 0 1 1
43 980 1106 1063 1223 1335 0 0 1 1
43 901 1089 984 1206 1355 0 0 1 1
43 823 1068 907 1185 1375 0 0 1 1
43 746 1047 829 1164 1395 0 0 1 1
43 669 1030 752 1147 1415 0 0 1 1
43 590 1009 673 1126 1435 0 0 1 1
43 509 1001 592 1118 1455 0 0 1 1
43 429 1026 512 1143 1475 0 0 1 1
43 348 1051 431 1168 1495 0 0 1 1
43 291 1089 362 1202 1515 0 0 1 1
43 239 1131 297 1240 1535 0 0 1 1
43 190 1173 233 1273 1555 0 0 1 1
43 154 1223 194 1323 1575 0 0 1 1
43 124 1277 164 1378 1595 0 0 1 1
43 97 1328 136 1428 1615 0 0 1 1
43 79 1369 118 1470 1635 0 0 1 1
43 71 1411 112 1512 1655 0 0 1 1
43 95 1462 136 1562 1675 0 0 1 1
43 118 1491 164 1592 1695 0 0 1 1
43 140 1516 188 1617 1715 0 0 1 1
43 164 1550 211 1650 1735 0 0 1 1
43 188 1583 235 1684 1755 0 0 1 1
43 194 1592 241 1692 1775 0 0 1 1
43 194 1592 241 1692 1795 0 0 1 1
43 194 1592 241 1692 1815 0 0 1 1
43 194 1592 241 1692 1835 0 0 1 1
43 194 1592 241 1692 1855 0 0 1 1
43 194 1592 241 1692 1875 0 0 1 1
43 194 1592 241 1692 1895 0 0 1 1
43 194 1592 241 1692 1915 0 0 1 1
43 194 1592 241 1692 1935 0 0 1 1
43 194 1592 241 1692 1955 0 0 1 1
43 194 1592 241 1692 1975 0 0 1 1
43 194 1592 241 1692 1995 0 0 1 1
43 194 1592 241 1692 2015 0 0 1 1
44 453 1671 518 1768 1033 0 0 1 1
44 374 1608 439 1705 1053 0 0 1 1
44 289 1550 354 1646 1073 0 0 1 1
44 205 1478 273 1575 1093 0 0 1 1
44 154 1420 221 1516 1113 0 0 1 1
44 124 1369 192 1466 1133 0 0 1 1
44 122 1315 190 1411 1153 0 0 1 1
44 122 1252 190 1349 1173 0 0 1 1
44 124 1139 192 1235 1193 0 0 1 1
44 138 1068 205 1164 1213 0 0 1 1
44 170 1013 237 1110 1233 0 0 1 1
44 211 963 279 1059 1253 0 0 1 1
44 249 909 316 1005 1273 0 0 1 1
44 275 821 342 917 1293 0 0 1 1
44 299 745 366 842 1313 0 0 1 1
44 338 670 406 766 1333 0 0 1 1
44 368 599 435 695 1353 0 0 1 1
44 392 523 459 620 1373 0 0 1 1
44 411 439 479 536 1393 0 0 1 1
44 429 347 497 444 1413 0 0 1 1
44 427 272 495 368 1433 0 0 1 1
44 413 201 481 297 1453 0 0 1 1
44 398 113 465 209 1473 0 0 1 1
44 368 50 435 146 1493 0 0 1 1
44 352 12 398 71 1513 0 0 1 1
45 582 1705 623 1768 13 0 0 1 2
45 570 1688 611 1751 33 0 0 1 2
45 560 1667 602 1730 53 0 0 1 2
45 550 1646 592 1709 73 0 0 1 2
45 540 1625 582 1688 93 0 0 1 2
45 538 1608 580 1671 113 0 0 1 2
45 536 1587 578 1650 133 0 0 1 2
45 532 1571 574 1633 153 0 0 1 2
45 520 1554 562 1617 173 0 0 1 2
45 510 1533 552 1596 193 0 0 1 2
45 499 1516 540 1579 213 0 0 1 2
45 491 1499 532 1562 233 0 0 1 2
45 481 1478 522 1541 253 0 0 1 2
45 473 1462 514 1525 273 0 0 1 2
45 465 1445 507 1508 293 0 0 1 2
45 459 1424 501 1487 313 0 0 1 2
45 455 1403 497 1466 333 0 0 1 2
45 449 1386 491 1449 353 0 0 1 2
45 437 1369 479 1432 373 0 0 1 2
45 427 1353 469 1416 393 0 0 1 2
45 417 1336 459 1399 413 0 0 1 2
45 409 1315 451 1378 433 0 0 1 2
45 402 1298 443 1361 453 0 0 1 2
45 396 1277 437 1340 473 0 0 1 2
45 388 1261 429 1323 493 0 0 1 2
45 386 1240 429 1307 513 0 0 1 2
45 388 1219 433 1298 533 0 0 1 2
45 392 1198 437 1290 553 0 0 1 2
45 392 1181 439 1282 573 0 0 1 2
45 386 1156 433 1256 593 0 0 1 2
45 380 1131 427 1231 613 0 0 1 2
45 372 1106 419 1206 633 0 0 1 2
45 366 1080 413 1181 653 0 0 1 2
45 360 1055 407 1156 673 0 0 1 2
45 354 1039 402 1139 693 0 0 1 2
45 350 1022 398 1122 713 0 0 1 2
45 344 1001 392 1101 733 0 0 1 2
45 338 984 386 1085 753 0 0 1 2
45 334 967 382 1068 773 0 0 1 2
45 330 951 378 1051 793 0 0 1 2
45 330 930 378 1030 813 0 0 1 2
45 330 913 380 1013 833 0 0 1 2
45 332 892 380 992 853 0 0 1 2
45 332 871 382 971 873 0 0 1 2
45 334 854 384 955 893 0 0 1 2
45 338 837 388 938 913 0 0 1 2
45 340 821 390 921 933 0 0 1 2
45 344 804 394 904 953 0 0 1 2
45 348 787 398 888 973 0 0 1 2
45 352 770 402 871 993 0 0 1 2
45 354 749 406 850 1013 0 0 1 2
45 358 733 409 833 1033 0 0 1 2
45 360 716 413 816 1053 0 0 1 2
45 362 695 415 800 1073 0 0 1 2
45 364 678 419 783 1093 0 0 1 2
45 366 661 423 766 1113 0 0 1 2
45 370 645 427 749 1133 0 0 1 2
45 372 628 431 733 1153 0 0 1 2
45 374 611 435 716 1173 0 0 1 2
45 376 590 437 695 1193 0 0 1 2
45 378 573 439 678 1213 0 0 1 2
45 380 553 441 657 1233 0 0 1 2
45 384 532 445 636 1253 0 0 1 2
45 386 511 447 615 1273 0 0 1 2
45 388 494 449 599 1293 0 0 1 2
45 390 473 451 578 1313 0 0 1 2
45 392 452 453 557 1333 0 0 1 2
45 394 431 455 536 1353 0 0 1 2
45 396 414 457 519 1373 0 0 1 2
45 396 393 457 498 1393 0 0 1 2
45 398 372 459 477 1413 0 0 1 2
45 400 356 461 460 1433 0 0 1 2
45 400 335 461 439 1453 0 0 1 2
45 402 318 463 423 1473 0 0 1 2
45 402 297 463 402 1493 0 0 1 2
45 404 280 463 381 1513 0 0 1 2
45 404 263 463 360 1533 0 0 1 2
45 404 247 461 343 1553 0 0 1 2
45 406 234 461 322 1573 0 0 1 2
45 406 217 461 301 1593 0 0 1 2
45 406 201 459 280 1613 0 0 1 2
45 406 184 459 259 1633 0 0 1 2
45 407 167 457 238 1653 0 0 1 2
45 407 155 457 217 1673 0 0 1 2
45 407 138 457 196 1693 0 0 1 2
45 415 100 461 175 1713 0 0 1 2
45 413 67 459 146 1733 0 0 1 2
45 419 62 465 142 1753 0 0 1 2
45 415 58 461 129 1773 0 0 1 2
45 415 37 463 100 1793 0 0 1 2
45 415 20 463 79 1813 0 0 1 2
45 417 4 465 58 1833 0 0 1 2
45 417 0 465 58 1853 0 0 1 2
