0 5 795 38 831 500 0 0 0 2
1 950 859 980 888 11 0 0 1 2
1 974 865 1002 895 31 0 0 1 2
1 997 872 1027 902 51 0 0 1 2
1 1019 879 1049 908 71 0 0 1 2
1 1043 886 1071 915 91 0 0 1 2
1 1065 890 1093 922 111 0 0 1 2
1 1087 897 1115 929 131 0 0 1 2
1 1107 904 1134 936 151 0 0 1 2
1 1123 908 1151 940 171 0 0 1 2
1 1142 915 1170 947 191 0 0 1 2
1 1162 920 1189 952 211 0 0 1 2
1 1184 927 1211 958 231 0 0 1 2
1 1209 933 1236 965 251 0 0 1 2
1 1231 940 1258 972 271 0 0 1 2
1 1255 947 1283 979 291 0 0 1 2
1 1275 956 1302 988 311 0 0 1 2
1 1297 967 1324 999 331 0 0 1 2
1 1316 976 1344 1008 351 0 0 1 2
1 1338 988 1366 1020 371 0 0 1 2
1 1357 999 1385 1031 391 0 0 1 2
1 1371 1010 1399 1042 411 0 0 1 2
1 1388 1022 1415 1054 431 0 0 1 2
2 1528 1051 1564 1076 10 0 0 1 2
2 1512 1047 1547 1072 30 0 0 1 2
2 1495 1044 1531 1069 50 0 0 1 2
2 1478 1040 1514 1065 70 0 0 1 2
2 1459 1038 1498 1063 90 0 0 1 2
2 1443 1033 1481 1058 110 0 0 1 2
2 1426 1031 1465 1056 130 0 0 1 2
2 1410 1026 1448 1051 150 0 0 1 2
2 1393 1024 1429 1049 170 0 0 1 2
2 1374 1020 1412 1044 190 0 0 1 2
2 1355 1020 1393 1044 210 0 0 1 2
2 1335 1020 1374 1044 230 0 0 1 2
2 1313 1017 1352 1042 250 0 0 1 2
2 1294 1015 1333 1040 270 0 0 1 2
2 1275 1013 1313 1038 290 0 0 1 2
2 1255 1010 1294 1035 310 0 0 1 2
2 1236 1008 1275 1033 330 0 0 1 2
2 1217 1006 1255 1031 350 0 0 1 2
2 1198 1004 1236 1029 370 0 0 1 2
2 1178 1004 1217 1029 390 0 0 1 2
2 1159 1006 1198 1029 410 0 0 1 2
2 1140 1006 1178 1029 430 0 0 1 2
2 1120 1006 1159 1029 450 0 0 1 2
2 1101 1004 1140 1026 470 0 0 1 2
2 1082 1001 1120 1024 490 0 0 1 2
3 1459 884 1495 911 1 0 0 1 2
3 1443 868 1478 895 21 0 0 1 2
3 1426 852 1462 879 41 0 0 1 2
3 1410 836 1445 863 61 0 0 1 2
3 1393 822 1429 850 81 0 0 0 2
3 1377 806 1412 834 101 0 0 1 2
3 1360 791 1396 818 121 0 0 1 2
3 1344 775 1379 802 141 0 0 1 2
3 1327 759 1363 786 161 0 0 1 2
3 1308 745 1344 772 181 0 0 1 2
3 1291 732 1327 759 201 0 0 1 2
3 1272 718 1308 745 221 0 0 1 2
3 1253 704 1288 732 241 0 0 1 2
3 1236 691 1272 718 261 0 0 1 2
3 1217 677 1253 704 281 0 0 1 2
3 1200 664 1236 691 301 0 0 1 2
3 1181 650 1217 677 321 0 0 1 2
3 1165 636 1200 664 341 0 0 1 2
3 1145 621 1181 648 361 0 0 1 2
3 1129 607 1165 634 381 0 0 1 2
3 1109 593 1145 621 401 0 0 1 2
3 1093 580 1129 607 421 0 0 1 2
3 1076 564 1112 591 441 0 0 1 2
3 1057 548 1093 575 461 0 0 1 2
3 1041 534 1076 562 481 0 0 1 2
3 1024 519 1060 546 501 0 0 1 2
4 1658 840 1693 872 12 0 0 1 2
4 1630 827 1669 859 32 0 0 1 2
4 1605 813 1641 845 52 0 0 1 2
4 1580 800 1616 831 72 0 0 1 2
4 1553 786 1591 818 92 0 0 1 2
4 1528 772 1567 804 112 0 0 1 2
4 1503 757 1542 788 132 0 0 1 2
4 1481 741 1520 772 152 0 0 1 2
4 1459 725 1498 757 172 0 0 1 2
4 1434 709 1473 741 192 0 0 1 2
4 1412 693 1451 725 212 0 0 1 2
4 1390 680 1429 711 232 0 0 1 2
4 1366 664 1404 695 252 0 0 1 2
4 1344 648 1382 680 272 0 0 1 2
4 1319 630 1357 661 292 0 0 1 2
4 1294 614 1333 646 312 0 0 1 2
4 1269 598 1308 630 332 0 0 1 2
4 1244 582 1283 614 352 0 0 1 2
4 1220 566 1258 598 372 0 0 1 2
4 1195 550 1233 582 392 0 0 1 2
4 1170 534 1209 566 412 0 0 1 2
4 1145 516 1184 548 432 0 0 1 2
4 1120 498 1159 530 452 0 0 1 2
4 1093 482 1131 514 472 0 0 1 2
4 1068 464 1107 496 492 0 0 1 2
5 1368 54 1404 79 3 0 0 1 1
5 1432 81 1467 106 23 0 0 1 1
5 1498 111 1534 136 43 0 0 1 1
5 1561 138 1597 163 63 0 0 1 1
5 1624 165 1660 190 83 0 0 1 1
5 1693 183 1732 208 103 0 0 1 1
5 1765 201 1803 226 123 0 0 1 1
5 1837 217 1875 242 143 0 0 1 1
5 1903 231 1936 256 163 0 0 1 1
6 228 117 264 149 7 0 0 1 1
6 291 122 327 154 27 0 0 1 1
6 352 126 388 158 47 0 0 1 1
6 413 131 448 163 67 0 0 1 1
6 468 140 504 172 87 0 0 1 1
6 523 147 559 179 107 0 0 1 1
6 578 156 614 188 127 0 0 1 1
6 633 163 669 194 147 0 0 1 1
6 691 167 727 199 167 0 0 1 1
6 749 174 784 206 187 0 0 1 1
6 806 181 842 213 207 0 0 1 1
6 862 188 897 219 227 0 0 1 1
6 919 197 955 228 247 0 0 1 1
6 974 208 1010 240 267 0 0 1 1
6 1030 217 1068 249 287 0 0 1 1
6 1087 228 1123 260 307 0 0 1 1
6 1142 240 1181 272 327 0 0 1 1
6 1198 249 1236 281 347 0 0 1 1
6 1255 256 1294 287 367 0 0 1 1
6 1316 258 1355 290 387 0 0 1 1
6 1374 262 1412 294 407 0 0 1 1
6 1432 267 1470 299 427 0 0 1 1
6 1487 267 1525 299 447 0 0 1 1
6 1542 265 1580 296 467 0 0 1 1
6 1594 262 1633 294 487 0 0 1 1
6 1649 260 1688 292 507 0 0 1 1
7 966 138 1008 170 18 0 0 1 2
7 988 142 1030 174 38 0 0 1 2
7 1010 147 1052 179 58 0 0 1 2
7 1032 151 1074 183 78 0 0 1 2
7 1054 158 1096 190 98 0 0 1 2
7 1076 163 1118 194 118 0 0 1 2
7 1098 167 1140 199 138 0 0 1 2
7 1118 170 1159 201 158 0 0 1 2
7 1137 172 1178 204 178 0 0 1 2
7 1156 174 1198 206 198 0 0 1 2
7 1176 179 1217 210 218 0 0 1 2
7 1198 181 1239 213 238 0 0 1 2
7 1217 183 1258 215 258 0 0 1 2
7 1236 188 1277 219 278 0 0 1 2
7 1255 188 1297 219 298 0 0 1 2
7 1275 190 1316 222 318 0 0 1 2
7 1294 192 1335 224 338 0 0 1 2
7 1313 194 1355 226 358 0 0 1 2
7 1335 197 1377 228 378 0 0 1 2
7 1355 199 1396 231 398 0 0 1 2
7 1374 204 1415 235 418 0 0 1 2
7 1393 206 1434 238 438 0 0 1 2
7 1412 208 1454 240 458 0 0 1 2
7 1432 213 1473 244 478 0 0 1 2
7 1451 215 1492 247 498 0 0 1 2
8 1390 15 1437 43 236 0 0 1 1
8 1454 43 1498 70 256 0 0 1 1
8 1514 68 1561 95 276 0 0 1 1
8 1575 95 1622 122 296 0 0 1 1
8 1635 122 1685 149 316 0 0 1 1
8 1696 145 1746 172 336 0 0 1 1
8 1754 163 1803 190 356 0 0 1 1
8 1814 181 1861 208 376 0 0 1 1
8 1872 197 1916 224 396 0 0 1 1
8 1927 210 1969 238 416 0 0 1 1
8 1938 213 1977 240 436 0 0 1 1
8 1938 213 1977 240 456 0 0 1 1
8 1938 213 1977 240 476 0 0 1 1
8 1938 213 1977 240 496 0 0 1 1
9 24 2 60 22 368 0 0 1 1
9 74 9 110 29 388 0 0 1 1
9 126 15 162 36 408 0 0 1 1
9 179 24 214 45 428 0 0 1 1
9 234 34 269 54 448 0 0 1 1
9 289 43 324 63 468 0 0 1 1
9 344 49 380 70 488 0 0 1 1
9 404 63 440 83 508 0 0 0 1
10 110 856 140 877 19 0 0 1 2
10 129 852 159 872 39 0 0 1 2
10 148 845 181 868 59 0 0 1 2
10 168 840 201 863 79 0 0 1 2
10 184 843 217 865 99 0 0 1 2
10 192 845 225 868 119 0 0 1 2
10 201 850 234 872 139 0 0 1 2
10 209 854 242 877 159 0 0 1 2
10 214 859 247 881 179 0 0 1 2
10 223 861 256 884 199 0 0 1 2
10 228 863 261 886 219 0 0 1 2
10 236 868 269 890 239 0 0 1 2
10 245 870 278 893 259 0 0 1 2
10 256 870 289 893 279 0 0 1 2
10 267 872 300 895 299 0 0 1 2
10 278 874 311 897 319 0 0 1 2
10 289 874 322 897 339 0 0 1 2
10 300 874 333 897 359 0 0 1 2
10 311 872 344 895 379 0 0 1 2
10 322 870 355 893 399 0 0 1 2
10 333 870 366 893 419 0 0 1 2
10 344 870 377 893 439 0 0 1 2
10 355 870 388 893 459 0 0 1 2
10 366 870 399 893 479 0 0 1 2
10 377 870 410 893 499 0 0 1 2
11 88 655 115 675 10 0 0 1 2
11 96 648 123 668 30 0 0 1 2
11 107 639 134 659 50 0 0 1 2
11 112 641 140 661 70 0 0 1 2
11 118 643 145 664 90 0 0 1 2
11 126 648 154 668 110 0 0 1 2
11 132 652 159 673 130 0 0 1 2
11 137 657 165 677 150 0 0 1 2
11 148 661 176 682 170 0 0 1 2
11 159 668 187 689 190 0 0 1 2
11 173 677 201 698 210 0 0 1 2
11 187 684 214 704 230 0 0 1 2
11 201 691 228 711 250 0 0 1 2
11 214 698 242 718 270 0 0 1 2
11 225 702 253 723 290 0 0 1 2
11 239 709 267 729 310 0 0 1 2
11 253 714 280 734 330 0 0 1 2
11 261 720 289 741 350 0 0 1 2
11 272 727 300 748 370 0 0 1 2
11 283 734 311 754 390 0 0 1 2
11 291 738 319 759 410 0 0 1 2
11 297 745 324 766 430 0 0 1 2
11 302 754 330 775 450 0 0 1 2
11 308 766 336 786 470 0 0 1 2
11 313 777 341 800 490 0 0 1 2
12 212 791 234 818 1 0 0 1 2
12 220 793 242 820 21 0 0 1 2
12 231 797 253 825 41 0 0 1 2
12 239 800 261 827 61 0 0 1 2
12 250 804 272 831 81 0 0 1 2
12 258 809 280 836 101 0 0 1 2
12 269 811 291 838 121 0 0 1 2
12 280 816 302 843 141 0 0 1 2
12 289 818 311 845 161 0 0 1 2
12 300 822 322 850 181 0 0 1 2
12 308 825 330 852 201 0 0 1 2
12 319 829 341 856 221 0 0 1 2
12 330 829 352 856 241 0 0 1 2
12 338 829 360 856 261 0 0 1 2
12 349 831 371 859 281 0 0 1 2
12 360 831 382 859 301 0 0 1 2
12 371 831 393 859 321 0 0 1 2
12 380 831 402 859 341 0 0 1 2
12 391 834 413 861 361 0 0 1 2
12 402 834 424 861 381 0 0 1 2
12 413 834 435 861 401 0 0 1 2
12 421 836 443 863 421 0 0 1 2
12 432 836 454 863 441 0 0 1 2
12 443 836 465 863 461 0 0 1 2
12 451 836 473 863 481 0 0 1 2
12 462 836 484 863 501 0 0 1 2
15 534 2 559 22 14 0 0 1 2
15 550 6 575 27 34 0 0 1 2
15 567 11 594 31 54 0 0 1 2
15 583 15 611 38 74 0 0 1 2
15 603 20 627 43 94 0 0 1 2
15 619 24 647 47 114 0 0 1 2
15 633 29 661 52 134 0 0 1 2
15 647 34 674 56 154 0 0 1 2
15 661 36 688 58 174 0 0 1 2
15 677 40 705 63 194 0 0 1 2
15 691 45 718 68 214 0 0 1 2
15 705 49 732 72 234 0 0 1 2
15 718 56 746 79 254 0 0 1 2
15 732 63 760 86 274 0 0 1 2
15 746 70 773 92 294 0 0 1 2
15 760 77 787 99 314 0 0 1 2
15 773 83 801 106 334 0 0 1 2
15 787 90 815 113 354 0 0 1 2
15 798 95 826 117 374 0 0 1 2
15 812 99 840 122 394 0 0 1 2
15 826 106 853 129 414 0 0 1 2
15 840 111 867 133 434 0 0 1 2
15 853 115 881 138 454 0 0 1 2
15 870 122 897 145 474 0 0 1 2
15 886 126 914 149 494 0 0 1 2
16 1338 92 1374 115 505 0 0 1 2
