1 1074 636 1118 685 13179 0 0 0 2
1 1066 624 1110 674 13199 0 0 1 2
1 1059 613 1103 663 13219 0 0 1 2
1 1052 602 1096 651 13239 0 0 1 2
1 1044 591 1088 640 13259 0 0 1 2
1 1037 579 1081 629 13279 0 0 1 2
1 1030 568 1074 618 13299 0 0 1 2
1 1022 557 1066 606 13319 0 0 1 2
1 1015 546 1059 595 13339 0 0 1 2
1 1002 535 1046 584 13359 0 0 1 2
1 991 526 1035 575 13379 0 0 1 2
1 980 517 1024 566 13399 0 0 1 2
1 967 508 1011 557 13419 0 0 1 2
1 956 499 1000 548 13439 0 0 1 2
1 943 490 987 539 13459 0 0 1 2
1 932 481 976 530 13479 0 0 1 2
1 918 469 962 519 13499 0 0 1 2
1 899 465 947 514 13519 0 0 1 2
1 881 460 934 510 13539 0 0 1 2
1 864 456 919 508 13559 0 0 1 2
1 846 449 905 503 13579 0 0 1 2
1 828 445 892 499 13599 0 0 1 2
1 809 440 877 494 13619 0 0 1 2
1 796 438 864 492 13639 0 0 1 2
1 784 433 850 487 13659 0 0 1 2
1 771 431 837 485 13679 0 0 1 2
1 758 429 822 483 13699 0 0 1 2
1 741 431 806 485 13719 0 0 1 2
1 727 436 791 490 13739 0 0 1 2
1 708 438 773 492 13759 0 0 1 2
1 690 440 754 494 13779 0 0 1 2
1 672 440 736 494 13799 0 0 1 2
1 657 440 721 494 13819 0 0 1 2
1 642 438 706 492 13839 0 0 1 2
1 629 436 694 490 13859 0 0 1 2
1 611 436 675 490 13879 0 0 1 2
1 594 436 659 490 13899 0 0 1 2
1 576 436 640 490 13919 0 0 1 2
1 560 436 624 490 13939 0 0 1 2
1 541 438 605 490 13959 0 0 1 2
1 532 445 593 490 13979 0 0 1 2
1 514 447 572 490 13999 0 0 1 2
1 490 451 550 494 14019 0 0 1 2
1 468 454 530 494 14039 0 0 1 2
1 455 454 517 494 14059 0 0 1 2
1 442 451 504 492 14079 0 0 1 2
1 429 451 492 492 14099 0 0 1 2
1 413 451 475 492 14119 0 0 1 2
1 391 454 453 494 14139 0 0 1 2
1 367 451 429 492 14159 0 0 1 2
1 343 447 405 487 14179 0 0 1 2
1 319 445 381 485 14199 0 1 1 2
1 297 445 359 485 14219 0 1 1 2
1 273 445 336 485 14239 0 1 1 2
1 244 445 306 485 14259 0 1 1 2
1 205 447 268 485 14279 0 1 1 2
1 192 451 255 485 14299 0 1 1 2
1 181 454 244 487 14319 0 1 1 2
1 170 456 233 490 14339 0 1 1 2
1 159 458 222 492 14359 0 1 1 2
1 148 460 211 494 14379 0 1 1 2
1 137 463 200 496 14399 0 1 1 2
1 126 465 189 496 14419 0 1 1 2
1 115 467 178 499 14439 0 1 1 2
1 104 469 167 501 14459 0 1 1 2
1 86 474 148 505 14479 0 0 1 2
1 71 476 134 508 14499 0 0 1 2
1 77 467 132 499 14519 0 0 1 2
1 55 469 110 501 14539 0 0 0 2
2 1052 636 1081 683 13189 0 0 1 2
2 1046 624 1075 672 13209 0 0 1 2
2 1039 613 1068 660 13229 0 0 1 2
2 1031 602 1061 649 13249 0 0 1 2
2 1024 591 1053 638 13269 0 0 1 2
2 1017 582 1046 629 13289 0 0 1 2
2 1008 573 1037 620 13309 0 0 1 2
2 997 564 1026 611 13329 0 0 1 2
2 987 557 1017 604 13349 0 0 1 2
2 976 548 1006 595 13369 0 0 1 2
2 965 539 995 586 13389 0 0 1 2
2 956 530 985 577 13409 0 0 1 2
2 945 523 974 570 13429 0 0 1 2
2 934 514 963 561 13449 0 0 1 2
2 921 508 951 555 13469 0 0 1 2
2 908 499 936 546 13489 0 0 1 2
2 894 494 925 541 13509 0 0 1 2
2 877 492 912 537 13529 0 0 1 2
2 861 490 901 535 13549 0 0 1 2
2 842 487 886 530 13569 0 0 1 2
2 828 485 872 528 13589 0 0 1 2
2 811 483 855 526 13609 0 0 1 2
2 795 481 840 523 13629 0 0 1 2
2 778 478 824 521 13649 0 0 1 2
2 763 476 807 519 13669 0 0 1 2
2 747 476 793 519 13689 0 0 1 2
2 736 481 782 523 13709 0 0 1 2
2 725 487 771 530 13729 0 0 1 2
2 701 487 747 530 13749 0 0 1 2
2 683 487 728 530 13769 0 0 1 2
2 670 487 716 530 13789 0 0 1 2
2 655 485 701 528 13809 0 0 1 2
2 637 485 683 528 13829 0 0 1 2
2 620 485 664 528 13849 0 0 1 2
2 609 485 653 528 13869 0 0 1 2
2 596 485 640 528 13889 0 0 1 2
2 583 485 627 528 13909 0 0 1 2
2 569 487 613 530 13929 0 0 1 2
2 548 487 593 530 13949 0 0 1 2
2 528 487 572 530 13969 0 0 1 2
2 512 487 556 530 13989 0 0 1 2
2 495 487 543 528 14009 0 0 1 2
2 482 487 539 526 14029 0 0 1 2
2 466 490 528 523 14049 0 0 1 2
2 444 490 506 523 14069 0 0 1 2
2 429 490 492 523 14089 0 0 1 2
2 416 490 479 523 14109 0 0 1 2
2 403 487 466 521 14129 0 0 1 2
2 392 487 455 521 14149 0 0 1 2
2 358 487 420 521 14169 0 0 1 2
2 332 487 394 521 14189 0 0 1 2
2 304 487 367 521 14209 0 1 1 2
2 277 490 339 523 14229 0 1 1 2
2 247 487 310 523 14249 0 1 1 2
2 220 483 282 521 14269 0 1 1 2
2 192 481 255 519 14289 0 1 1 2
2 159 485 222 523 14309 0 1 1 2
2 128 490 190 528 14329 0 1 1 2
2 126 508 189 546 14349 0 1 1 2
2 124 526 187 564 14369 0 1 1 2
2 123 543 185 582 14389 0 1 1 2
2 121 561 183 600 14409 0 1 1 2
2 110 521 172 559 14429 0 1 1 2
2 104 512 167 550 14449 0 1 1 2
2 99 503 161 541 14469 0 1 1 2
2 89 501 152 539 14489 0 0 1 2
2 86 496 139 528 14509 0 0 1 2
2 75 496 128 528 14529 0 0 1 2
3 1268 269 1309 330 14156 0 0 1 1
3 1160 314 1204 370 14176 0 1 1 1
3 1088 343 1132 397 14196 0 0 1 1
3 1015 377 1059 431 14216 0 0 1 1
3 938 404 982 458 14236 0 0 1 1
3 861 422 905 476 14256 0 0 1 1
3 782 431 826 485 14276 0 0 1 1
3 703 438 747 492 14296 0 0 1 1
3 635 440 679 494 14316 0 0 1 1
3 569 442 613 496 14336 0 0 1 1
3 504 447 548 501 14356 0 0 1 1
3 436 447 481 501 14376 0 0 1 1
3 369 447 413 501 14396 0 0 1 1
3 260 429 304 483 14416 0 0 1 1
3 152 409 196 463 14436 0 0 1 1
3 123 413 167 467 14456 0 1 1 1
3 102 420 146 474 14476 0 1 1 1
3 80 424 124 478 14496 0 1 1 1
3 22 442 93 472 14516 0 0 1 1
4 1153 11 1202 49 14507 0 0 1 2
4 1142 26 1195 67 14527 0 0 1 2
4 1136 42 1189 83 14547 0 0 1 2
5 1059 633 1105 674 14191 0 0 1 2
5 1066 622 1112 663 14211 0 0 1 2
5 1072 609 1116 649 14231 0 0 1 2
5 1075 595 1120 636 14251 0 0 1 2
5 1081 582 1125 622 14271 0 0 1 2
5 1094 568 1138 606 14291 0 0 1 2
5 1105 557 1149 593 14311 0 0 1 2
5 1112 543 1156 579 14331 0 0 1 2
5 1118 530 1162 566 14351 0 0 1 2
5 1131 517 1175 552 14371 0 0 1 2
5 1145 503 1189 535 14391 0 0 1 2
5 1160 490 1204 521 14411 0 0 1 2
5 1173 481 1217 512 14431 0 0 1 2
5 1187 469 1232 501 14451 0 0 1 2
5 1200 460 1244 492 14471 0 0 1 2
5 1215 449 1259 481 14491 0 0 1 2
5 1232 447 1272 481 14511 0 0 1 2
5 1243 436 1281 465 14531 0 0 1 2
5 1266 418 1303 445 14551 0 0 1 2
6 1268 458 1299 508 14513 0 0 1 2
6 1276 451 1307 501 14533 0 0 1 2
6 1294 442 1320 492 14553 0 0 1 2
7 1123 595 1156 624 14258 0 0 1 2
7 1129 577 1162 606 14278 0 0 1 2
7 1134 557 1167 586 14298 0 0 1 2
7 1143 543 1176 573 14318 0 0 1 2
7 1156 535 1189 564 14338 0 0 1 2
7 1169 523 1202 552 14358 0 0 1 2
7 1184 512 1217 541 14378 0 0 1 2
7 1200 496 1233 528 14398 0 0 1 2
7 1217 485 1250 517 14418 0 0 1 2
7 1230 476 1261 508 14438 0 0 1 2
7 1244 467 1274 499 14458 0 0 0 2
7 1265 456 1294 487 14478 0 0 1 2
7 1277 440 1305 472 14498 0 0 1 2
8 1209 523 1241 555 14372 0 0 1 2
8 1221 514 1252 546 14392 0 0 1 2
8 1232 505 1263 537 14412 0 0 1 2
8 1244 499 1276 530 14432 0 0 1 2
8 1261 490 1292 521 14452 0 0 1 2
8 1276 481 1307 512 14472 0 0 1 2
8 1288 472 1318 503 14492 0 0 0 2
9 1066 636 1110 667 14098 0 0 1 2
9 1072 624 1116 656 14118 0 0 1 2
9 1077 613 1121 645 14138 0 0 1 2
9 1081 602 1125 633 14158 0 0 1 2
9 1086 588 1131 620 14178 0 0 1 2
9 1092 577 1136 609 14198 0 0 1 2
9 1097 566 1142 597 14218 0 0 1 2
9 1105 555 1149 586 14238 0 0 1 2
9 1114 543 1158 575 14258 0 0 1 2
9 1123 532 1167 564 14278 0 0 1 2
9 1132 521 1176 552 14298 0 0 1 2
9 1143 510 1187 541 14318 0 0 1 2
9 1153 499 1197 530 14338 0 0 1 2
9 1164 490 1208 521 14358 0 0 0 2
9 1175 481 1219 512 14378 0 0 1 2
9 1187 472 1232 503 14398 0 0 1 2
9 1200 463 1244 494 14418 0 0 1 2
9 1217 454 1261 485 14438 0 0 1 2
9 1235 442 1279 474 14458 0 0 1 2
9 1250 431 1294 463 14478 0 0 1 2
9 1259 420 1303 451 14498 0 0 1 2
9 1287 406 1316 445 14518 0 0 1 2
10 1011 166 1072 215 14505 0 0 1 1
10 978 161 1039 211 14525 0 0 1 1
10 958 157 1019 206 14545 0 0 1 1
15 1011 642 1048 703 7253 0 0 1 2
15 1011 622 1048 683 7273 0 0 1 2
15 1011 600 1048 660 7293 0 0 1 2
15 1011 577 1048 638 7313 0 0 1 2
15 1008 566 1044 627 7333 0 0 1 2
15 1006 552 1042 613 7353 0 0 1 2
15 1006 537 1042 597 7373 0 0 1 2
15 1006 517 1042 577 7393 0 0 1 2
15 1006 499 1042 559 7413 0 0 1 2
15 1006 483 1042 543 7433 0 0 1 2
15 1004 463 1041 523 7453 0 0 1 2
15 1000 440 1037 501 7473 0 0 1 2
15 1000 420 1037 481 7493 0 0 1 2
15 1000 406 1033 460 7513 0 0 1 2
15 1000 395 1028 440 7533 0 0 1 2
15 997 382 1024 424 7553 0 0 1 2
15 991 368 1019 409 7573 0 0 1 2
15 989 350 1017 391 7593 0 0 1 2
15 987 330 1015 370 7613 0 0 1 2
15 982 312 1009 352 7633 0 0 1 2
15 974 294 1002 334 7653 0 0 1 2
15 963 278 991 319 7673 0 0 1 2
15 952 260 980 301 7693 0 0 1 2
15 945 245 973 285 7713 0 0 1 2
15 943 227 971 267 7733 0 0 1 2
15 940 209 967 249 7753 0 0 1 2
15 930 188 958 229 7773 0 0 1 2
15 923 170 951 211 7793 0 0 1 2
15 918 157 945 197 7813 0 0 1 2
15 912 143 940 184 7833 0 0 1 2
15 908 125 936 166 7853 0 0 1 2
15 903 105 930 146 7873 0 0 1 2
15 903 89 930 130 7893 0 0 1 2
15 905 74 932 114 7913 0 0 1 2
15 905 58 932 98 7933 0 0 1 2
15 905 40 932 80 7953 0 0 1 2
15 903 26 930 62 7973 0 0 1 2
15 903 13 930 49 7993 0 0 1 2
16 1224 384 1265 456 10465 0 0 1 1
16 1164 386 1204 463 10485 0 0 1 1
16 1101 391 1143 467 10505 0 0 1 1
16 1035 400 1085 469 10525 0 0 1 1
16 971 406 1026 474 10545 0 0 1 1
16 910 415 971 478 10565 0 0 1 1
16 862 429 923 492 10585 0 0 1 1
16 815 442 875 505 10605 0 0 1 1
16 761 451 822 514 10625 0 0 1 1
16 705 445 765 508 10645 0 0 1 1
16 646 440 706 503 10665 0 0 1 1
16 596 445 657 508 10685 0 0 1 1
16 547 447 607 510 10705 0 0 1 1
16 492 440 552 503 10725 0 0 1 1
16 436 436 497 499 10745 0 0 1 1
16 376 431 436 494 10765 0 0 1 1
16 330 431 391 494 10785 0 1 1 1
16 268 433 328 496 10805 0 1 1 1
16 205 436 266 499 10825 0 1 1 1
16 143 438 203 501 10845 0 1 1 1
16 84 440 145 503 10865 0 1 1 1
16 29 440 89 503 10885 0 0 1 1
17 857 20 890 56 10488 0 0 1 1
17 866 17 901 56 10508 0 0 1 1
17 875 22 914 65 10528 0 0 1 1
17 885 29 929 74 10548 0 0 1 1
17 894 33 941 83 10568 0 0 1 1
17 899 51 951 103 10588 0 0 1 1
17 905 76 956 128 10608 0 0 1 1
17 910 103 962 155 10628 0 0 1 1
17 918 130 969 182 10648 0 0 1 1
17 956 146 1008 197 10668 0 0 1 1
17 997 159 1048 211 10688 0 0 1 1
17 1041 175 1092 227 10708 0 0 1 1
17 1092 186 1143 238 10728 0 0 1 1
17 1145 197 1197 249 10748 0 0 1 1
17 1202 197 1254 249 10768 0 0 1 1
17 1261 197 1312 249 10788 0 0 1 1
18 9 467 58 517 10518 0 0 1 2
18 22 460 71 510 10538 0 0 1 2
18 34 456 84 505 10558 0 0 1 2
18 56 451 106 501 10578 0 0 1 2
18 80 447 130 496 10598 0 0 1 2
18 102 447 152 496 10618 0 0 1 2
18 117 445 167 494 10638 0 0 1 2
19 1209 312 1255 341 9841 0 0 1 1
19 1142 332 1187 361 9861 0 0 1 1
19 1075 355 1121 384 9881 0 0 1 1
19 1013 375 1059 404 9901 0 0 1 1
19 949 391 995 420 9921 0 0 1 1
19 883 404 929 433 9941 0 0 1 1
19 818 415 864 445 9961 0 0 1 1
19 752 422 798 451 9981 0 0 1 1
19 688 429 734 458 10001 0 0 1 1
19 622 436 686 474 10021 0 0 1 1
19 558 440 627 481 10041 0 0 1 1
19 490 440 560 481 10061 0 0 1 1
20 1103 0 1138 49 9251 0 0 1 2
20 1097 20 1132 69 9271 0 0 1 2
20 1090 38 1125 89 9291 0 0 1 2
20 1085 58 1120 110 9311 0 0 1 2
20 1077 78 1112 130 9331 0 0 1 2
20 1072 98 1107 150 9351 0 0 1 2
20 1055 116 1090 168 9371 0 0 1 2
20 1037 137 1072 188 9391 0 0 1 2
20 1019 157 1053 209 9411 0 0 1 2
20 1002 177 1037 229 9431 0 0 1 2
20 993 197 1028 249 9451 0 0 1 2
20 982 218 1017 269 9471 0 0 1 2
20 973 236 1008 287 9491 0 0 1 2
20 962 263 1000 310 9511 0 0 1 2
20 952 289 997 334 9531 0 0 1 2
20 941 319 991 359 9551 0 0 1 2
20 941 337 991 377 9571 0 0 1 2
20 929 355 978 395 9591 0 0 1 2
20 908 373 958 413 9611 0 0 1 2
20 885 391 934 431 9631 0 0 1 2
20 868 395 918 436 9651 0 0 1 2
20 848 397 897 438 9671 0 0 1 2
20 822 400 872 440 9691 0 0 1 2
20 802 400 851 440 9711 0 0 1 2
20 782 400 831 440 9731 0 0 1 2
20 758 400 807 440 9751 0 0 1 2
20 732 400 782 440 9771 0 0 1 2
20 708 400 758 440 9791 0 0 1 2
20 683 397 732 438 9811 0 0 1 2
20 655 397 705 438 9831 0 0 1 2
20 631 397 681 438 9851 0 1 1 2
20 607 400 657 440 9871 0 1 1 2
20 583 402 633 442 9891 0 1 1 2
20 561 406 611 447 9911 0 0 1 2
20 543 406 593 447 9931 0 0 1 2
20 523 406 572 447 9951 0 0 1 2
20 501 409 550 449 9971 0 0 1 2
20 477 409 526 449 9991 0 0 1 2
20 449 411 499 451 10011 0 0 1 2
20 416 411 466 451 10031 0 0 1 2
20 389 409 436 449 10051 0 0 1 2
20 363 406 411 447 10071 0 1 1 2
20 341 406 389 447 10091 0 1 1 2
20 317 409 365 449 10111 0 1 1 2
20 295 411 343 451 10131 0 1 1 2
20 273 411 321 451 10151 0 1 1 2
20 249 413 297 454 10171 0 1 1 2
20 227 415 275 456 10191 0 1 1 2
20 205 415 253 456 10211 0 1 1 2
20 181 418 229 458 10231 0 1 1 2
20 159 420 207 460 10251 0 1 1 2
20 137 420 185 460 10271 0 1 1 2
20 113 422 161 463 10291 0 1 1 2
20 91 422 139 463 10311 0 0 1 2
20 69 422 117 463 10331 0 0 1 2
20 42 420 89 460 10351 0 0 1 2
20 12 420 60 460 10371 0 0 1 2
20 0 420 44 458 10391 0 1 1 2
20 0 420 38 458 10411 0 1 1 2
20 0 420 31 458 10431 0 1 1 2
21 424 465 455 494 10381 0 0 1 2
21 436 465 468 494 10401 0 0 1 2
21 453 463 486 494 10421 0 0 1 2
21 473 460 506 492 10441 0 0 1 2
21 493 458 526 490 10461 0 0 1 2
21 512 456 545 487 10481 0 0 1 2
21 528 451 561 483 10501 0 0 1 2
21 545 447 578 478 10521 0 0 1 2
22 64 454 117 485 10039 0 0 1 1
22 16 449 66 481 10059 0 0 1 1
23 86 447 139 478 10080 0 0 1 1
23 84 447 135 478 10100 0 0 1 1
23 55 449 106 481 10120 0 0 1 1
23 27 451 77 483 10140 0 0 1 1
23 11 454 56 485 10160 0 0 1 1
23 0 456 33 487 10180 0 0 1 1
24 73 409 146 454 10074 0 0 1 1
24 53 409 126 454 10094 0 0 1 1
24 33 411 106 456 10114 0 0 1 1
24 20 415 89 460 10134 0 0 1 1
24 9 418 75 463 10154 0 0 1 1
25 1219 96 1252 148 10206 0 0 1 2
25 1224 121 1255 173 10226 0 0 1 2
25 1232 141 1263 193 10246 0 0 1 2
25 1246 155 1276 206 10266 0 0 1 2
25 1261 166 1288 220 10286 0 0 1 2
25 1274 184 1299 238 10306 0 0 1 2
25 1287 204 1312 258 10326 0 0 0 2
25 1290 211 1316 265 10346 0 0 1 2
25 1296 220 1320 274 10366 0 0 1 2
26 1230 114 1272 157 10272 0 0 1 2
26 1233 137 1277 179 10292 0 0 1 2
26 1237 159 1281 200 10312 0 0 1 2
26 1246 175 1290 215 10332 0 0 1 2
26 1255 193 1299 233 10352 0 0 1 2
26 1265 209 1309 249 10372 0 0 1 2
26 1277 222 1320 263 10392 0 0 1 2
27 1088 15 1132 83 10089 0 0 1 1
27 1112 60 1156 128 10109 0 0 1 1
27 1136 105 1180 173 10129 0 0 1 1
27 1160 150 1204 218 10149 0 0 1 1
27 1182 195 1226 263 10169 0 0 1 1
27 1217 236 1261 303 10189 0 0 1 1
27 1254 276 1298 343 10209 0 0 1 1
28 1099 13 1143 69 11219 0 0 1 6
28 1101 47 1145 103 11239 0 0 1 6
28 1103 83 1147 139 11259 0 0 1 6
28 1101 121 1145 177 11279 0 0 1 6
28 1094 161 1138 218 11299 0 0 1 6
28 1086 202 1131 258 11319 0 0 1 6
28 1086 249 1131 305 11339 0 0 1 6
28 1086 298 1131 355 11359 0 0 1 6
28 1086 350 1131 406 11379 0 0 1 6
28 1090 406 1134 463 11399 0 0 1 6
28 1094 463 1138 519 11419 0 0 1 6
28 1096 530 1140 586 11439 0 0 1 6
28 1086 597 1131 654 11459 0 0 1 6
29 1265 224 1309 278 8950 0 0 1 2
29 1252 233 1296 287 8970 0 0 1 2
29 1237 238 1281 292 8990 0 0 1 2
29 1215 247 1259 298 9010 0 0 1 2
29 1197 256 1241 307 9030 0 0 1 2
29 1178 267 1221 314 9050 0 0 1 2
29 1158 276 1200 323 9070 0 0 1 2
29 1140 285 1182 330 9090 0 0 1 2
29 1121 296 1162 339 9110 0 0 1 2
29 1101 305 1142 348 9130 0 0 1 2
29 1083 316 1123 355 9150 0 0 1 2
29 1064 325 1103 364 9170 0 0 1 2
29 1044 337 1083 370 9190 0 0 1 2
29 1026 346 1064 379 9210 0 0 1 2
29 1008 357 1044 386 9230 0 0 1 2
29 987 366 1024 395 9250 0 0 1 2
29 967 377 1004 406 9270 0 0 1 2
29 947 388 984 418 9290 0 0 1 2
29 925 400 962 429 9310 0 0 1 2
29 905 411 941 440 9330 0 0 1 2
29 885 422 921 451 9350 0 0 1 2
29 864 433 901 463 9370 0 0 1 2
29 842 440 879 469 9390 0 0 1 2
29 820 440 857 469 9410 0 0 1 2
29 798 442 835 472 9430 0 0 1 2
29 776 442 813 472 9450 0 0 1 2
29 754 445 791 474 9470 0 0 1 2
29 732 445 769 474 9490 0 0 1 2
29 712 447 749 476 9510 0 0 1 2
29 690 447 728 478 9530 0 0 1 2
29 668 447 708 483 9550 0 0 1 2
29 646 449 688 485 9570 0 0 1 2
29 624 449 668 487 9590 0 0 1 2
29 602 451 648 492 9610 0 0 0 2
29 578 451 624 492 9630 0 0 1 2
29 554 451 600 492 9650 0 0 1 2
29 532 451 578 492 9670 0 0 1 2
29 510 454 556 494 9690 0 0 1 2
29 488 454 534 494 9710 0 0 1 2
29 468 454 514 494 9730 0 0 0 2
29 444 454 490 494 9750 0 0 1 2
29 420 454 466 494 9770 0 0 0 2
29 394 456 440 496 9790 0 0 0 2
29 400 456 435 485 10380 0 0 0 2
29 422 447 457 476 10400 0 0 1 2
29 442 440 477 469 10420 0 0 1 2
29 460 438 495 467 10440 0 0 1 2
29 479 433 514 463 10460 0 0 1 2
29 497 431 532 460 10480 0 0 1 2
29 515 429 550 458 10500 0 0 0 2
29 532 427 574 463 10520 0 0 1 2
29 550 427 600 467 10540 0 0 1 2
29 567 424 624 472 10560 0 0 1 2
29 585 424 649 476 10580 0 0 1 2
29 604 418 670 472 10600 0 1 1 2
29 622 411 688 465 10620 0 1 1 2
29 644 411 710 465 10640 0 1 1 2
29 661 411 727 465 10660 0 0 1 2
29 679 411 745 465 10680 0 0 1 2
29 695 411 761 465 10700 0 0 1 2
29 712 411 778 465 10720 0 0 1 2
29 730 411 796 465 10740 0 0 1 2
29 747 411 813 465 10760 0 0 1 2
29 763 411 829 465 10780 0 0 1 2
29 782 411 848 465 10800 0 0 1 2
29 798 409 864 463 10820 0 0 1 2
29 815 404 881 458 10840 0 0 1 2
29 833 400 899 454 10860 0 0 1 2
29 850 395 916 449 10880 0 0 1 2
29 866 391 932 445 10900 0 0 1 2
29 885 388 951 442 10920 0 0 0 2
29 899 384 965 438 10940 0 0 1 2
29 916 382 982 436 10960 0 0 1 2
29 932 379 998 433 10980 0 0 1 2
29 951 375 1017 429 11000 0 0 0 2
29 967 373 1030 422 11020 0 0 1 2
29 985 373 1042 418 11040 0 0 1 2
29 1004 373 1055 411 11060 0 0 1 2
29 1022 373 1070 406 11080 0 0 0 2
29 1037 368 1085 402 11100 0 0 1 2
29 1052 364 1099 397 11120 0 0 1 2
29 1066 359 1114 393 11140 0 0 1 2
29 1083 355 1131 388 11160 0 0 1 2
29 1101 348 1149 382 11180 0 0 1 2
29 1121 341 1169 375 11200 0 0 0 2
29 1136 334 1184 368 11220 0 0 1 2
29 1151 328 1198 361 11240 0 0 1 2
29 1165 323 1213 357 11260 0 0 1 2
29 1180 316 1228 350 11280 0 0 1 2
29 1195 312 1243 346 11300 0 0 1 2
29 1213 307 1261 341 11320 0 0 1 2
29 1230 303 1277 337 11340 0 0 1 2
29 1248 298 1296 332 11360 0 0 0 2
29 1263 285 1310 319 11380 0 0 1 2
29 1270 280 1318 314 11400 0 0 0 2
30 962 395 1000 445 11000 0 0 0 2
30 976 393 1015 442 11020 0 0 1 2
30 991 393 1030 440 11040 0 0 1 2
30 1006 391 1044 438 11060 0 0 1 2
30 1020 391 1059 438 11080 0 0 0 2
30 1041 384 1079 431 11100 0 0 1 2
30 1061 379 1099 427 11120 0 0 1 2
30 1081 375 1120 422 11140 0 0 0 2
30 1096 370 1134 418 11160 0 0 1 2
30 1112 366 1151 413 11180 0 0 1 2
30 1129 361 1167 409 11200 0 0 0 2
30 1143 352 1182 400 11220 0 0 1 2
30 1160 346 1198 393 11240 0 0 1 2
30 1176 339 1215 386 11260 0 0 1 2
30 1191 330 1232 377 11280 0 0 1 2
30 1208 325 1248 373 11300 0 0 1 2
30 1222 321 1263 368 11320 0 0 1 2
30 1237 319 1277 366 11340 0 0 1 2
30 1252 316 1292 364 11360 0 0 0 2
30 1266 305 1307 352 11380 0 0 1 2
30 1279 298 1320 346 11400 0 0 0 2
34 903 13 940 56 19 0 1 1 2
34 901 0 938 42 39 0 1 1 2
35 991 573 1050 613 89 0 0 1 1
35 1066 530 1125 570 109 0 0 1 1
35 1138 481 1197 521 129 0 0 1 1
35 1215 440 1272 481 149 0 0 1 1
36 576 384 642 454 8 0 0 1 2
36 563 384 629 454 28 0 0 1 2
36 550 386 616 456 48 0 0 1 2
36 537 388 604 458 68 0 0 1 2
36 526 391 591 460 88 0 0 1 2
36 514 391 578 460 108 0 0 1 2
36 501 393 565 463 128 0 0 1 2
36 488 395 554 465 148 0 0 1 2
36 475 395 541 465 168 0 0 1 2
36 462 397 528 467 188 0 0 1 2
36 451 400 515 469 208 0 0 1 2
36 438 402 503 472 228 0 0 1 2
36 425 402 490 472 248 0 0 1 2
36 413 404 477 474 268 0 0 1 2
36 400 406 464 476 288 0 0 1 2
36 389 406 453 476 308 0 0 1 2
36 442 395 506 465 328 0 0 1 2
36 508 382 574 451 348 0 0 1 2
36 499 382 565 451 368 0 0 1 2
36 482 382 548 451 388 0 0 1 2
36 466 384 532 454 408 0 0 1 2
36 448 384 514 454 428 0 0 1 2
36 435 386 501 456 448 0 0 1 2
36 424 386 490 456 468 0 0 1 2
36 411 386 477 456 488 0 0 1 2
36 398 386 464 456 508 0 0 1 2
36 398 386 464 456 528 0 0 1 2
37 560 397 607 447 16 0 0 1 2
37 556 400 604 449 36 0 0 1 2
37 550 402 598 451 56 0 0 1 2
37 547 402 594 451 76 0 0 1 2
37 543 404 591 454 96 0 0 1 2
37 539 406 587 456 116 0 0 1 2
37 536 409 583 458 136 0 0 1 2
37 532 409 580 458 156 0 0 1 2
37 526 411 574 460 176 0 0 1 2
37 523 413 571 463 196 0 0 1 2
37 519 415 567 465 216 0 0 1 2
37 515 415 563 465 236 0 0 1 2
37 512 418 560 467 256 0 0 1 2
37 508 420 556 469 276 0 0 1 2
37 503 420 550 469 296 0 0 1 2
37 499 422 547 472 316 0 0 1 2
37 495 424 543 474 336 0 0 1 2
37 488 427 536 476 356 0 0 1 2
37 471 427 519 476 376 0 0 1 2
37 455 427 503 476 396 0 0 1 2
37 440 427 488 476 416 0 0 1 2
37 425 429 473 478 436 0 0 1 2
37 418 431 466 481 456 0 0 1 2
37 411 433 459 483 476 0 0 1 2
37 403 436 451 485 496 0 0 1 2
37 400 438 448 487 516 0 0 1 2
38 1250 276 1296 325 355 0 0 1 2
38 1195 305 1241 355 375 0 0 1 2
38 1158 323 1206 373 395 0 0 1 2
38 1131 334 1178 384 415 0 1 1 2
38 1094 346 1142 395 435 0 1 1 2
38 1048 359 1096 409 455 0 0 1 2
38 1000 375 1048 424 475 0 0 1 2
38 952 386 1000 436 495 0 0 1 2
38 905 400 952 449 515 0 0 1 2
39 905 49 954 114 264 0 0 1 1
39 908 80 958 146 284 0 0 1 1
39 912 112 962 177 304 0 0 1 1
39 918 143 967 209 324 0 0 1 1
39 921 175 971 242 344 0 0 1 1
39 929 215 978 283 364 0 0 1 1
39 938 256 985 323 384 0 0 1 1
39 941 296 989 364 404 0 0 1 1
39 927 332 974 400 424 0 0 1 1
39 897 359 945 427 444 0 0 1 1
39 859 382 907 449 464 0 0 1 1
39 809 391 857 458 484 0 0 1 1
39 754 391 802 458 504 0 0 1 1
39 701 391 749 458 524 0 0 1 1
40 778 647 839 687 95 0 0 1 1
40 839 631 899 672 115 0 0 1 1
40 897 615 958 656 135 0 0 1 1
40 938 568 998 609 155 0 0 1 1
40 974 517 1037 557 175 0 0 1 1
40 998 465 1061 505 195 0 0 1 1
40 995 411 1057 449 215 0 0 1 1
40 989 357 1052 393 235 0 0 1 1
40 985 305 1048 341 255 0 0 1 1
40 976 269 1039 305 275 0 0 1 1
40 967 236 1030 271 295 0 0 1 1
40 958 200 1020 236 315 0 0 1 1
40 949 170 1011 206 335 0 0 1 1
40 940 161 1002 195 355 0 0 1 1
40 932 150 995 184 375 0 0 1 1
40 923 139 985 173 395 0 0 1 1
40 914 130 976 161 415 0 0 1 1
40 905 119 967 150 435 0 0 1 1
40 897 107 960 139 455 0 0 1 1
40 897 87 960 119 475 0 0 1 1
40 896 67 958 98 495 0 0 1 1
40 894 49 956 80 515 0 0 1 1
41 758 640 793 687 136 0 0 1 2
41 780 640 815 687 156 0 0 1 2
41 800 640 835 687 176 0 0 1 2
41 824 640 859 687 196 0 0 1 2
41 851 642 886 690 216 0 0 1 2
41 879 642 914 694 236 0 0 1 2
41 907 645 941 696 256 0 0 1 2
41 934 649 969 701 276 0 0 1 2
41 960 651 995 703 296 0 0 1 2
41 978 674 1013 726 316 0 0 1 2
41 1000 696 1035 748 336 0 0 1 2
41 1000 696 1035 748 356 0 1 1 2
41 1000 696 1035 748 376 0 1 1 2
41 1000 696 1035 748 396 0 1 1 2
41 1000 696 1035 748 416 0 1 1 2
41 1000 696 1035 748 436 0 1 1 2
41 1000 696 1035 748 456 0 1 1 2
41 1000 696 1035 748 476 0 1 1 2
41 1000 696 1035 748 496 0 1 1 2
41 1000 696 1035 748 516 0 1 1 2
43 60 427 113 472 118 0 0 1 1
43 12 429 66 474 138 0 0 1 1
44 1235 328 1292 388 116 0 0 1 1
44 1149 346 1208 406 136 0 0 1 1
44 1064 364 1123 424 156 0 0 1 1
44 978 377 1037 438 176 0 0 1 1
44 894 388 952 449 196 0 0 1 1
44 807 400 866 460 216 0 0 1 1
44 721 411 780 472 236 0 0 1 1
44 631 418 692 476 256 0 0 1 1
44 539 422 602 481 276 0 0 1 1
44 449 429 512 485 296 0 0 1 1
44 380 433 442 487 316 0 0 1 1
44 330 431 392 485 336 0 1 1 1
44 293 431 356 485 356 0 1 1 1
44 157 427 220 481 376 0 1 1 1
44 53 424 115 478 396 0 0 1 1
45 721 669 769 719 6330 0 0 0 1
45 787 669 835 717 6350 0 0 1 1
45 866 658 914 705 6370 0 0 1 1
45 943 631 991 678 6390 0 0 1 1
45 1011 600 1059 647 6410 0 0 0 1
45 1074 555 1121 602 6430 0 0 1 1
45 1142 508 1189 555 6450 0 0 1 1
45 1215 460 1263 508 6470 0 0 0 1
48 1301 141 1320 200 8007 0 0 1 1
49 1176 1025 1213 1067 8138 0 0 1 2
49 1186 1022 1222 1065 8158 0 0 1 2
49 1198 1022 1235 1065 8178 0 0 1 2
49 1202 1022 1239 1065 8198 0 0 1 2
49 1206 1025 1243 1067 8218 0 0 1 2
49 1211 1029 1248 1072 8238 0 0 1 2
49 1215 1036 1252 1074 8258 0 0 1 2
49 1219 1040 1255 1074 8278 0 0 1 2
49 1224 1038 1261 1072 8298 0 1 1 2
50 123 645 157 690 8118 0 1 1 2
50 124 636 159 681 8138 0 1 1 2
51 903 0 940 38 8008 0 0 1 1
53 763 404 829 456 505 0 0 1 2
53 708 411 774 463 525 0 0 1 2
53 651 415 717 467 545 0 0 1 2
53 596 422 662 474 565 0 0 1 2
53 539 427 605 478 585 0 0 1 2
53 484 433 550 485 605 0 0 1 2
53 433 436 499 487 625 0 0 1 2
53 356 436 422 487 645 0 0 1 2
53 266 440 332 492 665 0 1 1 2
53 211 440 277 492 685 0 1 1 2
53 185 440 251 492 705 0 1 1 2
53 82 442 148 494 725 0 0 1 2
53 34 440 99 492 745 0 0 1 2
54 1285 624 1318 674 635 0 0 1 2
54 1285 624 1318 674 655 0 0 0 2
54 1277 613 1310 663 675 0 0 1 2
54 1270 602 1303 651 695 0 0 1 2
54 1263 582 1296 631 715 0 0 1 2
54 1254 550 1287 600 735 0 0 1 2
54 1243 526 1276 575 755 0 0 1 2
54 1230 503 1263 552 775 0 0 0 2
54 1209 478 1243 528 795 0 0 1 2
54 1184 454 1217 503 815 0 0 1 2
54 1153 431 1187 481 835 0 0 0 2
54 1120 431 1154 481 855 0 0 1 2
54 1094 411 1171 483 875 0 0 1 2
54 1031 427 1109 499 895 0 0 1 2
54 980 438 1057 510 915 0 0 1 2
54 943 442 1020 514 935 0 0 1 2
54 907 447 984 519 955 0 0 1 2
54 862 445 940 517 975 0 0 1 2
54 817 440 894 512 995 0 0 1 2
54 771 436 848 508 1015 0 0 1 2
55 1274 197 1316 245 884 0 0 1 1
55 1259 204 1301 251 904 0 0 1 1
55 1243 213 1285 260 924 0 0 1 1
55 1226 220 1268 267 944 0 0 1 1
55 1211 227 1254 274 964 0 0 1 1
55 1195 236 1237 283 984 0 0 1 1
55 1180 242 1222 289 1004 0 0 1 1
55 1169 254 1211 301 1024 0 0 1 1
56 400 456 442 499 512 0 0 1 1
56 394 451 436 494 532 0 0 1 1
56 385 445 427 487 552 0 0 1 1
56 367 445 409 487 572 0 0 1 1
56 359 445 402 487 592 0 0 1 1
56 358 442 400 485 612 0 1 1 1
56 356 440 398 483 632 0 1 1 1
56 354 438 396 481 652 0 1 1 1
56 350 438 392 481 672 0 1 1 1
56 348 436 391 478 692 0 1 1 1
56 347 433 389 476 712 0 1 1 1
56 345 431 387 474 732 0 1 1 1
56 343 431 385 474 752 0 1 1 1
56 341 429 383 472 772 0 1 1 1
56 339 427 381 469 792 0 1 1 1
56 337 424 380 467 812 0 1 1 1
56 334 422 376 465 832 0 1 1 1
56 334 422 374 463 852 0 1 1 1
56 334 422 374 463 872 0 1 1 1
56 334 422 374 463 892 0 1 1 1
56 334 422 374 463 912 0 1 1 1
56 334 422 374 463 932 0 1 1 1
56 334 422 376 465 952 0 1 1 1
56 334 422 376 465 972 0 1 1 1
56 334 422 376 465 992 0 1 1 1
56 334 422 376 465 1012 0 1 1 1
57 387 393 455 449 500 0 0 0 1
57 372 393 440 449 520 0 0 1 1
57 358 393 425 449 540 0 0 1 1
57 343 393 411 449 560 0 0 0 1
57 328 393 396 449 580 0 1 0 1
57 313 393 381 449 600 0 1 1 1
57 299 393 367 449 620 0 1 1 1
57 282 393 350 449 640 0 1 1 1
57 260 397 328 454 660 0 1 0 1
57 218 393 286 449 680 0 1 0 1
57 181 391 249 447 700 0 1 0 1
57 159 402 227 458 720 0 1 1 1
57 143 411 211 467 740 0 1 1 1
57 132 418 200 474 760 0 1 1 1
57 123 422 190 478 780 0 1 1 1
57 113 429 181 485 800 0 1 1 1
57 102 436 170 492 820 0 1 1 1
57 93 442 161 499 840 0 1 1 1
57 84 449 152 505 860 0 0 0 1
57 42 451 108 508 880 0 0 1 1
58 910 53 962 119 500 0 0 0 2
58 908 38 960 103 520 0 0 1 2
58 907 22 958 87 540 0 0 1 2
58 905 6 956 71 560 0 0 1 2
59 1189 517 1239 573 801 0 0 1 2
59 1208 496 1257 552 821 0 0 1 2
59 1226 478 1276 535 841 0 0 1 2
59 1244 458 1294 514 861 0 0 1 2
59 1266 436 1310 492 881 0 0 1 2
59 1281 422 1320 478 901 0 0 1 2
60 1259 202 1303 236 911 0 0 1 2
60 1244 211 1288 245 931 0 0 1 2
60 1228 218 1272 251 951 0 0 1 2
60 1209 227 1254 260 971 0 0 1 2
60 1187 238 1232 271 991 0 0 1 2
60 1167 251 1211 285 1011 0 0 0 2
60 1167 254 1211 287 1031 0 1 0 2
62 925 388 962 418 507 0 0 1 1
62 877 395 914 422 527 0 0 1 1
62 831 400 868 429 547 0 0 1 1
62 785 406 822 436 567 0 0 1 1
62 739 411 776 442 587 0 0 1 1
62 694 418 730 449 607 0 0 1 1
62 644 420 681 451 627 0 0 1 1
62 596 420 633 451 647 0 0 1 1
62 548 420 585 451 667 0 0 1 1
62 499 420 536 451 687 0 0 1 1
62 451 420 488 451 707 0 0 1 1
62 405 422 442 454 727 0 0 1 1
62 330 420 367 451 747 0 0 1 1
62 273 418 310 449 767 0 1 1 1
62 233 418 269 449 787 0 1 1 1
62 194 415 231 447 807 0 1 1 1
62 156 415 192 447 827 0 1 1 1
62 117 415 154 447 847 0 1 1 1
62 95 418 132 449 867 0 0 1 1
62 75 420 112 451 887 0 0 1 1
62 53 422 89 454 907 0 0 1 1
62 53 415 89 447 927 0 0 1 1
62 34 422 71 454 947 0 0 1 1
62 22 422 58 454 967 0 0 1 1
62 7 427 44 458 987 0 0 1 1
63 929 406 978 438 506 0 0 1 1
63 881 413 929 445 526 0 0 1 1
63 833 418 881 449 546 0 0 1 1
63 785 422 833 454 566 0 0 1 1
63 738 429 785 460 586 0 0 1 1
63 690 433 738 465 606 0 0 1 1
63 642 438 690 469 626 0 0 1 1
63 594 442 640 474 646 0 0 1 1
63 545 442 591 474 666 0 0 1 1
63 495 442 541 474 686 0 0 1 1
63 446 442 492 474 706 0 0 1 1
63 396 445 442 476 726 0 0 0 1
63 356 440 402 472 746 0 0 1 1
63 312 438 358 469 766 0 1 1 1
63 268 438 312 469 786 0 1 1 1
63 224 438 268 467 806 0 1 1 1
63 178 436 222 467 826 0 1 1 1
63 134 436 176 465 846 0 1 1 1
63 93 436 135 465 866 0 0 1 1
63 93 440 135 472 886 0 0 1 1
63 69 445 113 476 906 0 0 1 1
63 45 447 89 478 926 0 0 1 1
63 31 449 75 481 946 0 0 1 1
63 16 451 60 483 966 0 0 1 1
64 1270 332 1309 391 12136 0 0 1 2
64 1248 330 1287 388 12156 0 0 1 2
64 1228 330 1266 388 12176 0 0 1 2
64 1208 332 1246 391 12196 0 0 1 2
64 1186 332 1224 391 12216 0 0 1 2
64 1165 334 1204 393 12236 0 0 1 2
64 1145 339 1184 397 12256 0 0 1 2
64 1123 346 1162 404 12276 0 0 1 2
64 1101 352 1140 411 12296 0 0 1 2
64 1079 359 1118 418 12316 0 0 0 2
64 1057 359 1096 418 12336 0 0 1 2
64 1035 359 1074 418 12356 0 0 1 2
64 1013 364 1052 422 12376 0 0 1 2
64 991 373 1030 431 12396 0 0 1 2
64 967 379 1006 438 12416 0 0 1 2
64 945 388 984 447 12436 0 0 0 2
64 923 391 962 449 12456 0 0 1 2
64 901 395 940 454 12476 0 0 1 2
64 879 400 918 458 12496 0 0 1 2
64 855 400 896 458 12516 0 0 1 2
64 833 400 873 458 12536 0 0 1 2
64 809 400 851 458 12556 0 0 1 2
64 785 400 829 458 12576 0 0 1 2
64 763 400 806 458 12596 0 0 1 2
64 739 400 784 458 12616 0 0 1 2
64 716 400 761 458 12636 0 0 1 2
64 695 400 741 458 12656 0 0 1 2
64 673 400 719 458 12676 0 0 1 2
64 651 400 697 458 12696 0 0 1 2
64 629 400 675 458 12716 0 0 1 2
64 607 402 653 460 12736 0 0 1 2
64 585 402 631 460 12756 0 0 1 2
64 565 402 611 460 12776 0 0 1 2
64 543 402 589 460 12796 0 0 1 2
64 519 404 565 463 12816 0 0 1 2
64 495 404 541 463 12836 0 0 1 2
64 473 404 519 463 12856 0 0 1 2
64 449 404 495 463 12876 0 0 1 2
64 425 404 471 463 12896 0 0 1 2
64 402 404 448 463 12916 0 0 1 2
64 378 404 424 463 12936 0 0 1 2
64 372 406 418 465 12956 0 0 1 2
64 372 406 418 465 12976 0 0 1 2
64 372 406 418 465 12996 0 0 1 2
64 372 406 418 465 13016 0 0 1 2
65 1243 332 1277 373 12504 0 0 1 2
65 1244 377 1279 418 12524 0 0 1 2
65 1246 424 1281 465 12544 0 0 1 2
65 1246 472 1281 512 12564 0 0 1 2
65 1248 517 1283 557 12584 0 0 1 2
65 1259 548 1292 588 12604 0 0 1 2
65 1270 577 1299 618 12624 0 0 1 2
65 1281 606 1309 647 12644 0 0 1 2
65 1292 636 1318 676 12664 0 0 1 2
66 885 660 919 717 12880 0 0 1 2
66 857 656 892 712 12900 0 0 1 2
66 829 649 864 705 12920 0 0 1 2
66 804 647 837 705 12940 0 0 1 2
66 778 647 811 705 12960 0 0 1 2
66 750 647 784 705 12980 0 0 1 2
66 725 645 758 703 13000 0 0 1 2
66 690 638 723 694 13020 0 0 1 2
67 853 130 892 182 12631 0 0 1 2
67 862 112 901 164 12651 0 0 1 2
67 872 94 910 146 12671 0 0 1 2
67 881 76 919 128 12691 0 0 1 2
67 888 56 929 107 12711 0 0 1 2
67 897 38 938 89 12731 0 0 1 2
67 897 17 938 62 12751 0 0 1 2
68 914 74 958 130 12604 0 0 1 1
68 918 89 962 146 12624 0 0 1 1
68 923 105 967 161 12644 0 0 1 1
68 929 121 973 177 12664 0 0 1 1
68 932 137 976 191 12684 0 0 1 1
68 938 152 982 206 12704 0 0 1 1
68 943 168 987 222 12724 0 0 1 1
68 947 184 991 238 12744 0 0 1 1
68 980 215 1024 269 12764 0 0 1 1
68 1015 247 1059 301 12784 0 0 1 1
68 1052 280 1096 334 12804 0 0 1 1
68 1097 301 1142 355 12824 0 0 1 1
68 1154 310 1198 364 12844 0 1 1 1
68 1211 323 1255 377 12864 0 1 1 1
68 1270 328 1307 382 12884 0 0 1 1
69 1031 618 1079 681 7259 0 0 1 2
69 1031 602 1079 665 7279 0 0 1 2
69 1031 582 1079 645 7299 0 0 1 2
69 1031 564 1079 627 7319 0 0 1 2
69 1031 550 1079 613 7339 0 0 1 2
69 1031 537 1079 600 7359 0 0 1 2
69 1035 519 1083 582 7379 0 0 1 2
69 1033 499 1081 561 7399 0 0 1 2
69 1031 476 1079 539 7419 0 0 1 2
69 1031 458 1079 521 7439 0 0 1 2
69 1031 445 1079 508 7459 0 0 1 2
69 1028 424 1075 487 7479 0 0 1 2
69 1022 404 1070 467 7499 0 0 1 2
69 1020 393 1059 440 7519 0 0 1 2
69 1020 382 1048 413 7539 0 0 1 2
69 1013 366 1041 397 7559 0 0 1 2
69 1006 352 1033 384 7579 0 0 1 2
69 1006 332 1033 364 7599 0 0 1 2
69 1006 314 1033 346 7619 0 0 1 2
69 997 296 1024 328 7639 0 0 1 2
69 987 278 1015 310 7659 0 0 1 2
69 978 260 1006 292 7679 0 0 1 2
69 971 245 998 276 7699 0 0 1 2
69 963 227 991 258 7719 0 0 1 2
69 958 209 985 240 7739 0 0 1 2
69 952 188 980 220 7759 0 0 1 2
69 947 168 974 200 7779 0 0 1 2
69 941 152 969 184 7799 0 0 1 2
69 936 139 963 170 7819 0 0 1 2
69 932 125 960 157 7839 0 0 1 2
69 925 107 952 139 7859 0 0 1 2
69 919 89 947 121 7879 0 0 1 2
69 916 74 943 105 7899 0 0 1 2
69 914 60 941 92 7919 0 0 1 2
69 912 44 940 76 7939 0 0 1 2
69 910 29 938 60 7959 0 0 1 2
69 910 4 938 35 7979 0 0 1 2
69 910 0 938 29 7999 0 0 1 2
70 1208 289 1261 334 5328 0 0 1 1
70 1110 321 1164 370 5348 0 1 1 1
70 1041 343 1094 395 5368 0 0 1 1
70 962 370 1015 422 5388 0 0 1 1
70 883 386 936 440 5408 0 0 1 1
70 802 397 855 451 5428 0 0 1 1
70 723 411 776 465 5448 0 0 0 1
70 642 411 695 465 5468 0 0 1 1
70 563 411 616 465 5488 0 0 1 1
70 486 409 547 465 5508 0 0 1 1
70 420 404 488 465 5528 0 0 1 1
70 341 402 409 463 5548 0 0 1 1
70 291 397 359 458 5568 0 1 1 1
70 244 393 312 454 5588 0 1 1 1
70 102 409 170 469 5608 0 1 1 1
70 45 413 115 474 5628 0 0 1 1
70 0 422 64 483 5648 0 0 1 1
70 36 429 104 472 6109 0 0 1 1
70 69 427 139 469 6129 0 0 1 1
70 117 433 187 476 6149 0 0 1 1
70 168 429 238 472 6169 0 1 1 1
70 203 427 273 469 6189 0 1 1 1
70 238 424 308 467 6209 0 1 1 1
70 271 422 341 465 6229 0 1 1 1
70 306 420 376 463 6249 0 1 1 1
70 341 420 411 463 6269 0 1 1 1
70 376 418 446 460 6289 0 1 1 1
70 420 427 490 469 6309 0 0 1 1
70 464 438 534 481 6329 0 0 1 1
70 506 454 576 496 6349 0 0 1 1
70 556 458 626 501 6369 0 0 1 1
70 607 460 677 503 6389 0 0 1 1
70 659 463 728 505 6409 0 0 1 1
70 708 458 778 501 6429 0 0 1 1
70 756 454 826 496 6449 0 0 1 1
70 806 454 875 496 6469 0 0 1 1
70 844 431 914 474 6489 0 0 1 1
70 879 404 943 445 6509 0 0 1 1
70 912 375 967 413 6529 0 0 1 1
70 936 341 985 379 6549 0 0 1 1
70 945 305 995 343 6569 0 0 1 1
70 945 267 995 305 6589 0 0 1 1
70 938 229 987 267 6609 0 0 1 1
70 927 193 976 231 6629 0 0 1 1
70 914 161 963 200 6649 0 0 1 1
70 905 146 954 184 6669 0 0 1 1
70 897 132 947 170 6689 0 0 1 1
70 896 128 945 166 6709 0 0 1 1
70 896 123 945 161 6729 0 0 1 1
70 896 119 945 157 6749 0 0 1 1
70 894 105 943 143 6769 0 0 1 1
70 890 87 940 125 6789 0 0 1 1
70 890 69 940 107 6809 0 0 1 1
70 890 51 940 89 6829 0 0 1 1
70 892 35 941 74 6849 0 0 1 1
70 896 15 945 53 6869 0 0 1 1
70 896 2 945 35 6889 0 0 1 1
71 912 65 960 114 6059 0 0 1 2
71 903 58 951 107 6079 0 0 1 2
71 901 31 949 80 6099 0 0 1 2
71 899 8 947 56 6119 0 0 1 2
71 896 4 947 40 6629 0 0 1 2
71 899 17 951 56 6649 0 0 1 2
71 903 33 954 69 6669 0 0 1 2
71 907 47 958 85 6689 0 0 1 2
72 1255 265 1298 328 6187 0 0 1 1
72 1204 287 1246 350 6207 0 0 1 1
72 1132 325 1175 386 6227 0 0 1 1
72 1063 355 1105 415 6247 0 0 1 1
72 998 373 1041 433 6267 0 0 1 1
72 929 388 969 449 6287 0 0 1 1
72 859 400 899 460 6307 0 0 1 1
72 795 404 835 465 6327 0 0 1 1
72 730 406 771 467 6347 0 0 1 1
72 666 402 706 463 6367 0 0 1 1
72 594 411 635 472 6387 0 0 1 1
72 521 415 561 476 6407 0 0 1 1
72 449 413 490 474 6427 0 0 1 1
72 391 409 431 469 6447 0 0 1 1
72 312 404 352 465 6467 0 1 1 1
72 233 413 273 474 6487 0 1 1 1
72 157 424 201 483 6507 0 1 1 1
72 91 438 141 487 6527 0 0 1 1
72 25 454 75 503 6547 0 0 1 1
73 894 4 941 49 5620 0 0 1 2
73 892 17 940 65 5640 0 0 1 2
73 892 29 940 76 5660 0 0 1 2
73 892 49 940 96 5680 0 0 1 2
73 885 71 932 119 5700 0 0 1 2
73 879 78 927 125 5720 0 0 1 2
73 873 83 921 130 5740 0 0 1 2
73 868 87 916 134 5760 0 0 1 2
73 864 92 912 139 5780 0 0 1 2
73 864 98 912 146 5800 0 0 1 2
73 862 105 910 152 5820 0 0 1 2
73 862 110 910 157 5840 0 0 1 2
73 861 114 908 161 5860 0 0 1 2
73 861 121 908 168 5880 0 0 1 2
73 859 125 907 173 5900 0 0 1 2
73 857 130 905 177 5920 0 0 1 2
73 857 134 905 182 5940 0 0 1 2
73 859 143 907 191 5960 0 0 1 2
73 872 161 919 209 5980 0 0 1 2
73 886 184 934 231 6000 0 0 0 2
73 896 204 943 254 6020 0 0 1 2
73 907 224 952 276 6040 0 0 1 2
73 918 245 962 301 6060 0 0 0 2
73 930 267 974 323 6080 0 0 1 2
73 943 292 987 348 6100 0 0 0 2
73 947 314 991 370 6120 0 0 1 2
73 951 337 995 393 6140 0 0 1 2
73 954 359 998 415 6160 0 0 1 2
73 956 384 1000 440 6180 0 0 1 2
73 958 406 1002 463 6200 0 0 1 2
73 960 431 1004 487 6220 0 0 1 2
73 962 456 1006 512 6240 0 0 0 2
73 962 487 1006 543 6260 0 0 1 2
73 960 514 1004 570 6280 0 0 1 2
73 952 537 997 593 6300 0 0 0 2
73 941 557 985 613 6320 0 0 1 2
73 932 579 976 636 6340 0 0 1 2
73 921 595 965 651 6360 0 0 1 2
73 901 611 945 667 6380 0 0 1 2
73 881 624 925 681 6400 0 0 1 2
73 872 629 916 685 6420 0 0 1 2
73 846 620 890 676 6440 0 1 0 2
73 820 624 864 681 6460 0 1 1 2
73 795 631 839 687 6480 0 1 1 2
73 771 638 815 694 6500 0 1 0 2
73 756 640 795 685 6520 0 1 0 2
74 1248 206 1303 265 6819 0 0 1 1
74 1215 159 1270 218 6839 0 0 0 1
74 1193 103 1248 161 6859 0 0 1 1
74 1171 49 1226 107 6879 0 0 1 1
74 1153 11 1208 53 6899 0 0 1 1
75 1235 361 1281 415 6070 0 0 1 1
75 1164 375 1211 431 6090 0 0 0 1
75 1086 388 1134 445 6110 0 0 1 1
75 1011 404 1059 460 6130 0 0 0 1
75 930 415 978 472 6150 0 0 1 1
75 853 422 901 478 6170 0 0 1 1
75 776 424 824 481 6190 0 0 1 1
75 699 431 747 487 6210 0 0 1 1
75 626 440 673 496 6230 0 0 0 1
75 545 445 593 501 6250 0 0 1 1
75 464 449 512 505 6270 0 0 1 1
75 392 445 440 501 6290 0 0 0 1
75 306 438 354 494 6310 0 1 1 1
75 233 431 280 487 6330 0 1 1 1
75 161 424 209 481 6350 0 1 1 1
75 89 418 137 474 6370 0 0 0 1
75 23 411 80 465 6814 0 0 0 1
75 42 411 99 465 6834 0 0 1 1
75 60 411 119 465 6854 0 0 1 1
75 78 411 139 465 6874 0 0 1 1
75 104 409 165 463 6894 0 0 1 1
75 135 409 198 463 6914 0 0 0 1
75 152 411 214 465 6934 0 1 1 1
75 152 411 214 465 6954 0 1 1 1
75 152 411 214 465 6974 0 1 1 1
75 152 411 214 465 6994 0 1 1 1
75 152 411 214 465 7014 0 1 1 1
76 1268 343 1312 397 13413 0 0 1 1
76 1232 346 1276 400 13433 0 0 1 1
76 1193 348 1237 402 13453 0 0 1 1
76 1156 348 1200 402 13473 0 0 1 1
76 1116 357 1160 411 13493 0 0 1 1
76 1070 364 1129 422 13513 0 0 1 1
76 1020 370 1101 433 13533 0 0 1 1
76 973 377 1074 445 13553 0 0 0 1
76 930 377 1024 445 13573 0 0 1 1
76 888 379 976 447 13593 0 0 1 1
76 846 382 929 447 13613 0 0 1 1
76 804 384 881 449 13633 0 0 1 1
76 761 384 835 449 13653 0 0 1 1
76 719 384 793 449 13673 0 0 1 1
76 677 382 750 447 13693 0 0 1 1
76 633 386 708 451 13713 0 0 1 1
76 589 395 668 458 13733 0 0 1 1
76 545 404 627 467 13753 0 0 1 1
76 503 402 585 465 13773 0 0 1 1
76 459 400 541 463 13793 0 0 1 1
76 411 400 493 463 13813 0 0 1 1
76 62 420 145 478 13973 0 0 1 1
76 27 420 108 478 13993 0 0 1 1
77 721 654 789 728 13681 0 0 0 2
77 736 649 804 726 13701 0 0 1 2
77 750 647 818 723 13721 0 0 1 2
77 785 645 853 721 13741 0 0 1 2
77 818 642 886 719 13761 0 0 1 2
77 846 642 914 719 13781 0 0 1 2
77 868 645 936 721 13801 0 0 1 2
77 892 645 960 721 13821 0 0 1 2
77 901 647 969 723 13841 0 1 1 2
77 907 647 974 723 13861 0 1 1 2
77 912 647 980 723 13881 0 1 1 2
77 916 647 984 723 13901 0 1 1 2
77 916 647 984 723 13921 0 1 1 2
77 916 647 984 723 13941 0 1 1 2
77 916 647 984 723 13961 0 1 1 2
77 916 647 984 723 13981 0 1 1 2
77 916 647 984 723 14001 0 1 1 2
77 916 647 984 723 14021 0 1 1 2
78 396 395 451 447 7157 0 0 1 2
78 416 400 471 451 7177 0 0 1 2
78 438 402 493 454 7197 0 0 1 2
78 460 406 515 458 7217 0 0 1 2
78 490 406 545 458 7237 0 0 0 2
78 510 404 565 456 7257 0 0 1 2
78 530 404 585 456 7277 0 0 1 2
78 552 404 607 456 7297 0 0 1 2
78 587 404 642 456 7317 0 0 1 2
78 604 404 659 456 7337 0 1 1 2
78 618 400 673 451 7357 0 1 1 2
78 638 391 694 442 7377 0 1 1 2
78 657 391 712 442 7397 0 1 1 2
78 683 388 738 440 7417 0 1 1 2
78 708 388 763 440 7437 0 0 1 2
78 728 388 784 440 7457 0 0 1 2
78 758 391 813 442 7477 0 0 1 2
78 784 393 839 445 7497 0 0 1 2
78 806 388 857 440 7517 0 0 1 2
78 829 386 875 436 7537 0 0 1 2
78 853 384 899 433 7557 0 0 1 2
78 877 384 923 433 7577 0 0 1 2
78 899 375 945 424 7597 0 0 1 2
78 919 366 965 415 7617 0 0 1 2
78 941 352 987 402 7637 0 0 1 2
78 965 337 1011 386 7657 0 0 1 2
78 978 328 1024 377 7677 0 0 1 2
78 991 316 1037 366 7697 0 0 1 2
78 1009 301 1055 350 7717 0 0 1 2
78 1030 283 1075 332 7737 0 0 1 2
78 1050 267 1096 316 7757 0 0 1 2
78 1072 254 1118 303 7777 0 0 1 2
78 1090 240 1136 289 7797 0 0 1 2
78 1105 224 1151 274 7817 0 0 1 2
78 1120 211 1165 260 7837 0 0 1 2
78 1140 197 1186 247 7857 0 0 1 2
78 1162 186 1208 236 7877 0 0 1 2
78 1182 177 1228 227 7897 0 0 1 2
78 1204 168 1250 218 7917 0 0 1 2
78 1224 159 1270 211 7937 0 0 1 2
78 1246 152 1292 206 7957 0 0 1 2
78 1270 141 1316 195 7977 0 0 1 2
78 1279 137 1320 191 7997 0 0 1 2
79 1211 186 1285 265 13781 0 0 1 1
79 1175 186 1248 263 13801 0 0 1 1
79 1149 166 1222 242 13821 0 0 1 1
79 1131 139 1204 215 13841 0 0 1 1
79 1129 112 1204 188 13861 0 0 1 1
79 1125 80 1204 157 13881 0 0 1 1
79 1125 35 1204 112 13901 0 0 1 1
79 1125 4 1206 76 13921 0 0 1 1
80 58 465 117 523 13790 0 0 1 1
80 42 463 99 521 13810 0 0 1 1
80 20 460 75 519 13830 0 0 1 1
81 1254 352 1309 420 13812 0 0 1 1
81 1165 375 1221 442 13832 0 0 1 1
81 1079 395 1134 463 13852 0 0 1 1
81 997 397 1052 465 13872 0 0 1 1
81 912 402 967 469 13892 0 0 1 1
81 831 406 886 474 13912 0 0 1 1
81 747 409 800 476 13932 0 0 1 1
81 653 404 706 472 13952 0 0 1 1
81 567 395 620 463 13972 0 1 1 1
81 515 395 569 463 13992 0 0 1 1
81 429 406 482 474 14012 0 0 1 1
82 1064 620 1103 669 7087 0 0 1 2
82 1061 597 1099 647 7107 0 0 1 2
82 1053 575 1092 624 7127 0 0 1 2
82 1042 550 1081 600 7147 0 0 1 2
82 1033 523 1072 573 7167 0 0 1 2
82 1024 496 1063 546 7187 0 0 1 2
82 1019 469 1057 519 7207 0 0 1 2
82 1011 440 1050 490 7227 0 0 1 2
82 1004 413 1042 463 7247 0 0 1 2
82 995 391 1033 440 7267 0 0 1 2
82 985 370 1024 420 7287 0 0 1 2
82 976 348 1015 397 7307 0 0 1 2
82 969 325 1008 375 7327 0 0 1 2
82 962 301 1000 350 7347 0 0 1 2
82 954 276 993 325 7367 0 0 1 2
82 951 254 989 303 7387 0 0 1 2
82 949 220 987 269 7407 0 0 1 2
82 930 195 969 245 7427 0 0 1 2
82 925 166 963 215 7447 0 0 1 2
82 921 139 960 188 7467 0 0 1 2
82 918 116 956 166 7487 0 0 1 2
82 910 87 951 137 7507 0 0 1 2
82 907 60 951 105 7527 0 0 1 2
82 905 31 951 74 7547 0 0 1 2
82 896 15 941 56 7567 0 0 1 2
82 896 0 941 40 7587 0 0 1 2
83 69 431 130 478 7597 0 0 1 2
83 11 431 73 478 7617 0 0 1 2
83 0 433 53 481 7637 0 0 1 2
86 1211 236 1239 263 9013 0 0 1 2
86 1191 245 1219 271 9033 0 0 1 2
86 1171 254 1198 280 9053 0 0 1 2
86 1149 263 1176 289 9073 0 0 1 2
86 1129 271 1156 298 9093 0 0 1 2
86 1109 280 1136 307 9113 0 0 1 2
86 1086 289 1114 316 9133 0 0 1 2
86 1066 298 1094 325 9153 0 0 1 2
86 1046 307 1074 334 9173 0 0 1 2
86 1026 316 1053 343 9193 0 0 1 2
86 1004 325 1031 352 9213 0 0 1 2
86 984 334 1011 361 9233 0 0 1 2
86 963 346 991 373 9253 0 0 1 2
86 945 355 974 382 9273 0 0 1 2
86 927 364 960 393 9293 0 0 1 2
86 908 373 943 404 9313 0 0 1 2
86 890 384 927 415 9333 0 0 1 2
86 872 393 910 424 9353 0 0 1 2
86 853 402 894 436 9373 0 0 1 2
86 833 406 873 440 9393 0 0 1 2
86 811 406 851 440 9413 0 0 1 2
86 787 406 828 440 9433 0 0 1 2
86 765 409 806 442 9453 0 0 1 2
86 743 409 784 442 9473 0 0 1 2
86 721 409 761 442 9493 0 0 1 2
86 699 411 739 445 9513 0 0 1 2
86 675 413 719 447 9533 0 0 1 2
86 653 413 699 447 9553 0 0 1 2
86 631 415 677 449 9573 0 0 1 2
86 609 418 657 451 9593 0 0 1 2
86 587 420 637 454 9613 0 0 1 2
86 567 422 616 456 9633 0 0 1 2
86 547 424 596 458 9653 0 0 1 2
86 526 427 576 460 9673 0 0 1 2
86 504 429 554 463 9693 0 0 1 2
86 482 431 532 465 9713 0 0 1 2
86 460 436 510 469 9733 0 0 1 2
86 438 436 488 469 9753 0 0 1 2
86 416 433 466 467 9773 0 0 1 2
86 392 429 440 463 9793 0 0 1 2
87 112 487 154 537 13116 0 0 1 2
87 161 492 203 541 13136 0 0 1 2
87 189 496 233 546 13156 0 1 1 2
87 205 496 247 546 13176 0 1 1 2
87 220 496 262 546 13196 0 1 1 2
87 235 496 279 546 13216 0 1 1 2
87 249 496 293 546 13236 0 1 1 2
87 310 487 354 541 13256 0 1 1 2
87 330 485 374 539 13276 0 1 1 2
87 341 481 385 535 13296 0 1 1 2
87 352 481 396 535 13316 0 1 1 2
87 369 481 413 535 13336 0 1 1 2
87 383 481 427 535 13356 0 1 1 2
87 403 478 448 532 13376 0 0 1 2
87 429 476 473 530 13396 0 0 1 2
87 457 476 501 530 13416 0 0 1 2
87 486 478 530 532 13436 0 0 1 2
87 515 478 560 532 13456 0 0 1 2
87 543 481 587 535 13476 0 1 1 2
87 563 481 607 535 13496 0 1 1 2
87 576 481 629 535 13516 0 1 1 2
87 589 481 653 532 13536 0 0 1 2
87 613 478 677 530 13556 0 0 1 2
87 633 474 697 526 13576 0 0 1 2
87 649 472 714 523 13596 0 0 1 2
87 675 472 739 523 13616 0 0 1 2
87 705 481 767 535 13636 0 0 1 2
87 727 492 789 546 13656 0 0 1 2
87 750 490 813 543 13676 0 0 1 2
87 774 481 837 535 13696 0 0 1 2
87 796 467 859 521 13716 0 0 1 2
87 811 460 873 514 13736 0 0 1 2
87 826 445 888 499 13756 0 0 1 2
87 848 415 910 469 13776 0 0 1 2
87 864 397 927 451 13796 0 0 1 2
87 879 386 941 440 13816 0 0 1 2
87 890 373 952 427 13836 0 1 1 2
87 912 339 974 393 13856 0 1 1 2
87 925 319 987 373 13876 0 0 1 2
87 936 303 998 357 13896 0 0 1 2
87 951 287 1013 341 13916 0 0 1 2
87 967 274 1030 328 13936 0 0 1 2
87 982 247 1044 301 13956 0 0 1 2
87 995 222 1057 276 13976 0 0 1 2
87 1004 202 1066 256 13996 0 0 1 2
87 1017 179 1077 236 14016 0 0 1 2
87 1031 157 1090 215 14036 0 0 1 2
87 1044 137 1101 195 14056 0 0 1 2
87 1057 119 1114 177 14076 0 0 1 2
87 1072 96 1131 152 14096 0 0 1 2
87 1086 74 1147 130 14116 0 0 1 2
87 1107 58 1167 112 14136 0 0 1 2
87 1120 40 1180 94 14156 0 0 1 2
87 1129 22 1189 76 14176 0 0 1 2
87 1140 4 1202 58 14196 0 0 1 2
89 9 469 62 510 8362 0 0 1 1
89 89 478 141 519 8382 0 1 1 1
89 157 478 196 517 8402 0 1 1 1
89 236 478 275 517 8422 0 1 1 1
89 317 478 356 517 8442 0 1 1 1
89 396 478 436 514 8462 0 1 1 1
89 462 474 521 510 8482 0 0 1 1
89 543 469 604 508 8502 0 0 1 1
89 613 469 690 517 8522 0 0 1 1
89 686 463 769 514 8542 0 0 1 1
89 760 451 842 503 8562 0 0 1 1
89 831 445 914 496 8582 0 0 1 1
89 905 438 987 490 8602 0 0 1 1
89 978 429 1061 481 8622 0 0 1 1
89 1052 418 1134 469 8642 0 0 1 1
89 1112 413 1195 465 8662 0 0 1 1
89 1173 406 1255 458 8682 0 0 1 1
89 1230 397 1312 449 8702 0 0 1 1
89 1248 395 1292 449 9524 0 0 1 1
89 1202 397 1246 451 9544 0 0 1 1
89 1156 400 1200 454 9564 0 0 1 1
89 1110 402 1154 456 9584 0 0 1 1
89 1064 402 1109 456 9604 0 0 1 1
89 1020 409 1064 463 9624 0 0 1 1
89 976 415 1020 469 9644 0 0 1 1
89 934 422 978 476 9664 0 0 1 1
89 890 429 934 483 9684 0 0 1 1
89 848 433 892 487 9704 0 0 1 1
89 804 440 848 494 9724 0 0 1 1
89 760 447 804 501 9744 0 0 1 1
89 712 449 756 503 9764 0 0 1 1
89 664 449 708 503 9784 0 0 1 1
89 615 451 659 505 9804 0 0 1 1
89 567 454 611 508 9824 0 0 1 1
89 519 456 563 510 9844 0 0 1 1
89 470 456 514 510 9864 0 0 1 1
89 420 456 464 510 9884 0 0 1 1
89 381 458 425 512 9904 0 0 1 1
89 352 458 396 512 9924 0 0 1 1
89 308 451 352 505 9944 0 1 1 1
89 258 442 302 496 9964 0 1 1 1
89 225 442 269 496 9984 0 1 1 1
89 194 445 238 499 10004 0 1 0 1
89 121 438 165 492 10024 0 1 1 1
91 71 438 124 483 13778 0 0 1 2
91 53 438 106 483 13798 0 0 1 2
91 33 438 86 483 13818 0 0 1 2
91 12 438 66 483 13838 0 0 1 2
91 9 429 60 483 14016 0 0 1 2
92 587 442 646 478 9012 0 0 1 2
92 517 440 576 476 9032 0 0 1 2
92 449 436 508 472 9052 0 0 1 2
92 380 431 438 467 9072 0 0 1 2
92 336 429 394 465 9092 0 1 1 2
92 299 429 358 465 9112 0 1 1 2
92 262 429 321 465 9132 0 1 1 2
92 205 429 264 465 9152 0 1 1 2
92 110 436 168 472 9172 0 1 1 2
92 34 442 91 478 9192 0 0 1 2
92 1 447 36 483 9212 0 0 1 2
93 66 451 97 485 9040 0 0 1 2
93 5 451 25 485 9060 0 0 1 2
94 1202 1018 1233 1061 9018 0 0 1 2
94 1219 1011 1250 1054 9038 0 0 1 2
94 1235 1002 1266 1045 9058 0 0 1 2
94 1252 995 1281 1038 9078 0 0 1 2
94 1268 986 1298 1029 9098 0 0 1 2
94 1285 980 1312 1022 9118 0 0 1 2
95 967 552 1031 624 14305 0 0 1 1
95 1011 508 1075 579 14325 0 0 1 1
95 1057 467 1121 539 14345 0 0 1 1
95 1109 431 1173 505 14365 0 0 1 1
95 1178 395 1243 472 14385 0 0 1 1
96 778 438 872 492 1001 0 0 1 1
96 728 438 822 492 1021 0 0 1 1
96 679 436 773 490 1041 0 0 1 1
96 629 433 723 487 1061 0 0 1 1
96 580 433 673 487 1081 0 0 1 1
96 530 431 624 485 1101 0 0 1 1
96 481 418 574 481 1121 0 0 1 1
96 425 409 515 474 1141 0 0 1 1
96 370 418 460 472 1182 0 1 1 1
96 324 413 414 467 1202 0 1 1 1
96 264 415 354 469 1222 0 1 1 1
96 141 449 231 503 1242 0 1 0 1
96 108 436 198 490 1262 0 1 1 1
96 75 422 165 476 1282 0 1 1 1
96 33 427 121 481 1302 0 0 1 1
97 1257 321 1307 373 828 0 0 1 2
97 1237 321 1287 373 848 0 0 1 2
97 1217 321 1266 373 868 0 0 1 2
97 1197 321 1246 373 888 0 0 1 2
97 1176 323 1226 375 908 0 0 1 2
97 1156 323 1206 375 928 0 0 1 2
97 1136 323 1186 375 948 0 0 1 2
97 1118 323 1167 375 968 0 0 1 2
97 1097 323 1147 375 988 0 0 1 2
97 1075 328 1127 382 1008 0 0 1 2
97 1053 332 1112 391 1028 0 0 1 2
97 1033 337 1096 397 1048 0 0 1 2
97 1004 341 1068 404 1068 0 0 1 2
97 974 343 1039 406 1088 0 0 1 2
97 952 348 1017 411 1108 0 0 1 2
97 932 352 997 415 1128 0 0 1 2
97 912 357 976 420 1148 0 0 1 2
97 892 361 956 424 1168 0 0 1 2
97 872 373 936 436 1188 0 0 1 2
97 850 377 914 440 1208 0 0 1 2
97 826 377 888 440 1228 0 0 1 2
97 802 377 864 440 1248 0 0 1 2
97 780 379 842 440 1268 0 0 1 2
97 760 382 822 438 1288 0 0 1 2
97 738 382 800 438 1308 0 0 1 2
97 710 384 773 438 1328 0 0 1 2
97 681 384 743 438 1348 0 0 1 2
97 653 386 716 440 1368 0 0 1 2
97 644 386 706 440 1388 0 0 1 2
97 629 386 692 440 1408 0 1 1 2
97 605 386 668 440 1428 0 1 1 2
97 576 391 638 445 1448 0 1 1 2
97 554 395 616 449 1468 0 0 1 2
97 532 393 594 447 1488 0 1 1 2
97 519 382 582 436 1508 0 1 1 2
97 499 377 561 431 1528 0 0 1 2
98 1143 26 1193 74 957 0 0 1 1
98 1154 60 1204 107 977 0 0 1 1
98 1178 94 1228 141 997 0 0 1 1
98 1191 132 1246 184 1017 0 0 1 1
98 1230 157 1287 206 1037 0 0 1 1
99 1042 301 1121 375 1124 0 0 1 2
99 1028 307 1097 382 1144 0 0 1 2
99 1011 316 1075 388 1164 0 0 1 2
99 993 328 1057 400 1184 0 0 1 2
99 974 339 1039 411 1204 0 0 1 2
99 956 350 1020 422 1224 0 0 0 2
99 934 352 998 427 1244 0 0 1 2
99 914 355 978 431 1264 0 0 1 2
99 896 361 960 438 1284 0 0 1 2
99 877 368 941 445 1304 0 0 1 2
99 857 370 921 447 1324 0 0 1 2
99 837 370 901 447 1344 0 0 1 2
99 817 370 879 445 1364 0 0 1 2
99 789 377 851 436 1384 0 0 1 2
99 763 379 826 436 1404 0 0 1 2
99 743 382 806 436 1424 0 0 1 2
99 725 382 787 436 1444 0 0 1 2
99 706 382 769 436 1464 0 0 1 2
99 688 382 750 436 1484 0 0 1 2
99 670 379 734 433 1504 0 0 1 2
99 651 377 716 431 1524 0 0 1 2
100 1198 227 1254 292 1669 0 0 1 1
100 1131 256 1186 321 1689 0 1 1 1
100 1059 287 1114 352 1709 0 1 1 1
100 984 330 1039 395 1729 0 0 1 1
100 910 366 965 431 1749 0 0 1 1
100 835 395 890 460 1769 0 0 1 1
100 760 418 815 483 1789 0 0 1 1
100 684 431 739 496 1809 0 0 1 1
100 611 447 666 512 1829 0 0 1 1
100 523 449 578 514 1849 0 0 1 1
100 457 463 512 528 1869 0 0 1 1
100 392 456 448 521 1889 0 0 1 1
100 308 427 363 492 1909 0 1 1 1
100 194 418 249 483 1929 0 1 1 1
100 154 422 209 487 1949 0 1 1 1
100 73 431 128 496 1969 0 0 1 1
100 1 429 55 494 1989 0 0 1 1
101 1222 206 1266 260 1252 0 0 1 1
101 1160 229 1204 283 1272 0 0 1 1
101 1107 267 1151 321 1292 0 1 1 1
101 1068 301 1112 355 1312 0 0 1 1
101 1022 337 1066 391 1332 0 0 1 1
101 973 366 1017 420 1352 0 0 1 1
101 923 386 967 440 1372 0 0 1 1
101 872 404 916 458 1392 0 0 1 1
101 818 415 862 469 1412 0 0 1 1
101 763 422 807 476 1432 0 0 1 1
101 708 429 752 483 1452 0 0 1 1
101 651 431 695 485 1472 0 0 1 1
101 596 431 640 485 1492 0 0 1 1
101 537 431 587 485 1512 0 0 1 1
101 479 433 539 485 1532 0 0 1 1
101 416 433 486 483 1552 0 0 1 1
101 383 433 453 483 1572 0 0 1 1
101 350 427 420 476 1592 0 1 1 1
101 304 427 374 474 1612 0 1 1 1
101 233 422 302 469 1632 0 1 1 1
101 139 431 209 478 1652 0 1 1 1
101 51 431 121 478 1672 0 0 1 1
101 3 447 73 494 1692 0 0 1 1
102 515 397 585 460 1512 0 0 1 1
102 488 395 558 458 1532 0 0 1 1
102 462 395 532 456 1552 0 0 1 1
102 442 395 512 456 1572 0 0 1 1
102 422 395 492 456 1592 0 0 1 1
102 403 393 473 454 1612 0 0 1 1
102 391 393 460 454 1632 0 0 1 1
102 391 393 460 454 1652 0 0 1 1
102 387 393 457 454 1672 0 1 1 1
102 363 393 433 454 1692 0 1 1 1
102 337 395 407 456 1712 0 1 1 1
102 313 395 383 456 1732 0 1 1 1
102 290 397 359 458 1752 0 1 1 1
102 264 400 334 460 1772 0 1 1 1
102 240 400 310 460 1792 0 1 1 1
102 214 402 284 463 1812 0 1 1 1
102 190 402 260 463 1832 0 1 1 1
102 167 404 236 465 1852 0 1 1 1
102 139 402 209 463 1872 0 1 1 1
102 100 388 170 449 1892 0 0 1 1
102 75 391 145 451 1912 0 0 1 1
102 45 400 115 460 1932 0 0 1 1
102 27 404 97 465 1952 0 0 1 1
102 18 406 88 467 1972 0 0 1 1
103 954 672 1026 744 1855 0 0 1 2
103 938 658 1008 728 1875 0 0 1 2
103 921 645 991 714 1895 0 0 1 2
103 905 633 974 703 1915 0 0 1 2
103 888 624 958 694 1935 0 0 1 2
103 864 620 934 690 1955 0 0 1 2
106 668 395 712 454 1513 0 0 1 1
106 644 395 690 454 1533 0 0 1 1
106 622 397 668 454 1553 0 0 1 1
106 600 400 644 456 1573 0 0 1 1
106 578 400 622 456 1593 0 0 1 1
106 554 402 600 456 1613 0 0 1 1
106 532 402 576 456 1633 0 0 1 1
106 512 402 556 456 1653 0 0 1 1
106 493 400 537 454 1673 0 0 1 1
106 473 400 517 454 1693 0 0 1 1
106 455 397 499 451 1713 0 0 1 1
106 435 397 479 451 1733 0 0 1 1
106 413 404 457 458 1753 0 0 1 1
106 392 409 436 463 1773 0 0 1 1
106 380 406 424 460 1793 0 0 1 1
106 365 402 409 456 1813 0 0 1 1
106 343 393 387 447 1833 0 1 0 1
106 343 393 387 447 1853 0 1 1 1
106 343 393 387 447 1873 0 1 1 1
106 343 393 387 447 1893 0 1 1 1
106 343 393 387 447 1913 0 1 1 1
106 343 393 387 447 1933 0 1 1 1
106 343 393 387 447 1953 0 1 1 1
106 343 393 387 447 1973 0 1 1 1
106 343 393 387 447 1993 0 1 1 1
106 343 393 387 447 2013 0 1 1 1
107 1232 276 1312 343 5456 0 0 1 4
107 1178 314 1259 382 5476 0 0 1 4
107 1109 341 1189 409 5496 0 0 1 4
107 1030 359 1116 438 5516 0 0 1 4
107 952 375 1044 463 5536 0 0 1 4
107 879 384 971 472 5556 0 0 1 4
107 806 393 897 481 5576 0 0 1 4
107 728 400 820 487 5596 0 0 1 4
107 651 395 743 483 5616 0 0 1 4
107 576 395 668 483 5636 0 0 1 4
107 504 402 596 490 5656 0 0 1 4
107 427 406 519 494 5676 0 0 1 4
107 361 413 453 501 5696 0 0 1 4
107 280 411 372 499 5716 0 1 1 4
107 222 411 313 499 5736 0 1 1 4
107 154 418 246 505 5756 0 1 1 4
107 86 418 178 505 5776 0 0 1 4
107 34 418 126 505 5796 0 0 1 4
107 0 418 89 505 5816 0 0 1 4
107 0 418 88 505 5836 0 0 1 4
108 53 467 102 517 5300 0 1 1 1
108 80 463 130 512 5320 0 1 1 1
108 112 460 161 510 5340 0 0 1 1
108 154 460 200 510 5360 0 1 1 1
108 183 460 229 510 5380 0 1 1 1
108 212 458 258 508 5400 0 1 1 1
108 264 456 310 505 5420 0 1 1 1
108 363 451 409 501 5440 0 1 1 1
108 429 460 475 512 5460 0 0 1 1
108 486 469 532 523 5480 0 0 1 1
108 539 469 585 523 5500 0 0 0 1
108 576 460 661 523 5520 0 0 0 1
108 626 463 710 526 5540 0 0 1 1
108 675 465 760 528 5560 0 0 1 1
108 725 469 809 532 5580 0 0 0 1
108 774 460 859 523 5600 0 0 1 1
108 822 460 907 523 5620 0 0 1 1
108 870 465 954 530 5640 0 0 0 1
108 925 451 1009 517 5660 0 0 1 1
108 982 438 1066 503 5680 0 0 1 1
108 1039 427 1123 492 5700 0 0 1 1
108 1096 420 1180 485 5720 0 0 1 1
108 1151 411 1235 476 5740 0 0 1 1
108 1202 411 1287 476 5760 0 0 1 1
108 1243 415 1320 481 5911 0 0 0 1
108 1243 415 1320 481 5931 0 0 1 1
108 1243 415 1320 481 5951 0 0 1 1
108 1243 415 1320 481 5971 0 0 1 1
108 1243 415 1320 481 5991 0 0 1 1
108 1243 415 1320 481 6011 0 0 1 1
108 1243 415 1320 481 6031 0 0 0 1
109 38 454 91 503 5030 0 0 1 1
109 78 454 134 503 5050 0 0 1 1
109 121 454 176 503 5070 0 0 1 1
109 192 456 247 505 5090 0 1 1 1
109 216 456 271 505 5110 0 1 1 1
109 242 454 297 503 5130 0 1 1 1
109 282 454 337 503 5150 0 1 1 1
109 347 456 402 505 5170 0 1 1 1
109 407 458 462 508 5190 0 0 1 1
109 460 458 515 508 5210 0 0 1 1
109 514 458 569 508 5230 0 0 1 1
109 567 458 622 508 5250 0 0 1 1
109 622 458 677 508 5270 0 0 1 1
109 675 458 730 508 5290 0 0 1 1
109 723 456 778 505 5310 0 0 1 1
109 771 456 826 505 5330 0 0 1 1
109 820 449 875 499 5350 0 0 1 1
109 872 442 927 492 5370 0 0 1 1
109 918 427 973 476 5390 0 0 1 1
109 949 391 1004 440 5410 0 0 1 1
109 982 355 1037 404 5430 0 0 1 1
109 995 310 1050 359 5450 0 0 1 1
109 989 265 1044 314 5470 0 0 1 1
109 971 229 1026 278 5490 0 0 1 1
109 938 193 997 256 5510 0 0 1 1
109 910 159 973 233 5530 0 0 1 1
109 890 134 952 209 5550 0 0 1 1
109 864 105 927 179 5570 0 0 0 1
109 870 85 932 159 5590 0 0 0 1
109 861 65 923 139 5610 0 0 1 1
109 859 44 921 119 5630 0 0 0 1
109 859 44 921 119 5650 0 0 1 1
109 861 44 923 119 5670 0 0 1 1
109 861 44 923 119 5690 0 0 1 1
109 862 44 925 119 5710 0 0 1 1
109 864 44 927 119 5730 0 0 1 1
109 864 44 927 119 5750 0 0 1 1
109 866 44 929 119 5770 0 0 1 1
109 868 44 930 119 5790 0 0 1 1
109 868 44 930 119 5810 0 0 1 1
109 877 31 940 105 5830 0 0 1 1
109 886 22 949 96 5850 0 0 1 1
109 888 31 951 105 5870 0 0 1 1
109 890 53 952 128 5890 0 0 0 1
109 897 60 960 134 5910 0 0 0 1
110 1255 227 1314 278 7930 0 0 1 2
110 1224 218 1285 271 7950 0 0 1 2
110 1184 186 1244 240 7970 0 0 1 2
110 1164 134 1224 188 7990 0 0 1 2
110 1154 96 1215 150 8010 0 0 1 2
110 1136 56 1193 110 8030 0 0 1 2
111 1075 602 1127 669 5673 0 0 1 2
111 1085 582 1140 649 5693 0 0 1 2
111 1096 561 1151 627 5713 0 0 1 2
111 1110 541 1165 606 5733 0 0 1 2
111 1125 521 1180 586 5753 0 0 1 2
111 1140 501 1195 566 5773 0 0 1 2
111 1154 483 1209 548 5793 0 0 1 2
111 1167 465 1222 530 5813 0 0 1 2
111 1180 445 1235 510 5833 0 0 1 2
111 1184 418 1239 483 5853 0 0 1 2
111 1187 391 1243 456 5873 0 0 1 2
111 1204 370 1259 436 5893 0 0 1 2
111 1222 352 1277 418 5913 0 0 1 2
111 1241 332 1296 397 5933 0 0 1 2
111 1254 312 1309 377 5953 0 0 1 2
111 1263 296 1318 361 5973 0 0 1 2
111 1265 278 1320 343 5993 0 0 1 2
112 1083 588 1131 645 5743 0 0 1 2
112 1083 566 1131 622 5763 0 0 1 2
112 1083 541 1131 597 5783 0 0 1 2
112 1083 517 1131 573 5803 0 0 1 2
112 1083 494 1131 550 5823 0 0 1 2
112 1081 469 1129 526 5843 0 0 1 2
112 1081 447 1129 503 5863 0 0 1 2
112 1079 424 1127 481 5883 0 0 1 2
112 1079 402 1127 458 5903 0 0 1 2
112 1079 379 1127 436 5923 0 0 1 2
112 1081 357 1129 413 5943 0 0 1 2
112 1083 334 1131 391 5963 0 0 1 2
112 1085 312 1132 368 5983 0 0 1 2
112 1086 294 1134 350 6003 0 0 1 2
112 1086 280 1134 337 6023 0 0 1 2
113 493 476 563 521 1311 0 0 1 1
113 547 472 616 517 1331 0 0 1 1
113 602 469 670 512 1351 0 0 1 1
113 659 467 727 510 1371 0 0 1 1
113 716 465 784 508 1391 0 0 1 1
113 773 458 840 501 1411 0 0 1 1
113 835 445 903 487 1431 0 0 1 1
113 896 429 963 472 1451 0 0 1 1
113 956 413 1024 456 1471 0 0 1 1
113 1019 400 1086 442 1491 0 0 1 1
113 1072 379 1145 436 1511 0 0 1 1
113 1129 361 1204 427 1531 0 0 1 1
113 1187 350 1261 415 1551 0 0 1 1
113 1257 355 1312 386 2313 0 0 1 1
113 1178 366 1233 397 2333 0 0 1 1
113 1099 377 1154 409 2353 0 0 1 1
113 1019 388 1074 420 2373 0 0 1 1
113 938 397 993 429 2393 0 0 1 1
113 855 406 910 438 2413 0 0 1 1
113 773 413 828 445 2433 0 0 1 1
113 690 418 745 449 2453 0 0 1 1
113 607 422 662 454 2473 0 0 1 1
113 525 424 580 456 2493 0 0 1 1
113 455 422 515 463 2513 0 0 1 1
113 407 420 470 465 2533 0 0 1 1
113 367 415 429 460 2553 0 0 1 1
113 284 415 347 460 2573 0 1 1 1
113 108 420 170 467 2593 0 0 1 1
113 45 424 108 478 2613 0 0 1 1
114 1072 11 1112 38 4947 0 0 1 2
114 1081 31 1121 58 4967 0 0 1 2
114 1092 51 1132 78 4987 0 0 1 2
114 1103 74 1143 103 5007 0 0 1 2
114 1116 94 1158 128 5027 0 0 1 2
114 1127 114 1173 155 5047 0 0 1 2
114 1140 134 1187 182 5067 0 0 1 2
114 1153 155 1202 209 5087 0 0 1 2
114 1165 177 1217 233 5107 0 0 1 2
114 1182 195 1233 254 5127 0 0 1 2
114 1200 215 1252 274 5147 0 0 1 2
114 1219 233 1270 292 5167 0 0 1 2
114 1237 254 1288 312 5187 0 0 1 2
114 1250 283 1301 339 5207 0 0 1 2
114 1263 310 1314 364 5227 0 0 1 2
114 1276 334 1318 388 5247 0 0 1 2
114 1276 334 1310 377 5823 0 0 1 2
114 1259 370 1294 413 5843 0 0 1 2
114 1241 415 1276 458 5863 0 0 1 2
114 1221 456 1255 499 5883 0 0 1 2
114 1213 499 1248 541 5903 0 0 1 2
114 1200 543 1235 586 5923 0 0 1 2
114 1195 577 1228 618 5943 0 0 1 2
115 1283 393 1310 447 5843 0 0 1 2
115 1268 433 1296 487 5863 0 0 1 2
115 1252 474 1279 528 5883 0 0 1 2
115 1239 514 1266 568 5903 0 0 1 2
115 1222 564 1250 618 5923 0 0 1 2
117 916 112 945 155 11503 0 0 1 2
117 912 94 941 137 11523 0 0 1 2
117 908 74 938 116 11543 0 0 1 2
117 907 56 936 98 11563 0 0 1 2
117 907 38 936 80 11583 0 0 1 2
117 907 26 936 69 11603 0 0 1 2
117 912 4 941 47 11623 0 0 1 2
118 960 251 1024 312 11558 0 0 1 1
118 1033 251 1097 312 11578 0 0 1 1
118 1103 238 1167 298 11598 0 0 1 1
118 1191 229 1255 289 11618 0 0 1 1
118 1255 211 1310 271 11638 0 0 1 1
119 1235 166 1281 222 5819 0 0 1 6
119 1178 139 1226 195 5839 0 0 1 6
119 1138 85 1186 141 5859 0 0 1 6
119 1114 33 1162 89 5879 0 0 1 6
121 907 651 962 708 7438 0 0 1 2
121 890 645 945 701 7458 0 0 1 2
121 875 645 930 701 7478 0 0 1 2
121 859 636 914 692 7498 0 0 1 2
121 829 622 885 678 7518 0 1 1 2
123 45 469 99 537 11764 0 0 1 1
123 112 472 165 539 11784 0 0 1 1
123 190 474 244 541 11804 0 1 1 1
123 258 469 312 537 11824 0 1 1 1
123 324 463 378 530 11844 0 1 1 1
123 394 460 448 528 11864 0 0 1 1
123 468 460 521 528 11884 0 0 1 1
123 543 458 596 526 11904 0 0 1 1
123 622 458 675 523 11924 0 0 1 1
123 695 463 749 528 11944 0 0 1 1
123 769 460 822 526 11964 0 0 1 1
123 844 456 897 521 11984 0 0 1 1
123 919 451 974 517 12004 0 0 1 1
123 984 447 1050 512 12024 0 0 1 1
123 1052 442 1127 505 12044 0 0 1 1
123 1125 431 1200 494 12064 0 0 1 1
123 1204 422 1279 485 12084 0 0 1 1
124 1261 370 1303 440 12124 0 0 1 1
124 1180 393 1222 463 12144 0 0 1 1
124 1097 404 1140 474 12164 0 0 1 1
124 1009 413 1052 483 12184 0 0 1 1
124 934 422 976 492 12204 0 0 1 1
124 850 429 892 499 12224 0 0 1 1
124 761 424 804 494 12244 0 0 1 1
124 684 420 727 490 12264 0 0 1 1
124 607 418 649 487 12284 0 0 1 1
124 530 422 572 492 12304 0 0 1 1
124 453 422 495 492 12324 0 0 1 1
124 374 420 416 490 12344 0 0 1 1
124 295 420 337 490 12364 0 1 1 1
124 222 422 264 492 12384 0 1 1 1
124 148 424 190 494 12404 0 1 1 1
124 69 427 112 496 12424 0 0 1 1
125 908 74 969 132 5654 0 0 1 1
125 899 65 962 121 5674 0 0 1 1
125 899 65 962 121 5694 0 0 1 1
125 899 65 962 121 5714 0 0 1 1
125 899 67 962 123 5734 0 0 1 1
125 899 67 962 123 5754 0 0 1 1
125 899 69 962 125 5774 0 0 1 1
125 899 83 962 139 5794 0 0 1 1
125 901 96 963 152 5814 0 0 1 1
125 903 110 965 166 5834 0 0 1 1
125 905 128 967 184 5854 0 0 1 1
125 905 148 967 204 5874 0 0 1 1
125 905 166 967 222 5894 0 0 1 1
125 905 188 967 245 5914 0 0 1 1
125 916 224 978 280 5934 0 0 1 1
125 923 254 985 310 5954 0 0 1 1
125 929 289 991 346 5974 0 0 1 1
125 934 328 997 384 5994 0 0 1 1
125 923 366 980 427 6014 0 0 1 1
125 905 400 956 465 6034 0 0 1 1
125 861 424 912 490 6054 0 0 1 1
125 809 433 861 499 6074 0 0 1 1
125 756 436 807 501 6094 0 0 1 1
125 703 440 754 505 6114 0 0 1 1
125 649 442 701 508 6134 0 0 1 1
125 591 447 642 512 6154 0 0 1 1
125 530 451 582 517 6174 0 0 1 1
125 464 456 515 521 6194 0 0 1 1
125 405 458 457 523 6214 0 0 1 1
125 332 454 383 519 6234 0 1 1 1
125 277 458 328 523 6254 0 1 1 1
125 222 460 273 526 6274 0 1 1 1
125 168 465 220 530 6294 0 1 1 1
125 113 469 165 535 6314 0 1 1 1
125 71 465 123 530 6334 0 0 1 1
125 3 465 49 530 6354 0 0 1 1
126 1193 499 1241 559 12209 0 0 1 2
126 1204 485 1252 546 12229 0 0 1 2
126 1215 472 1263 532 12249 0 0 1 2
126 1226 451 1274 512 12269 0 0 1 2
126 1237 433 1285 494 12289 0 0 1 2
126 1250 413 1298 474 12309 0 0 1 2
126 1259 395 1307 456 12329 0 0 1 2
126 1266 382 1314 442 12349 0 0 1 2
126 1272 361 1320 422 12369 0 0 1 2
126 1274 341 1320 402 12389 0 0 1 2
128 1171 950 1222 1011 12105 0 1 1 1
128 1164 903 1215 964 12125 0 1 1 1
128 1156 856 1208 917 12145 0 1 1 1
128 1149 811 1200 872 12165 0 1 1 1
128 1142 764 1193 824 12185 0 1 1 1
128 1134 717 1186 777 12205 0 1 1 1
128 1127 669 1178 730 12225 0 1 1 1
128 1118 622 1169 683 12245 0 1 1 1
128 1112 573 1164 633 12265 0 0 1 1
128 1110 519 1162 579 12285 0 0 1 1
128 1110 465 1162 526 12305 0 0 1 1
128 1110 415 1162 476 12325 0 0 1 1
128 1110 364 1162 424 12345 0 0 1 1
128 1107 319 1158 379 12365 0 0 1 1
128 1105 276 1156 337 12385 0 0 1 1
128 1127 258 1178 319 12405 0 1 1 1
128 1154 254 1206 314 12425 0 1 1 1
128 1180 247 1232 307 12445 0 1 1 1
128 1202 254 1254 314 12465 0 0 1 1
128 1215 289 1266 350 12485 0 0 1 1
128 1226 328 1277 388 12505 0 0 1 1
128 1239 364 1290 424 12525 0 0 1 1
129 3 420 47 458 2013 0 1 1 2
129 0 422 34 460 2033 0 1 1 2
130 126 409 150 447 2037 0 0 1 2
130 106 409 137 447 2057 0 0 1 2
130 86 409 124 447 2077 0 0 1 2
130 67 409 110 447 2097 0 0 1 2
130 49 413 91 451 2117 0 0 1 2
130 31 418 73 456 2137 0 0 1 2
130 16 422 56 460 2157 0 0 1 2
130 5 429 42 467 2177 0 0 1 2
130 0 433 27 472 2197 0 0 1 2
131 112 487 150 532 2013 0 1 1 1
131 161 485 200 530 2033 0 1 1 1
131 214 481 253 526 2053 0 1 1 1
131 266 478 304 523 2073 0 1 1 1
131 319 474 358 519 2093 0 1 1 1
131 370 472 409 517 2113 0 1 1 1
131 424 467 462 512 2133 0 0 1 1
131 477 463 515 508 2153 0 0 1 1
131 530 460 569 505 2173 0 0 1 1
131 594 460 633 505 2193 0 0 1 1
131 657 456 695 501 2213 0 0 1 1
131 719 451 758 496 2233 0 0 0 1
131 780 451 818 496 2253 0 0 1 1
131 840 449 879 494 2273 0 0 1 1
131 899 445 938 490 2293 0 0 1 1
131 962 440 1000 485 2313 0 0 1 1
131 1030 438 1068 483 2333 0 0 1 1
131 1101 433 1140 478 2353 0 0 1 1
131 1165 420 1204 465 2373 0 0 1 1
131 1237 397 1276 442 2393 0 0 1 1
132 1261 256 1316 321 1818 0 0 1 1
132 1224 276 1279 341 1838 0 0 1 1
132 1140 303 1195 368 1858 0 1 1 1
132 1088 334 1143 400 1878 0 0 1 1
132 1024 352 1079 418 1898 0 0 1 1
132 962 373 1017 438 1918 0 0 1 1
132 899 384 954 449 1938 0 0 1 1
132 839 393 894 458 1958 0 0 1 1
132 778 397 833 463 1978 0 0 1 1
132 717 400 773 465 1998 0 0 1 1
132 659 404 712 463 2018 0 0 1 1
132 600 406 653 458 2038 0 0 1 1
132 543 411 594 456 2058 0 0 0 1
132 475 411 526 456 2078 0 0 1 1
132 416 411 460 454 2098 0 0 1 1
132 389 411 413 454 2118 0 0 1 1
132 315 418 339 460 2138 0 1 1 1
132 244 427 268 469 2158 0 1 1 1
132 172 436 196 478 2178 0 1 1 1
132 102 442 148 485 2198 0 0 1 1
132 42 456 95 496 2218 0 1 1 1
132 0 463 25 503 2238 0 0 1 1
133 798 636 844 681 2017 0 1 1 2
133 780 636 826 681 2037 0 1 1 2
133 760 636 806 681 2057 0 1 1 2
133 739 636 785 681 2077 0 1 1 2
133 719 636 765 681 2097 0 1 1 2
133 697 633 743 678 2117 0 1 1 2
133 673 631 719 676 2137 0 1 1 2
134 1213 348 1239 373 2329 0 0 1 1
134 1131 361 1156 386 2349 0 0 1 1
134 1046 373 1072 400 2369 0 0 1 1
134 962 379 989 409 2389 0 0 1 1
134 879 386 912 418 2409 0 0 1 1
134 795 393 831 424 2429 0 0 1 1
134 708 397 747 429 2449 0 0 1 1
134 622 400 662 431 2469 0 0 1 1
134 539 404 580 436 2489 0 0 1 1
134 459 411 499 442 2509 0 0 1 1
134 405 413 446 445 2529 0 0 1 1
135 1061 595 1101 660 5752 0 0 1 2
135 1061 570 1101 636 5772 0 0 1 2
135 1061 546 1101 609 5792 0 0 1 2
135 1061 521 1101 584 5812 0 0 1 2
135 1061 496 1101 559 5832 0 0 1 2
135 1061 474 1101 537 5852 0 0 1 2
135 1061 451 1101 514 5872 0 0 1 2
135 1061 429 1101 492 5892 0 0 1 2
135 1061 406 1101 469 5912 0 0 1 2
135 1061 382 1101 445 5932 0 0 1 2
135 1063 359 1103 422 5952 0 0 1 2
135 1063 337 1103 400 5972 0 0 1 2
135 1063 312 1103 375 5992 0 0 1 2
135 1063 289 1101 350 6012 0 0 1 2
135 1063 271 1099 323 6032 0 0 1 2
135 1063 251 1099 296 6052 0 0 1 2
135 1064 231 1101 274 6072 0 0 1 2
135 1068 211 1105 254 6092 0 0 1 2
135 1072 191 1109 233 6112 0 0 1 2
135 1074 168 1110 211 6132 0 0 1 2
135 1074 146 1110 188 6152 0 0 1 2
135 1075 123 1112 166 6172 0 0 1 2
135 1075 101 1112 143 6192 0 0 1 2
135 1077 78 1114 121 6212 0 0 1 2
135 1077 58 1114 101 6232 0 0 1 2
135 1081 35 1118 78 6252 0 0 1 2
135 1083 13 1120 56 6272 0 0 1 2
135 1083 0 1120 42 6292 0 0 1 2
136 1228 397 1272 440 13443 0 0 1 1
136 1184 397 1228 440 13463 0 0 1 1
136 1142 402 1186 445 13483 0 0 1 1
136 1101 409 1147 451 13503 0 0 1 1
136 1061 415 1116 463 13523 0 0 1 1
136 1020 420 1083 474 13543 0 0 1 1
136 980 424 1044 478 13563 0 0 1 1
136 941 429 1006 483 13583 0 0 1 1
136 903 436 965 490 13603 0 0 1 1
136 879 438 941 492 13623 0 0 1 1
136 864 442 929 496 13643 0 0 1 1
136 791 433 855 487 13663 0 0 1 1
136 717 429 782 483 13683 0 0 1 1
136 681 433 745 487 13703 0 0 1 1
136 635 436 699 490 13723 0 0 1 1
136 587 436 651 490 13743 0 0 1 1
136 541 438 604 492 13763 0 0 1 1
136 493 438 556 492 13783 0 0 1 1
136 446 442 508 496 13803 0 0 1 1
136 400 447 462 501 13823 0 0 1 1
136 80 460 143 514 13972 0 0 1 1
137 1268 224 1316 301 2878 0 0 1 1
137 1248 193 1294 269 2898 0 0 1 1
137 1213 148 1259 224 2918 0 0 1 1
137 1191 103 1237 179 2938 0 0 1 1
137 1167 65 1213 141 2958 0 0 1 1
137 1153 20 1198 96 2978 0 0 1 1
138 84 429 132 465 5074 0 0 1 2
138 29 429 77 465 5094 0 0 1 2
141 1290 305 1314 332 4906 0 0 1 2
141 1285 292 1309 319 4926 0 0 1 2
141 1277 276 1301 303 4946 0 0 1 2
141 1263 251 1287 278 4966 0 0 1 2
141 1246 222 1270 249 4986 0 0 1 2
141 1230 195 1255 224 5006 0 0 1 2
141 1217 170 1246 206 5026 0 0 1 2
141 1204 148 1237 186 5046 0 0 1 2
141 1191 123 1228 168 5066 0 0 1 2
141 1178 98 1217 150 5086 0 0 1 2
141 1165 74 1208 130 5106 0 0 1 2
141 1154 51 1198 110 5126 0 0 1 2
141 1142 26 1186 85 5146 0 0 1 2
141 1123 0 1167 53 5166 0 0 1 2
141 1114 0 1158 51 5186 0 0 1 2
142 1230 177 1274 231 5270 0 0 1 1
142 1173 184 1217 238 5290 0 0 1 1
142 1116 188 1160 242 5310 0 0 1 1
142 1061 193 1105 247 5330 0 0 1 1
142 1008 197 1052 251 5350 0 0 1 1
142 954 200 998 254 5370 0 0 1 1
142 918 195 962 249 5390 0 0 1 1
142 859 195 903 249 5410 0 0 1 1
142 859 195 903 249 5430 0 1 1 1
142 859 195 903 249 5450 0 1 1 1
142 859 195 903 249 5470 0 1 1 1
142 859 195 903 249 5490 0 1 1 1
142 859 195 903 249 5510 0 1 1 1
142 859 195 903 249 5530 0 1 1 1
143 84 483 135 535 5059 0 0 1 1
143 56 485 108 539 5079 0 0 1 1
143 31 490 80 543 5099 0 1 1 1
143 11 490 58 543 5119 0 1 1 1
143 3 487 49 541 5139 0 1 1 1
144 73 413 161 458 5309 0 0 1 1
144 49 415 137 460 5329 0 0 1 1
144 22 424 110 469 5349 0 0 1 1
144 3 433 86 478 5369 0 0 1 1
145 1241 267 1287 332 4742 0 0 1 1
145 1191 298 1237 364 4762 0 0 1 1
145 1143 330 1189 395 4782 0 0 1 1
145 1092 350 1138 415 4802 0 0 1 1
145 1037 366 1083 431 4822 0 0 1 1
145 982 382 1028 447 4842 0 0 1 1
145 929 391 974 456 4862 0 0 1 1
145 873 400 919 465 4882 0 0 1 1
145 820 409 866 474 4902 0 0 1 1
145 765 413 811 478 4922 0 0 1 1
145 712 413 758 478 4942 0 0 1 1
145 659 413 705 478 4962 0 0 1 1
145 604 411 649 476 4982 0 0 1 1
145 547 409 593 472 5002 0 0 1 1
145 479 411 541 467 5022 0 0 1 1
145 411 413 490 463 5042 0 0 1 1
145 363 415 444 465 5062 0 0 1 1
145 284 409 365 458 5082 0 1 1 1
145 235 411 315 463 5102 0 1 1 1
145 185 415 266 467 5122 0 1 1 1
145 134 418 214 472 5142 0 1 1 1
145 84 420 165 474 5162 0 0 1 1
145 29 418 110 472 5182 0 0 1 1
146 993 575 1048 631 6048 0 0 1 2
146 1026 561 1079 618 6068 0 0 1 2
146 1057 548 1112 604 6088 0 0 1 2
146 1094 532 1149 588 6108 0 0 1 2
146 1131 517 1186 573 6128 0 0 1 2
146 1173 496 1228 552 6148 0 0 1 2
146 1211 478 1266 535 6168 0 0 1 2
146 1248 460 1303 517 6188 0 0 1 2
146 1266 451 1320 508 6208 0 0 1 2
147 1206 269 1266 334 5604 0 0 1 1
147 1147 303 1208 368 5624 0 0 1 1
147 1088 328 1149 393 5644 0 0 1 1
147 1024 339 1085 404 5664 0 0 1 1
147 952 364 1013 429 5684 0 0 1 1
147 883 384 943 449 5704 0 0 1 1
147 817 393 879 458 5724 0 0 1 1
147 750 400 813 465 5744 0 0 1 1
147 679 415 741 481 5764 0 0 1 1
147 609 415 672 481 5784 0 0 1 1
147 539 415 602 481 5804 0 0 1 1
147 471 413 534 478 5824 0 0 1 1
147 411 406 473 472 5844 0 0 1 1
147 345 409 407 474 5864 0 0 1 1
147 249 413 312 478 5884 0 1 1 1
147 168 413 231 478 5904 0 1 1 1
147 159 415 222 481 5924 0 1 1 1
147 152 418 214 483 5944 0 1 1 1
147 104 431 167 496 5964 0 1 1 1
147 88 433 150 499 5984 0 0 1 1
147 69 456 124 514 6004 0 0 1 1
147 18 476 58 523 6024 0 1 1 1
147 0 478 38 526 6044 0 0 1 1
148 1259 393 1301 449 8235 0 0 1 1
148 1206 391 1248 447 8255 0 0 1 1
148 1153 388 1195 445 8275 0 0 1 1
148 1101 388 1143 445 8295 0 0 1 1
148 1050 393 1092 449 8315 0 0 1 1
148 1000 395 1042 451 8335 0 0 1 1
148 949 395 991 451 8355 0 0 1 1
148 897 395 940 451 8375 0 0 1 1
148 846 400 888 456 8395 0 0 1 1
148 793 402 835 458 8415 0 0 1 1
148 743 404 785 460 8435 0 0 1 1
148 692 404 734 460 8455 0 0 1 1
148 638 404 681 460 8475 0 1 1 1
148 587 406 629 463 8495 0 1 1 1
148 526 411 578 463 8515 0 1 1 1
148 466 418 528 465 8535 0 1 1 1
148 409 420 475 467 8555 0 0 1 1
148 352 420 418 467 8575 0 0 1 1
148 295 424 361 472 8595 0 1 1 1
148 238 429 304 476 8615 0 1 1 1
148 181 431 247 478 8635 0 1 1 1
148 126 442 192 490 8655 0 1 1 1
148 69 451 135 499 8675 0 0 1 1
148 12 451 78 499 8695 0 0 1 1
149 1158 96 1198 141 8015 0 0 1 1
149 1145 56 1186 101 8035 0 0 1 1
149 1129 20 1169 62 8055 0 0 1 1
149 1105 15 1158 74 8726 0 0 1 1
149 1083 87 1136 146 8746 0 0 1 1
149 1053 168 1107 227 8766 0 0 1 1
149 1020 249 1074 307 8786 0 0 1 1
149 984 312 1037 370 8806 0 0 1 1
149 932 357 985 415 8826 0 0 1 1
149 861 397 914 456 8846 0 0 1 1
149 776 415 829 474 8866 0 0 1 1
149 694 422 747 481 8886 0 0 1 1
149 611 424 664 483 8906 0 0 1 1
149 526 418 580 476 8926 0 0 1 1
149 436 418 490 476 8946 0 0 1 1
149 365 420 418 478 8966 0 0 1 1
149 258 429 312 487 8986 0 1 1 1
149 170 429 224 487 9006 0 1 1 1
149 99 442 152 501 9026 0 0 1 1
150 1094 557 1143 620 8800 0 0 1 6
150 1066 539 1116 602 8820 0 0 1 6
150 1031 521 1081 584 8840 0 0 1 6
150 998 503 1048 566 8860 0 0 1 6
150 951 487 1000 550 8880 0 0 1 6
150 899 474 949 537 8900 0 0 1 6
150 857 460 907 523 8920 0 0 1 6
150 802 449 851 512 8940 0 0 1 6
150 743 440 793 503 8960 0 0 1 6
150 692 436 741 499 8980 0 0 1 6
150 638 436 688 499 9000 0 0 1 6
150 582 433 631 496 9020 0 0 1 6
151 1079 620 1109 663 12621 0 0 1 2
151 1075 602 1105 645 12641 0 0 1 2
151 1072 584 1101 627 12661 0 0 1 2
151 1068 566 1099 609 12681 0 0 1 2
151 1064 548 1096 591 12701 0 0 1 2
151 1061 530 1092 573 12721 0 0 1 2
151 1057 512 1088 555 12741 0 0 1 2
151 1053 492 1086 535 12761 0 0 1 2
151 1050 474 1083 517 12781 0 0 1 2
151 1046 456 1079 499 12801 0 0 1 2
151 1042 438 1075 481 12821 0 0 1 2
151 1035 418 1068 460 12841 0 0 1 2
151 1030 397 1063 440 12861 0 0 1 2
151 1024 377 1057 420 12881 0 0 1 2
151 1017 359 1050 402 12901 0 0 1 2
151 1013 341 1046 384 12921 0 0 1 2
151 1008 325 1041 368 12941 0 0 1 2
151 1002 307 1035 350 12961 0 0 1 2
151 997 289 1030 332 12981 0 0 1 2
151 989 271 1022 314 13001 0 0 1 2
151 980 254 1017 298 13021 0 0 1 2
151 971 236 1009 280 13041 0 0 1 2
151 962 218 1004 265 13061 0 0 1 2
151 952 200 997 249 13081 0 0 1 2
151 941 179 991 231 13101 0 0 1 2
151 934 164 984 215 13121 0 0 1 2
151 925 146 974 197 13141 0 0 1 2
151 918 130 967 182 13161 0 0 1 2
151 908 112 958 164 13181 0 0 1 2
151 901 96 951 148 13201 0 0 1 2
151 897 78 947 130 13221 0 0 1 2
151 894 62 943 114 13241 0 0 1 2
151 892 44 941 98 13261 0 0 1 2
151 888 29 938 83 13281 0 0 1 2
151 885 15 934 69 13301 0 0 1 2
151 885 2 934 53 13321 0 0 1 2
152 907 6 958 51 8583 0 0 1 2
152 907 20 958 65 8603 0 0 1 2
152 907 33 958 78 8623 0 0 1 2
152 908 44 960 89 8643 0 0 1 2
152 910 56 962 101 8663 0 0 1 2
152 912 69 963 114 8683 0 0 1 2
152 919 74 971 119 8703 0 0 1 2
152 930 74 982 119 8723 0 0 1 2
152 949 67 1000 112 8743 0 1 1 2
152 949 67 1000 112 8763 0 1 1 2
152 949 67 1000 112 8783 0 1 1 2
152 949 67 1000 112 8803 0 1 1 2
152 949 67 1000 112 8823 0 1 1 2
152 949 67 1000 112 8843 0 1 1 2
152 949 67 1000 112 8863 0 1 1 2
152 949 67 1000 112 8883 0 1 1 2
152 949 67 1000 112 8903 0 1 1 2
152 949 67 1000 112 8923 0 1 1 2
152 949 67 1000 112 8943 0 1 1 2
152 949 67 1000 112 8963 0 1 1 2
152 949 67 1000 112 8983 0 1 1 2
152 949 67 1000 112 9003 0 1 1 2
152 949 67 1000 112 9023 0 1 1 2
153 53 460 93 505 13179 0 0 1 1
153 132 458 172 503 13199 0 0 1 1
153 187 454 227 499 13219 0 1 1 1
153 253 454 293 499 13239 0 1 1 1
153 337 456 378 501 13259 0 1 1 1
153 418 456 459 501 13279 0 0 1 1
153 495 456 536 501 13299 0 0 1 1
153 572 456 613 501 13319 0 0 1 1
153 648 456 688 501 13339 0 0 1 1
153 727 454 767 499 13359 0 0 1 1
153 804 449 844 494 13379 0 0 1 1
153 883 447 923 492 13399 0 0 1 1
153 956 445 997 490 13419 0 0 1 1
153 1030 440 1070 485 13439 0 0 1 1
153 1107 433 1147 478 13459 0 0 1 1
153 1186 420 1228 465 13479 0 0 1 1
153 1265 406 1309 451 13499 0 0 1 1
154 113 658 148 703 13460 0 0 1 2
154 113 658 148 703 13480 0 0 1 2
154 113 658 148 703 13500 0 0 1 2
154 113 658 148 703 13520 0 0 1 2
155 1270 193 1307 242 3475 0 0 1 2
155 1250 182 1287 231 3495 0 0 1 2
155 1233 168 1274 220 3515 0 0 1 2
155 1219 152 1261 204 3535 0 0 1 2
155 1206 134 1248 186 3555 0 0 1 2
155 1193 119 1235 170 3575 0 0 1 2
155 1180 101 1222 152 3595 0 0 1 2
155 1167 83 1208 134 3615 0 0 1 2
155 1158 67 1198 119 3635 0 0 1 2
155 1147 51 1187 103 3655 0 0 1 2
155 1138 35 1178 87 3675 0 0 1 2
155 1127 15 1167 67 3695 0 0 1 2
156 1274 177 1316 227 3490 0 0 1 2
156 1255 161 1294 204 3510 0 0 1 2
156 1239 148 1276 186 3530 0 0 1 2
156 1228 141 1265 179 3550 0 0 1 2
156 1217 123 1254 161 3570 0 0 1 2
156 1206 96 1243 134 3590 0 0 0 2
156 1195 80 1232 119 3610 0 0 1 2
156 1186 67 1222 105 3630 0 0 0 2
156 1173 49 1209 87 3650 0 0 1 2
156 1162 31 1198 69 3670 0 0 1 2
156 1151 17 1187 53 3690 0 0 1 2
156 1140 4 1176 35 3710 0 0 1 2
157 5 424 58 481 11732 0 0 1 2
157 20 424 73 481 11752 0 0 1 2
157 34 424 88 481 11772 0 0 0 2
157 60 424 113 481 11792 0 0 1 2
157 91 424 145 481 11812 0 0 0 2
157 91 424 145 481 11832 0 0 0 2
158 890 638 929 669 3999 0 0 1 2
158 901 636 943 674 4019 0 0 1 2
158 912 636 962 681 4039 0 0 1 2
158 925 638 976 687 4059 0 0 1 2
158 941 649 993 699 4079 0 0 1 2
158 952 660 1004 710 4099 0 1 1 2
158 958 672 1009 721 4119 0 1 1 2
158 963 676 1015 726 4139 0 1 1 2
158 978 678 1030 728 4209 0 0 1 2
158 978 678 1030 728 4229 0 0 1 2
158 978 678 1030 728 4249 0 0 1 2
158 978 678 1030 728 4269 0 0 1 2
158 978 678 1030 728 4289 0 0 1 2
158 978 678 1030 728 4309 0 0 1 2
158 978 678 1030 728 4329 0 0 1 2
158 978 678 1030 728 4349 0 0 1 2
158 978 678 1030 728 4369 0 0 1 2
158 978 678 1030 728 4389 0 0 1 2
158 978 678 1030 728 4409 0 0 1 2
158 978 678 1030 728 4429 0 0 1 2
158 978 678 1030 728 4449 0 0 1 2
158 978 678 1030 728 4469 0 0 1 2
158 978 678 1030 728 4489 0 0 1 2
158 978 678 1030 728 4509 0 0 1 2
158 978 678 1030 728 4529 0 0 1 2
160 1160 24 1209 87 4074 0 0 1 1
160 1162 53 1211 116 4094 0 0 1 1
160 1165 83 1215 146 4114 0 0 1 1
160 1175 125 1224 188 4134 0 0 1 1
160 1195 159 1244 222 4154 0 0 1 1
160 1222 188 1272 251 4174 0 0 1 1
160 1254 195 1301 258 4194 0 0 1 1
160 1276 206 1320 269 4214 0 0 1 1
161 45 449 110 503 4212 0 0 1 1
161 113 449 178 503 4232 0 0 0 1
161 187 449 251 503 4252 0 1 1 1
161 251 449 315 503 4272 0 1 1 1
161 291 449 356 503 4292 0 1 1 1
161 378 438 442 492 4312 0 0 0 1
161 442 433 506 487 4332 0 0 1 1
161 506 431 571 485 4352 0 0 1 1
161 571 431 635 485 4372 0 0 1 1
161 635 429 699 483 4392 0 0 1 1
161 697 429 761 483 4412 0 0 1 1
161 761 429 826 483 4432 0 0 1 1
161 828 436 892 490 4452 0 0 1 1
161 892 442 956 496 4472 0 0 1 1
161 956 447 1020 501 4492 0 0 1 1
161 1020 451 1085 505 4512 0 0 1 1
162 1026 651 1079 710 10896 0 0 0 2
162 1020 638 1074 696 10916 0 0 1 2
162 1017 624 1070 683 10936 0 0 1 2
162 1015 606 1068 665 10956 0 0 1 2
162 1011 588 1064 647 10976 0 0 1 2
162 1009 568 1063 627 10996 0 0 1 2
162 1006 550 1059 609 11016 0 0 1 2
162 1004 530 1057 593 11036 0 0 1 2
162 1002 512 1053 575 11056 0 0 1 2
162 1000 492 1052 559 11076 0 0 1 2
162 997 472 1048 541 11096 0 0 1 2
162 995 454 1044 526 11116 0 0 1 2
162 993 433 1042 508 11136 0 0 1 2
162 989 415 1039 490 11156 0 0 1 2
162 985 395 1035 469 11176 0 0 1 2
162 982 375 1031 449 11196 0 0 1 2
162 980 355 1028 429 11216 0 0 1 2
162 976 337 1024 411 11236 0 0 1 2
162 973 316 1020 391 11256 0 0 1 2
162 971 294 1019 368 11276 0 0 1 2
162 969 274 1017 348 11296 0 0 1 2
162 967 251 1015 325 11316 0 0 1 2
162 963 240 1011 314 11336 0 0 1 2
162 954 224 1002 298 11356 0 0 1 2
162 947 209 995 283 11376 0 0 1 2
162 938 193 985 267 11396 0 0 1 2
162 930 175 978 249 11416 0 0 1 2
162 921 155 969 229 11436 0 0 1 2
162 912 137 960 211 11456 0 0 1 2
162 908 116 956 191 11476 0 0 1 2
162 905 94 952 168 11496 0 0 1 2
162 901 80 947 141 11516 0 0 1 2
162 899 69 940 112 11536 0 0 1 2
162 896 51 936 89 11556 0 0 1 2
162 890 29 930 67 11576 0 0 1 2
162 890 17 930 56 11596 0 0 1 2
162 892 2 932 38 11616 0 0 1 2
162 896 4 941 62 12387 0 0 1 2
162 896 22 941 80 12407 0 0 1 2
162 896 40 941 98 12427 0 0 1 2
162 896 58 941 116 12447 0 0 1 2
162 896 78 941 137 12467 0 0 1 2
162 897 98 943 157 12487 0 0 1 2
162 901 121 945 179 12507 0 0 1 2
162 907 146 949 200 12527 0 0 1 2
162 912 170 952 222 12547 0 0 1 2
162 918 193 956 242 12567 0 0 1 2
162 923 218 958 265 12587 0 0 1 2
162 929 242 962 285 12607 0 0 1 2
162 930 265 963 307 12627 0 0 1 2
162 930 292 963 334 12647 0 0 1 2
162 929 316 962 359 12667 0 0 1 2
162 927 341 960 384 12687 0 0 1 2
162 927 368 960 411 12707 0 0 1 2
162 912 379 945 422 12727 0 0 1 2
162 888 388 921 429 12747 0 0 1 2
162 866 395 899 436 12767 0 0 1 2
162 844 402 877 442 12787 0 0 1 2
162 820 404 853 445 12807 0 0 1 2
162 798 404 831 445 12827 0 0 1 2
162 774 404 807 445 12847 0 0 1 2
162 750 404 784 445 12867 0 0 1 2
162 728 402 761 442 12887 0 0 1 2
162 705 402 738 442 12907 0 0 1 2
162 681 402 714 442 12927 0 0 1 2
162 657 402 690 442 12947 0 0 1 2
162 635 402 668 442 12967 0 0 1 2
162 611 402 644 442 12987 0 0 1 2
162 585 402 622 445 13007 0 0 1 2
162 558 406 604 451 13027 0 0 1 2
162 534 406 578 449 13047 0 0 1 2
162 508 406 552 449 13067 0 0 1 2
162 481 406 525 449 13087 0 0 1 2
162 459 406 503 449 13107 0 0 1 2
162 436 406 481 449 13127 0 0 1 2
162 416 409 460 451 13147 0 0 1 2
162 396 411 440 454 13167 0 0 1 2
162 367 411 411 454 13187 0 0 1 2
162 313 406 358 449 13207 0 1 1 2
162 284 404 328 447 13227 0 1 1 2
162 257 404 301 447 13247 0 1 1 2
162 233 409 277 451 13267 0 1 1 2
162 211 415 255 458 13287 0 1 1 2
162 189 420 233 463 13307 0 1 1 2
162 167 427 211 469 13327 0 1 1 2
162 145 433 189 476 13347 0 1 1 2
162 123 440 167 483 13367 0 1 1 2
162 99 447 143 490 13387 0 1 1 2
162 84 451 128 494 13407 0 0 1 2
162 71 458 115 501 13427 0 0 0 2
162 42 467 86 510 13447 0 0 1 2
162 23 474 67 517 13467 0 0 1 2
163 442 402 525 474 14003 0 0 1 2
163 385 402 466 474 14023 0 0 1 2
163 304 409 385 481 14043 0 1 1 2
163 218 420 299 492 14063 0 1 1 2
163 130 431 211 503 14083 0 1 1 2
163 53 436 134 508 14103 0 0 1 2
163 1 427 66 499 14123 0 0 1 2
164 402 478 451 535 11108 0 0 1 2
164 425 474 475 530 11128 0 0 1 2
164 451 467 501 523 11148 0 0 1 2
164 473 463 523 519 11168 0 0 1 2
164 493 463 543 519 11188 0 0 1 2
164 514 460 563 517 11208 0 0 1 2
164 534 460 583 517 11228 0 0 1 2
164 560 456 609 512 11248 0 0 1 2
164 583 451 633 508 11268 0 0 1 2
164 609 447 659 503 11288 0 0 1 2
164 633 445 683 501 11308 0 0 1 2
164 659 438 708 494 11328 0 0 1 2
164 681 433 730 490 11348 0 0 1 2
164 705 427 754 483 11368 0 0 1 2
164 727 422 776 478 11388 0 0 1 2
164 747 413 796 469 11408 0 0 1 2
164 760 409 809 465 11428 0 0 1 2
164 784 402 831 458 11448 0 0 1 2
164 807 397 855 454 11468 0 0 1 2
164 835 397 883 454 11488 0 0 1 2
164 855 393 901 449 11508 0 0 1 2
164 877 388 923 442 11528 0 0 1 2
164 901 382 945 436 11548 0 0 1 2
164 923 373 967 424 11568 0 0 1 2
164 943 361 987 413 11588 0 0 1 2
164 965 350 1009 402 11608 0 0 1 2
164 985 339 1030 391 11628 0 0 1 2
164 1006 328 1050 379 11648 0 0 1 2
164 1031 316 1075 368 11668 0 0 1 2
164 1055 307 1099 359 11688 0 0 1 2
164 1074 301 1118 352 11708 0 0 1 2
164 1086 285 1131 337 11728 0 0 1 2
164 1109 274 1153 325 11748 0 1 1 2
164 1132 265 1176 316 11768 0 1 1 2
164 1158 258 1202 310 11788 0 1 1 2
164 1182 249 1226 301 11808 0 1 1 2
164 1206 240 1250 292 11828 0 0 1 2
164 1226 227 1270 278 11848 0 0 1 2
164 1246 211 1290 263 11868 0 0 1 2
164 1265 204 1307 256 11888 0 0 1 2
164 1281 197 1318 249 11908 0 0 1 2
164 1268 240 1310 310 12303 0 0 1 2
164 1259 263 1301 332 12323 0 0 1 2
164 1233 276 1276 346 12343 0 0 1 2
164 1193 285 1235 355 12363 0 0 1 2
164 1173 294 1215 364 12383 0 0 1 2
164 1156 305 1198 375 12403 0 1 1 2
164 1142 321 1184 391 12423 0 1 1 2
164 1125 334 1167 404 12443 0 0 1 2
164 1097 343 1140 413 12463 0 0 1 2
164 1072 352 1114 422 12483 0 0 1 2
164 1046 361 1086 431 12503 0 0 1 2
164 1020 366 1063 431 12523 0 0 1 2
164 997 373 1037 433 12543 0 0 1 2
164 973 377 1011 436 12563 0 0 1 2
164 947 382 987 438 12583 0 0 1 2
164 923 388 962 438 12603 0 0 1 2
164 899 393 936 440 12623 0 0 1 2
164 873 397 910 442 12643 0 0 1 2
164 848 397 885 442 12663 0 0 1 2
164 822 400 859 445 12683 0 0 1 2
164 796 402 833 447 12703 0 0 1 2
164 771 402 807 447 12723 0 0 1 2
164 745 404 782 449 12743 0 0 1 2
164 719 404 756 449 12763 0 0 1 2
164 694 406 730 451 12783 0 0 1 2
164 668 406 705 451 12803 0 0 1 2
164 642 409 679 454 12823 0 0 1 2
164 618 411 655 456 12843 0 0 1 2
164 593 413 629 458 12863 0 0 1 2
164 567 413 604 458 12883 0 0 1 2
164 541 415 578 460 12903 0 0 1 2
164 517 418 554 463 12923 0 0 1 2
164 492 420 528 465 12943 0 0 1 2
164 470 424 506 469 12963 0 0 1 2
164 448 429 484 474 12983 0 0 1 2
164 425 431 462 476 13003 0 0 1 2
164 405 427 446 476 13023 0 0 1 2
164 385 422 427 476 13043 0 0 1 2
164 378 422 422 476 13063 0 0 1 2
164 332 422 376 476 13083 0 1 1 2
164 291 422 336 476 13103 0 1 1 2
164 255 420 299 474 13123 0 1 1 2
164 231 422 275 476 13143 0 1 1 2
164 211 424 255 478 13163 0 1 1 2
164 189 427 233 481 13183 0 1 1 2
164 167 429 211 483 13203 0 1 1 2
164 145 433 189 487 13223 0 1 1 2
164 124 436 168 490 13243 0 1 1 2
164 102 438 146 492 13263 0 1 1 2
164 78 440 123 494 13283 0 0 1 2
164 56 442 100 496 13303 0 0 1 2
164 36 447 80 501 13323 0 0 1 2
164 11 454 55 508 13343 0 0 1 2
164 1 458 44 512 13363 0 0 1 2
165 1233 249 1296 328 14378 0 0 1 2
165 1195 224 1257 301 14398 0 0 1 2
165 1158 206 1221 283 14418 0 0 1 2
165 1120 195 1182 271 14438 0 0 1 2
165 1092 188 1154 265 14458 0 0 1 2
165 1052 179 1114 256 14478 0 0 1 2
165 1022 166 1085 242 14498 0 0 1 2
165 995 159 1057 236 14518 0 0 1 2
166 1186 469 1232 510 4095 0 0 1 2
166 1165 472 1211 512 4115 0 0 1 2
166 1145 476 1191 517 4135 0 0 1 2
166 1123 478 1169 519 4155 0 0 1 2
166 1101 478 1147 519 4175 0 0 1 2
166 1077 478 1123 519 4195 0 0 1 2
166 1053 476 1099 517 4215 0 0 1 2
166 1030 474 1075 514 4235 0 0 1 2
166 1004 474 1050 514 4255 0 0 1 2
166 982 474 1028 514 4275 0 0 1 2
166 962 474 1008 514 4295 0 0 1 2
166 940 474 985 514 4315 0 0 1 2
166 918 474 963 514 4335 0 0 1 2
166 897 474 943 514 4355 0 0 1 2
166 875 472 921 512 4375 0 0 1 2
166 851 472 897 512 4395 0 0 1 2
166 829 472 875 512 4415 0 0 1 2
166 806 472 851 512 4435 0 0 1 2
166 780 472 826 512 4455 0 0 1 2
166 754 472 800 512 4475 0 0 1 2
166 732 472 778 512 4495 0 0 1 2
166 710 469 754 512 4515 0 0 1 2
166 686 469 728 514 4535 0 0 1 2
166 662 469 703 514 4555 0 0 1 2
166 638 469 677 517 4575 0 0 1 2
166 615 469 653 519 4595 0 0 0 2
166 593 469 631 519 4615 0 0 1 2
166 572 469 609 519 4635 0 0 1 2
166 550 469 589 519 4655 0 0 1 2
166 530 472 567 521 4675 0 0 1 2
166 510 472 545 521 4695 0 0 1 2
166 488 472 525 521 4715 0 0 1 2
166 468 474 503 523 4735 0 0 1 2
166 448 474 481 523 4755 0 0 1 2
166 425 474 460 523 4775 0 0 1 2
166 405 474 438 523 4795 0 0 1 2
166 381 474 414 523 4815 0 0 1 2
166 359 472 392 521 4835 0 0 1 2
166 337 472 370 521 4855 0 1 1 2
166 313 472 347 521 4875 0 1 1 2
166 291 472 324 521 4895 0 1 1 2
166 269 472 302 521 4915 0 1 1 2
166 247 474 280 523 4935 0 1 1 2
166 225 474 258 523 4955 0 1 1 2
166 203 474 236 523 4975 0 1 1 2
166 179 474 212 523 4995 0 1 1 2
166 157 474 190 523 5015 0 1 1 2
167 997 456 1042 505 4503 0 0 1 2
167 1059 458 1103 508 4523 0 0 1 2
167 1123 463 1164 512 4543 0 0 1 2
167 1186 465 1222 514 4563 0 0 1 2
167 1250 469 1283 519 4583 0 0 1 2
170 1288 305 1307 334 4918 0 0 1 2
170 1274 278 1292 307 4938 0 0 1 2
170 1261 254 1279 283 4958 0 0 1 2
170 1248 233 1266 263 4978 0 0 1 2
170 1237 215 1255 245 4998 0 0 1 2
170 1224 195 1243 224 5018 0 0 1 2
171 1255 218 1301 283 14339 0 0 1 1
171 1215 202 1259 267 14359 0 0 1 1
171 1184 173 1228 238 14379 0 0 1 1
171 1156 132 1200 197 14399 0 0 1 1
171 1129 92 1173 157 14419 0 0 1 1
171 1116 49 1160 114 14439 0 0 1 1
171 1105 8 1149 74 14459 0 0 1 1
172 1276 206 1310 242 4700 0 0 1 1
172 1217 161 1252 195 4720 0 0 1 1
172 1173 107 1209 139 4740 0 0 1 1
172 1143 47 1182 76 4760 0 0 1 1
173 1085 6 1129 65 4613 0 0 1 1
173 1075 47 1120 105 4633 0 0 1 1
173 1066 87 1110 146 4653 0 0 1 1
173 1057 128 1101 186 4673 0 0 1 1
173 1048 168 1092 227 4693 0 0 1 1
173 1039 209 1083 267 4713 0 0 1 1
173 1002 238 1046 296 4733 0 0 1 1
173 963 265 1008 323 4753 0 0 1 1
173 923 292 967 350 4773 0 0 1 1
173 885 321 929 379 4793 0 0 1 1
173 844 348 888 406 4813 0 0 1 1
173 804 375 848 433 4833 0 0 1 1
173 760 395 804 454 4853 0 0 1 1
173 703 400 747 456 4873 0 0 1 1
173 646 402 690 458 4893 0 0 1 1
173 587 406 631 460 4913 0 0 1 1
173 528 409 572 463 4933 0 0 1 1
173 466 411 510 465 4953 0 0 1 1
173 407 413 451 467 4973 0 0 1 1
173 383 409 427 463 4993 0 0 0 1
173 358 409 402 463 5013 0 1 1 1
174 1088 307 1129 350 6001 0 0 1 6
174 1088 285 1129 328 6021 0 0 1 6
174 1090 263 1131 305 6041 0 0 1 6
174 1090 240 1131 283 6061 0 0 1 6
174 1092 211 1132 254 6081 0 0 1 6
174 1092 182 1132 224 6101 0 0 1 6
174 1092 157 1132 200 6121 0 0 1 6
174 1092 132 1132 175 6141 0 0 1 6
174 1090 107 1131 150 6161 0 0 1 6
174 1088 80 1129 123 6181 0 0 1 6
174 1088 56 1129 98 6201 0 0 1 6
174 1092 33 1132 76 6221 0 0 1 6
174 1097 11 1138 53 6241 0 0 1 6
174 1097 0 1138 42 6261 0 0 1 6
