0 0 236 22 286 10897 0 0 0 1
0 8 232 99 282 10917 0 0 1 1
0 74 227 187 277 10937 0 0 1 1
0 148 227 269 275 10957 0 0 1 1
0 239 225 360 275 10977 0 0 1 1
0 324 220 440 270 10997 0 0 1 1
0 401 220 522 280 11017 0 0 1 1
0 481 218 602 289 11037 0 0 1 1
0 552 218 673 289 11057 0 0 1 1
0 624 218 745 289 11077 0 0 1 1
0 701 216 822 286 11097 0 0 1 1
0 783 214 904 284 11117 0 0 1 1
0 858 204 979 275 11137 0 0 1 1
0 932 195 1053 266 11157 0 0 1 1
0 995 193 1116 264 11177 0 0 1 1
0 1053 193 1174 264 11197 0 0 1 1
0 1119 195 1240 266 11217 0 0 1 1
0 1199 207 1320 277 11237 0 0 1 1
0 1270 211 1391 282 11257 0 0 1 1
0 1336 211 1457 282 11277 0 0 1 1
0 1410 214 1531 284 11297 0 0 1 1
0 1493 225 1614 296 11317 0 0 1 1
0 1567 232 1688 302 11337 0 0 1 1
0 1639 239 1760 309 11357 0 0 1 1
0 1707 243 1828 314 11377 0 0 1 1
0 1768 239 1889 309 11397 0 0 1 1
0 1826 236 1938 307 11417 0 0 1 1
0 1894 239 1977 309 11437 0 0 1 1
1 495 1054 605 1088 10434 0 0 1 2
1 508 1001 621 1074 10454 0 0 1 2
1 508 972 635 1042 10474 0 0 1 2
1 517 935 646 1008 10494 0 0 1 2
1 530 901 651 974 10514 0 0 1 2
1 541 869 657 938 10534 0 0 1 2
1 555 837 660 904 10554 0 0 1 2
1 566 803 665 867 10574 0 0 1 2
1 580 771 671 833 10594 0 0 1 2
1 591 740 676 796 10614 0 0 1 2
1 602 705 687 762 10634 0 0 1 2
1 610 671 695 726 10654 0 0 1 2
1 621 637 706 692 10674 0 0 1 2
1 632 603 717 658 10694 0 0 1 2
1 640 569 726 621 10714 0 0 1 2
1 651 535 737 587 10734 0 0 1 2
1 660 500 745 551 10754 0 0 1 2
1 673 466 753 523 10774 0 0 1 2
1 690 432 781 491 10794 0 0 1 2
1 709 400 783 450 10814 0 0 1 2
1 715 366 800 446 10834 0 0 1 2
1 728 332 811 407 10854 0 0 1 2
1 739 298 822 366 10874 0 0 1 2
1 748 266 827 332 10894 0 0 1 2
1 756 236 833 298 10914 0 0 1 2
1 761 207 836 264 10934 0 0 1 2
1 764 177 838 229 10954 0 0 1 2
1 770 148 841 198 10974 0 1 1 2
1 775 116 847 166 10994 0 1 1 2
1 772 72 860 157 11014 0 1 1 2
1 781 31 874 125 11034 0 1 1 2
1 792 9 885 97 11054 0 1 1 2
1 805 0 899 72 11074 0 1 1 2
1 819 0 913 29 11094 0 1 1 2
2 143 2 242 66 11066 0 0 1 1
2 33 40 134 95 11086 0 0 1 1
2 0 84 41 138 11106 0 0 1 1
3 451 1052 552 1090 10877 0 0 1 2
3 456 1004 555 1072 10897 0 0 1 2
3 445 965 539 1040 10917 0 0 1 2
3 440 935 539 1004 10937 0 0 1 2
3 442 892 541 960 10957 0 0 1 2
3 440 853 536 922 10977 0 0 1 2
3 437 815 533 883 10997 0 0 1 2
3 431 783 533 856 11017 0 0 1 2
3 426 753 539 833 11037 0 0 0 2
3 426 717 539 796 11057 0 0 1 2
3 429 680 541 760 11077 0 0 1 2
3 420 637 533 717 11097 0 0 1 2
3 423 598 536 678 11117 0 0 1 2
3 418 560 530 639 11137 0 0 1 2
3 401 516 514 596 11157 0 0 1 2
3 407 478 519 557 11177 0 0 1 2
3 398 444 511 523 11197 0 0 1 2
3 390 407 503 487 11217 0 0 1 2
3 382 375 495 455 11237 0 0 1 2
3 368 346 481 425 11257 0 0 1 2
3 354 316 467 396 11277 0 0 1 2
3 330 289 442 368 11297 0 0 1 2
3 297 266 409 346 11317 0 0 1 2
3 261 243 374 323 11337 0 0 1 2
3 225 229 338 309 11357 0 0 1 2
3 189 220 302 300 11377 0 0 1 2
3 154 211 266 291 11397 0 0 1 2
3 121 202 233 282 11417 0 0 1 2
3 79 186 192 266 11437 0 0 1 2
3 35 168 148 248 11457 0 0 1 2
3 5 159 107 239 11477 0 0 1 2
3 0 159 82 239 11497 0 0 1 2
3 0 161 44 225 11517 0 0 1 2
4 1127 1072 1174 1090 11765 0 0 1 2
4 1097 1063 1135 1088 11785 0 0 1 2
4 1064 1049 1111 1088 11805 0 0 1 2
4 1028 1029 1080 1088 11825 0 0 0 2
4 992 1011 1050 1079 11845 0 0 1 2
4 946 995 1023 1063 11865 0 0 0 2
4 926 985 990 1052 11885 0 0 0 2
4 893 972 959 1026 11905 0 0 1 2
4 869 951 926 1022 11925 0 0 0 2
4 827 938 893 1001 11945 0 0 1 2
4 800 919 880 983 11965 0 0 0 2
5 1914 277 1971 332 11791 0 0 1 2
5 1875 291 1938 346 11811 0 0 1 2
5 1845 296 1908 362 11831 0 0 1 2
5 1817 311 1881 380 11851 0 0 1 2
5 1787 330 1850 396 11871 0 0 1 2
5 1757 346 1820 414 11891 0 0 1 2
5 1740 375 1784 432 11911 0 0 1 2
5 1705 377 1771 453 11931 0 0 1 2
5 1680 405 1743 471 11951 0 0 1 2
7 1936 118 1966 150 2529 0 0 1 2
7 1914 116 1944 148 2549 0 0 1 2
7 1886 113 1916 145 2569 0 0 1 2
7 1856 104 1886 136 2589 0 0 1 2
7 1826 97 1856 129 2609 0 0 1 2
7 1801 91 1831 122 2629 0 0 1 2
7 1779 86 1809 118 2649 0 0 0 2
7 1749 88 1779 120 2669 0 0 1 2
7 1721 91 1751 122 2689 0 0 1 2
7 1696 95 1727 127 2709 0 0 1 2
7 1669 97 1699 129 2729 0 0 1 2
7 1641 100 1672 132 2749 0 0 1 2
7 1614 100 1644 132 2769 0 0 1 2
7 1586 100 1617 132 2789 0 0 1 2
7 1562 100 1592 132 2809 0 0 1 2
7 1531 100 1562 132 2829 0 0 1 2
7 1501 100 1531 132 2849 0 0 1 2
7 1474 104 1504 136 2869 0 0 1 2
7 1446 107 1476 138 2889 0 0 1 2
7 1416 104 1446 136 2909 0 0 1 2
7 1391 104 1421 136 2929 0 0 1 2
7 1366 107 1397 138 2949 0 0 1 2
7 1344 107 1375 138 2969 0 0 1 2
7 1320 107 1350 138 2989 0 0 1 2
7 1284 104 1322 136 3009 0 0 1 2
7 1248 100 1298 136 3029 0 0 1 2
7 1210 95 1273 136 3049 0 0 1 2
7 1179 93 1248 134 3069 0 0 1 2
7 1152 93 1221 134 3089 0 0 1 2
7 1127 93 1196 134 3109 0 0 1 2
7 1102 93 1171 134 3129 0 0 1 2
7 1075 93 1144 134 3149 0 0 1 2
7 1050 93 1119 134 3169 0 0 1 2
7 1023 93 1091 134 3189 0 0 1 2
7 998 95 1064 136 3209 0 0 1 2
7 970 97 1039 138 3229 0 0 1 2
7 946 100 1012 141 3249 0 0 1 2
7 918 102 984 143 3269 0 0 1 2
7 891 102 957 143 3289 0 0 1 2
7 863 104 929 145 3309 0 0 1 2
7 833 104 899 145 3329 0 0 1 2
7 805 104 871 145 3349 0 0 1 2
7 778 107 844 148 3369 0 0 1 2
7 750 107 816 148 3389 0 0 1 2
7 723 109 789 150 3409 0 0 1 2
7 695 109 761 150 3429 0 0 1 2
7 665 109 731 150 3449 0 0 1 2
7 638 111 704 152 3469 0 0 1 2
7 610 111 676 152 3489 0 0 1 2
7 583 111 649 154 3509 0 0 1 2
7 552 111 621 154 3529 0 0 1 2
7 525 111 594 157 3549 0 0 1 2
7 497 111 566 159 3569 0 0 1 2
7 467 111 539 159 3589 0 0 1 2
7 440 111 514 161 3609 0 0 1 2
7 409 111 486 161 3629 0 0 1 2
7 382 111 459 163 3649 0 0 1 2
7 354 111 431 166 3669 0 0 1 2
7 324 111 404 166 3689 0 0 1 2
7 297 111 376 168 3709 0 0 1 2
7 266 111 349 168 3729 0 0 1 2
7 239 111 321 170 3749 0 0 1 2
7 211 111 294 173 3769 0 0 1 2
7 181 111 266 173 3789 0 0 1 2
7 154 111 242 175 3809 0 0 1 2
7 123 111 214 175 3829 0 0 1 2
7 96 111 187 177 3849 0 0 1 2
7 68 111 159 179 3869 0 0 1 2
7 38 111 132 179 3889 0 0 1 2
7 11 111 104 182 3909 0 0 1 2
7 0 111 79 179 3929 0 0 1 2
7 0 111 41 179 3949 0 0 1 2
7 0 132 49 179 3969 0 0 1 2
8 1903 0 1949 31 8200 0 0 1 1
8 1853 0 1900 31 8220 0 0 1 1
8 1776 0 1848 38 8240 0 0 1 1
8 1718 0 1787 45 8260 0 0 1 1
8 1655 0 1724 47 8280 0 0 1 1
8 1578 0 1669 52 8300 0 0 1 1
8 1504 0 1589 56 8320 0 0 1 1
8 1432 0 1518 54 8340 0 0 1 1
8 1358 4 1443 66 8360 0 0 1 1
8 1287 18 1369 91 8380 0 0 1 1
8 1210 31 1292 104 8400 0 0 1 1
8 1133 45 1215 118 8420 0 0 1 1
8 1058 63 1141 136 8440 0 0 1 1
8 987 79 1069 152 8460 0 0 1 1
8 913 100 998 173 8480 0 0 1 1
8 836 125 929 195 8500 0 0 0 1
8 753 134 841 200 8520 0 0 1 1
8 671 143 756 207 8540 0 0 1 1
8 588 152 671 214 8560 0 0 1 1
8 503 157 588 216 8580 0 0 1 1
8 415 157 506 214 8600 0 0 1 1
8 327 154 423 211 8620 0 0 1 1
8 242 152 343 209 8640 0 0 1 1
8 159 150 266 204 8660 0 0 1 1
8 79 148 189 202 8680 0 0 0 1
8 24 148 129 202 8700 0 0 1 1
8 0 148 57 202 8720 0 0 0 1
8 0 161 79 236 9382 0 0 0 1
8 71 132 198 204 9402 0 0 0 1
8 165 88 291 161 9422 0 0 0 1
8 250 15 376 88 9442 0 0 0 1
9 418 1063 475 1088 6001 0 0 1 2
9 415 1063 473 1088 6021 0 0 1 2
9 412 1065 470 1088 6041 0 0 1 2
9 409 1067 467 1088 6061 0 0 1 2
9 396 1052 478 1088 6081 0 0 1 2
9 393 999 467 1065 6101 0 0 1 2
9 390 967 467 1029 6121 0 0 1 2
9 387 935 464 995 6141 0 0 1 2
9 382 901 464 965 6161 0 0 1 2
9 385 867 464 929 6181 0 0 1 2
9 382 824 467 892 6201 0 0 1 2
9 379 785 473 842 6221 0 0 1 2
9 379 744 470 803 6241 0 0 1 2
9 382 703 467 765 6261 0 0 1 2
9 382 669 467 728 6281 0 0 1 2
9 382 637 464 694 6301 0 0 1 2
9 390 596 473 648 6321 0 0 1 2
9 390 557 475 610 6341 0 0 1 2
9 393 512 486 571 6361 0 0 1 2
9 396 466 497 532 6381 0 0 1 2
9 401 425 497 496 6401 0 0 1 2
9 407 389 497 450 6421 0 0 1 2
9 407 350 495 412 6441 0 0 1 2
9 407 311 492 375 6461 0 0 1 2
9 398 275 495 339 6481 0 0 1 2
9 393 232 486 305 6501 0 0 1 2
9 393 193 486 261 6521 0 0 1 2
9 390 157 484 220 6541 0 0 1 2
9 390 118 481 177 6561 0 0 1 2
9 387 77 478 136 6581 0 0 1 2
9 396 36 486 95 6601 0 0 1 2
9 404 2 495 61 6621 0 0 1 2
10 1930 138 1966 173 2328 0 0 1 2
10 1905 143 1941 177 2348 0 0 1 2
10 1881 148 1916 182 2368 0 0 1 2
10 1856 150 1894 184 2388 0 0 1 2
10 1831 159 1870 193 2408 0 0 1 2
10 1806 168 1845 202 2428 0 0 1 2
10 1793 170 1831 204 2448 0 0 1 2
10 1782 170 1820 204 2468 0 0 1 2
10 1782 170 1820 204 2488 0 0 1 2
10 1782 170 1817 204 2508 0 0 1 2
10 1782 175 1815 204 2528 0 0 1 2
10 1784 175 1815 202 2548 0 0 1 2
10 1784 170 1815 198 2568 0 0 1 2
10 1784 168 1815 195 2588 0 0 1 2
10 1787 168 1817 195 2608 0 0 1 2
10 1787 168 1817 195 2628 0 0 1 2
10 1787 168 1817 195 2648 0 0 1 2
10 1787 168 1817 195 2668 0 0 1 2
10 1787 168 1817 195 2688 0 0 1 2
10 1787 168 1817 195 2708 0 0 1 2
10 1787 168 1817 195 2728 0 0 1 2
10 1787 168 1817 195 2748 0 0 1 2
10 1787 168 1817 195 2768 0 0 1 2
10 1787 168 1817 195 2788 0 0 1 2
10 1787 168 1817 195 2808 0 0 1 2
10 1787 168 1817 195 2828 0 0 1 2
10 1787 168 1817 195 2848 0 0 1 2
10 1787 168 1817 195 2868 0 0 1 2
10 1787 168 1817 195 2888 0 0 1 2
10 1787 168 1817 195 2908 0 0 1 2
10 1787 168 1817 195 2928 0 0 1 2
10 1787 168 1817 195 2948 0 0 1 2
10 1787 168 1817 195 2968 0 0 1 2
10 1787 168 1817 195 2988 0 0 1 2
10 1784 166 1817 195 3008 0 0 1 2
10 1784 166 1817 195 3028 0 0 1 2
10 1784 166 1817 195 3048 0 0 1 2
10 1784 166 1817 195 3068 0 0 1 2
10 1784 166 1817 195 3088 0 0 1 2
10 1784 163 1817 195 3108 0 0 1 2
10 1784 163 1817 195 3128 0 0 1 2
10 1784 163 1817 195 3148 0 0 1 2
10 1782 163 1817 195 3168 0 0 1 2
10 1782 163 1817 195 3188 0 0 1 2
10 1782 161 1817 195 3208 0 0 1 2
10 1782 161 1817 195 3228 0 0 1 2
10 1782 161 1817 195 3248 0 0 1 2
10 1782 161 1817 195 3268 0 0 1 2
10 1782 161 1817 195 3288 0 0 1 2
10 1782 159 1817 195 3308 0 0 1 2
10 1782 159 1817 195 3328 0 0 1 2
10 1779 159 1817 195 3348 0 0 1 2
10 1779 159 1817 195 3368 0 0 1 2
10 1779 159 1817 195 3388 0 0 1 2
10 1779 157 1817 195 3408 0 0 1 2
10 1779 157 1817 195 3428 0 0 1 2
10 1779 157 1817 195 3448 0 0 1 2
10 1779 157 1817 195 3468 0 0 1 2
10 1779 157 1817 195 3488 0 0 1 2
10 1776 157 1817 198 3508 0 0 1 2
10 1776 157 1817 198 3528 0 0 1 2
10 1776 157 1817 198 3548 0 0 1 2
10 1776 157 1817 198 3568 0 0 1 2
10 1773 157 1817 198 3588 0 0 1 2
10 1773 159 1820 198 3608 0 0 1 2
10 1773 159 1820 198 3628 0 0 1 2
10 1771 159 1820 198 3648 0 0 1 2
10 1771 159 1820 200 3668 0 0 1 2
10 1771 159 1820 200 3688 0 0 1 2
10 1771 161 1823 200 3708 0 0 1 2
10 1768 161 1823 200 3728 0 0 1 2
10 1768 161 1823 200 3748 0 0 1 2
10 1768 161 1823 200 3768 0 0 1 2
10 1765 161 1823 200 3788 0 0 1 2
10 1765 163 1826 200 3808 0 0 1 2
10 1765 163 1826 200 3828 0 0 1 2
10 1765 163 1826 202 3848 0 0 1 2
10 1762 163 1826 202 3868 0 0 1 2
10 1762 163 1826 202 3888 0 0 1 2
10 1762 166 1828 202 3908 0 0 1 2
10 1762 166 1828 202 3928 0 0 1 2
10 1760 166 1828 202 3948 0 0 1 2
10 1760 166 1828 202 3968 0 0 1 2
10 1760 166 1828 202 3988 0 0 1 2
10 1760 168 1828 204 4008 0 0 1 2
10 1760 168 1828 204 4028 0 0 1 2
10 1760 168 1828 204 4048 0 0 1 2
10 1760 168 1828 204 4068 0 0 1 2
10 1760 168 1828 204 4088 0 0 1 2
10 1760 168 1826 204 4108 0 0 1 2
10 1760 168 1826 204 4128 0 0 1 2
10 1760 168 1826 204 4148 0 0 1 2
10 1760 168 1826 204 4168 0 0 1 2
10 1760 168 1826 204 4188 0 0 1 2
10 1760 168 1823 204 4208 0 0 1 2
10 1760 168 1823 204 4228 0 0 1 2
10 1760 168 1823 204 4248 0 0 1 2
10 1760 168 1823 204 4268 0 0 1 2
10 1760 168 1823 204 4288 0 0 1 2
10 1760 168 1820 204 4308 0 0 1 2
10 1760 168 1820 204 4328 0 0 1 2
10 1760 168 1820 204 4348 0 0 1 2
10 1760 168 1820 204 4368 0 0 1 2
10 1760 168 1820 204 4388 0 0 1 2
10 1760 168 1817 204 4408 0 0 1 2
10 1760 168 1817 204 4428 0 0 1 2
10 1760 168 1817 204 4448 0 0 1 2
10 1760 168 1817 204 4468 0 0 1 2
10 1760 168 1817 204 4488 0 0 1 2
10 1760 168 1815 204 4508 0 0 1 2
10 1760 168 1815 204 4528 0 0 1 2
10 1760 168 1815 204 4548 0 0 1 2
10 1760 168 1815 204 4568 0 0 1 2
10 1760 168 1815 204 4588 0 0 1 2
10 1762 168 1815 204 4608 0 0 1 2
10 1762 168 1815 204 4628 0 0 1 2
10 1762 168 1815 204 4648 0 0 1 2
10 1762 168 1815 204 4668 0 0 1 2
10 1762 168 1815 204 4688 0 0 1 2
10 1765 168 1815 204 4708 0 0 1 2
10 1765 168 1815 204 4728 0 0 1 2
10 1765 168 1815 204 4748 0 0 1 2
10 1765 168 1815 204 4768 0 0 1 2
10 1765 168 1815 204 4788 0 0 1 2
10 1768 168 1815 204 4808 0 0 1 2
10 1768 168 1815 204 4828 0 0 1 2
10 1768 168 1815 204 4848 0 0 1 2
10 1768 168 1815 204 4868 0 0 1 2
10 1768 168 1815 204 4888 0 0 1 2
10 1771 168 1815 204 4908 0 0 1 2
10 1771 168 1815 204 4928 0 0 1 2
10 1771 168 1815 204 4948 0 0 1 2
10 1771 168 1815 204 4968 0 0 1 2
10 1771 168 1815 204 4988 0 0 1 2
10 1771 166 1812 207 5008 0 0 1 2
10 1771 166 1812 209 5028 0 0 1 2
10 1771 166 1812 211 5048 0 0 1 2
10 1771 163 1812 214 5068 0 0 1 2
10 1771 163 1812 216 5088 0 0 1 2
10 1768 163 1812 218 5108 0 0 1 2
10 1768 161 1812 220 5128 0 0 1 2
10 1768 161 1812 223 5148 0 0 1 2
10 1768 161 1812 225 5168 0 0 1 2
10 1768 161 1812 227 5188 0 0 1 2
10 1765 159 1809 227 5208 0 0 1 2
10 1765 159 1809 227 5228 0 0 1 2
10 1765 159 1809 227 5248 0 0 1 2
10 1765 159 1809 227 5268 0 0 1 2
10 1765 159 1809 227 5288 0 0 1 2
10 1765 159 1809 227 5308 0 0 1 2
10 1765 159 1809 227 5328 0 0 1 2
10 1765 159 1809 227 5348 0 0 1 2
10 1743 154 1787 223 5368 0 0 1 2
10 1721 150 1765 218 5388 0 0 1 2
10 1702 150 1746 218 5408 0 0 1 2
10 1694 152 1738 220 5428 0 0 1 2
10 1685 150 1729 218 5448 0 0 1 2
10 1677 150 1721 218 5468 0 0 1 2
10 1650 150 1694 218 5488 0 0 1 2
10 1617 152 1669 216 5508 0 0 1 2
10 1578 154 1647 209 5528 0 0 1 2
10 1542 159 1628 200 5548 0 0 1 2
10 1504 161 1603 195 5568 0 0 1 2
10 1468 161 1567 195 5588 0 0 1 2
10 1432 161 1531 195 5608 0 0 1 2
10 1394 161 1493 195 5628 0 0 1 2
10 1358 161 1457 195 5648 0 0 1 2
10 1325 161 1424 195 5668 0 0 1 2
10 1295 161 1394 195 5688 0 0 1 2
10 1262 161 1361 195 5708 0 0 1 2
10 1232 161 1331 195 5728 0 0 1 2
10 1199 161 1298 195 5748 0 0 1 2
10 1168 161 1267 195 5768 0 0 1 2
10 1138 161 1237 195 5788 0 0 1 2
10 1105 161 1204 195 5808 0 0 1 2
10 1075 161 1174 195 5828 0 0 1 2
10 1045 161 1144 195 5848 0 0 1 2
10 1014 163 1113 198 5868 0 0 1 2
10 984 168 1083 202 5888 0 0 1 2
10 954 175 1053 209 5908 0 0 1 2
10 924 179 1023 214 5928 0 0 1 2
10 891 184 990 218 5948 0 0 1 2
10 860 188 959 223 5968 0 0 1 2
10 827 191 926 225 5988 0 0 1 2
10 803 193 888 232 6008 0 0 1 2
10 786 198 858 248 6028 0 0 1 2
10 753 188 822 241 6048 0 0 1 2
10 715 195 786 248 6068 0 0 1 2
10 687 200 753 248 6088 0 0 1 2
10 649 193 723 236 6108 0 0 1 2
10 627 200 701 243 6128 0 0 1 2
10 588 200 668 241 6148 0 0 1 2
10 563 209 640 248 6168 0 0 1 2
10 533 214 607 252 6188 0 0 1 2
10 500 209 574 248 6208 0 0 1 2
10 467 204 547 243 6228 0 0 1 2
10 437 204 514 241 6248 0 0 1 2
10 404 200 484 239 6268 0 0 1 2
10 374 198 456 236 6288 0 0 1 2
10 346 204 423 243 6308 0 0 1 2
10 313 202 393 243 6328 0 0 1 2
10 283 200 363 241 6348 0 0 1 2
10 253 193 316 239 6368 0 0 1 2
10 211 200 302 243 6388 0 0 1 2
10 181 200 275 243 6408 0 0 1 2
10 151 200 247 243 6428 0 0 1 2
10 118 202 211 243 6448 0 0 1 2
10 88 202 176 243 6468 0 0 1 2
10 57 202 137 243 6488 0 0 1 2
10 8 214 118 243 6508 0 0 1 2
10 0 216 90 243 6528 0 0 1 2
10 0 216 68 243 6548 0 0 1 2
11 1925 109 1963 143 2326 0 0 1 2
11 1900 111 1938 145 2346 0 0 1 2
11 1875 116 1914 148 2366 0 0 1 2
11 1850 118 1889 150 2386 0 0 1 2
11 1820 125 1859 157 2406 0 0 1 2
11 1790 134 1828 166 2426 0 0 1 2
11 1776 136 1815 168 2446 0 0 1 2
11 1765 136 1804 168 2466 0 0 1 2
11 1771 136 1809 168 2486 0 0 1 2
11 1782 141 1820 170 2506 0 0 1 2
11 1798 157 1831 184 2526 0 0 1 2
11 1812 168 1842 195 2546 0 0 1 2
11 1815 184 1845 211 2566 0 0 1 2
11 1815 198 1845 225 2586 0 0 0 2
11 1815 195 1845 223 2606 0 0 1 2
11 1815 193 1845 220 2626 0 0 1 2
11 1815 191 1845 218 2646 0 0 1 2
11 1815 191 1845 218 2666 0 0 1 2
11 1815 188 1845 216 2686 0 0 1 2
11 1815 186 1845 214 2706 0 0 1 2
11 1815 186 1845 214 2726 0 0 1 2
11 1815 186 1845 214 2746 0 0 1 2
11 1815 186 1845 214 2766 0 0 1 2
11 1815 186 1845 214 2786 0 0 1 2
11 1815 186 1845 214 2806 0 0 1 2
11 1815 186 1845 214 2826 0 0 1 2
11 1815 186 1845 214 2846 0 0 1 2
11 1815 186 1845 214 2866 0 0 1 2
11 1815 186 1845 214 2886 0 0 1 2
11 1815 186 1845 214 2906 0 0 1 2
11 1815 186 1845 214 2926 0 0 1 2
11 1815 186 1845 214 2946 0 0 1 2
11 1815 186 1845 214 2966 0 0 1 2
11 1815 186 1845 214 2986 0 0 1 2
11 1812 186 1845 214 3006 0 0 1 2
11 1812 186 1845 214 3026 0 0 1 2
11 1812 186 1845 214 3046 0 0 1 2
11 1812 186 1845 216 3066 0 0 1 2
11 1812 186 1845 216 3086 0 0 1 2
11 1812 186 1845 218 3106 0 0 1 2
11 1812 186 1845 218 3126 0 0 1 2
11 1812 186 1845 218 3146 0 0 1 2
11 1812 186 1845 220 3166 0 0 1 2
11 1809 186 1845 220 3186 0 0 1 2
11 1809 186 1845 223 3206 0 0 1 2
11 1809 186 1845 223 3226 0 0 1 2
11 1809 186 1845 223 3246 0 0 1 2
11 1809 186 1848 225 3266 0 0 1 2
11 1809 186 1848 225 3286 0 0 1 2
11 1809 186 1848 227 3306 0 0 1 2
11 1809 186 1848 227 3326 0 0 1 2
11 1806 186 1848 227 3346 0 0 1 2
11 1806 186 1848 229 3366 0 0 1 2
11 1806 186 1848 229 3386 0 0 1 2
11 1806 186 1848 232 3406 0 0 1 2
11 1806 186 1848 232 3426 0 0 1 2
11 1806 186 1848 232 3446 0 0 1 2
11 1806 186 1848 234 3466 0 0 1 2
11 1806 186 1848 234 3486 0 0 1 2
11 1804 184 1850 236 3506 0 0 1 2
11 1804 184 1850 236 3526 0 0 1 2
11 1804 184 1850 236 3546 0 0 1 2
11 1804 184 1850 236 3566 0 0 1 2
11 1804 184 1850 236 3586 0 0 1 2
11 1804 184 1850 236 3606 0 0 1 2
11 1804 184 1850 236 3626 0 0 1 2
11 1804 184 1850 236 3646 0 0 1 2
11 1804 184 1850 236 3666 0 0 1 2
11 1804 184 1850 236 3686 0 0 1 2
11 1804 184 1850 236 3706 0 0 1 2
11 1804 184 1850 236 3726 0 0 1 2
11 1804 184 1850 236 3746 0 0 1 2
11 1804 184 1853 236 3766 0 0 1 2
11 1804 184 1853 236 3786 0 0 1 2
11 1804 184 1853 236 3806 0 0 1 2
11 1804 184 1853 236 3826 0 0 1 2
11 1804 184 1853 236 3846 0 0 1 2
11 1804 184 1853 236 3866 0 0 1 2
11 1804 184 1853 236 3886 0 0 1 2
11 1804 184 1853 236 3906 0 0 1 2
11 1804 184 1853 236 3926 0 0 1 2
11 1804 184 1853 236 3946 0 0 1 2
11 1804 184 1853 236 3966 0 0 1 2
11 1804 184 1853 236 3986 0 0 1 2
11 1804 184 1853 234 4006 0 0 1 2
11 1804 184 1853 234 4026 0 0 1 2
11 1804 184 1853 234 4046 0 0 1 2
11 1804 184 1853 234 4066 0 0 1 2
11 1804 184 1853 234 4086 0 0 1 2
11 1804 184 1853 234 4106 0 0 1 2
11 1804 184 1853 234 4126 0 0 1 2
11 1804 184 1853 232 4146 0 0 1 2
11 1804 184 1853 232 4166 0 0 1 2
11 1804 184 1853 232 4186 0 0 1 2
11 1804 184 1850 232 4206 0 0 1 2
11 1804 184 1850 232 4226 0 0 1 2
11 1804 184 1850 232 4246 0 0 1 2
11 1804 184 1850 232 4266 0 0 1 2
11 1804 184 1850 229 4286 0 0 1 2
11 1804 184 1850 229 4306 0 0 1 2
11 1804 184 1850 229 4326 0 0 1 2
11 1804 184 1850 229 4346 0 0 1 2
11 1804 184 1850 229 4366 0 0 1 2
11 1804 184 1850 229 4386 0 0 1 2
11 1806 186 1850 229 4406 0 0 1 2
11 1806 186 1850 229 4426 0 0 1 2
11 1806 186 1850 229 4446 0 0 1 2
11 1806 186 1850 229 4466 0 0 1 2
11 1806 186 1850 229 4486 0 0 1 2
11 1806 186 1848 227 4506 0 0 1 2
11 1806 186 1848 227 4526 0 0 1 2
11 1806 186 1848 227 4546 0 0 1 2
11 1806 186 1848 227 4566 0 0 1 2
11 1806 186 1848 227 4586 0 0 1 2
11 1806 186 1848 227 4606 0 0 1 2
11 1806 186 1848 227 4626 0 0 1 2
11 1806 186 1848 227 4646 0 0 1 2
11 1806 186 1848 227 4666 0 0 1 2
11 1806 186 1848 227 4686 0 0 1 2
11 1806 186 1848 227 4706 0 0 1 2
11 1806 186 1848 227 4726 0 0 1 2
11 1806 186 1848 227 4746 0 0 1 2
11 1806 186 1848 227 4766 0 0 1 2
11 1806 186 1848 227 4786 0 0 1 2
11 1806 186 1848 227 4806 0 0 1 2
11 1806 186 1848 227 4826 0 0 1 2
11 1806 186 1848 227 4846 0 0 1 2
11 1806 186 1848 227 4866 0 0 1 2
11 1806 186 1848 227 4886 0 0 1 2
11 1806 186 1848 227 4906 0 0 1 2
11 1806 186 1848 227 4926 0 0 1 2
11 1806 186 1848 227 4946 0 0 1 2
11 1806 186 1848 227 4966 0 0 1 2
11 1806 186 1848 227 4986 0 0 1 2
11 1806 186 1848 227 5006 0 0 1 2
11 1806 182 1848 234 5026 0 0 1 2
11 1806 179 1848 241 5046 0 0 1 2
11 1804 177 1845 241 5066 0 0 1 2
11 1804 177 1845 241 5086 0 0 1 2
11 1804 177 1845 241 5106 0 0 1 2
11 1804 177 1845 241 5126 0 0 1 2
11 1801 177 1842 241 5146 0 0 1 2
11 1801 177 1842 241 5166 0 0 1 2
11 1801 177 1842 241 5186 0 0 1 2
11 1801 177 1842 241 5206 0 0 1 2
11 1798 177 1839 241 5226 0 0 1 2
11 1798 177 1839 241 5246 0 0 1 2
11 1798 177 1839 241 5266 0 0 1 2
11 1798 177 1839 241 5286 0 0 1 2
11 1798 177 1839 241 5306 0 0 1 2
11 1784 184 1826 248 5326 0 0 1 2
11 1768 191 1809 255 5346 0 0 1 2
11 1746 191 1787 255 5366 0 0 1 2
11 1727 198 1768 261 5386 0 0 1 2
11 1716 198 1757 261 5406 0 0 1 2
11 1707 195 1749 259 5426 0 0 1 2
11 1694 188 1735 252 5446 0 0 1 2
11 1669 188 1710 252 5466 0 0 1 2
11 1644 188 1685 252 5486 0 0 1 2
11 1617 186 1661 250 5506 0 0 1 2
11 1586 186 1633 250 5526 0 0 1 2
11 1553 186 1608 248 5546 0 0 1 2
11 1523 186 1581 248 5566 0 0 1 2
11 1490 186 1556 245 5586 0 0 1 2
11 1460 186 1529 245 5606 0 0 1 2
11 1427 186 1496 245 5626 0 0 1 2
11 1397 186 1465 245 5646 0 0 1 2
11 1364 186 1432 245 5666 0 0 1 2
11 1331 186 1399 245 5686 0 0 1 2
11 1298 186 1366 245 5706 0 0 1 2
11 1267 188 1336 248 5726 0 0 1 2
11 1237 188 1306 248 5746 0 0 1 2
11 1207 188 1276 248 5766 0 0 1 2
11 1179 188 1248 248 5786 0 0 1 2
11 1149 188 1218 248 5806 0 0 1 2
11 1119 188 1188 248 5826 0 0 1 2
11 1089 188 1157 248 5846 0 0 1 2
11 1056 191 1124 250 5866 0 0 1 2
11 1023 195 1091 255 5886 0 0 1 2
11 990 198 1058 257 5906 0 0 1 2
11 954 202 1023 261 5926 0 0 1 2
11 924 204 992 264 5946 0 0 1 2
11 893 207 962 266 5966 0 0 1 2
11 863 211 932 270 5986 0 0 1 2
11 833 214 902 273 6006 0 0 1 2
11 803 216 871 273 6026 0 0 1 2
11 772 220 838 275 6046 0 0 1 2
11 739 223 808 275 6066 0 0 1 2
11 709 227 775 277 6086 0 0 1 2
11 673 234 739 277 6106 0 0 1 2
11 640 239 706 277 6126 0 0 1 2
11 605 239 679 277 6146 0 0 1 2
11 572 239 646 275 6166 0 0 1 2
11 539 239 613 275 6186 0 0 1 2
11 508 239 577 273 6206 0 0 1 2
11 475 239 544 273 6226 0 0 1 2
11 442 239 511 273 6246 0 0 1 2
11 409 239 484 273 6266 0 0 1 2
11 379 236 453 270 6286 0 0 1 2
11 352 232 423 270 6306 0 0 1 2
11 316 232 396 270 6326 0 0 1 2
11 283 236 365 275 6346 0 0 1 2
11 272 241 321 277 6366 0 0 1 2
11 222 236 308 277 6386 0 0 1 2
11 192 232 275 277 6406 0 0 1 2
11 159 232 247 275 6426 0 0 1 2
11 129 234 217 273 6446 0 0 1 2
11 99 234 184 268 6466 0 0 1 2
11 60 234 156 268 6486 0 0 1 2
11 27 234 118 268 6506 0 0 1 2
11 5 236 85 268 6526 0 0 1 2
11 0 248 63 270 6546 0 0 0 2
12 222 0 261 25 6295 0 0 1 2
12 203 0 247 43 6315 0 0 1 2
12 178 0 231 47 6335 0 0 1 2
12 145 0 203 43 6355 0 1 1 2
12 110 0 176 40 6375 0 1 1 2
12 77 0 165 47 6395 0 1 1 2
12 46 0 154 54 6415 0 1 1 2
12 19 0 126 50 6435 0 1 1 2
12 0 11 101 66 6455 0 0 1 2
12 0 11 71 75 6475 0 0 1 2
12 0 20 55 68 6495 0 0 1 2
12 0 27 33 79 6515 0 0 1 2
13 849 45 946 86 1510 0 0 1 1
13 805 43 902 84 1530 0 0 1 1
13 761 43 858 84 1550 0 1 0 1
13 717 43 814 84 1570 0 1 1 1
13 673 43 770 84 1590 0 1 0 1
13 640 40 737 81 1610 0 1 1 1
13 610 40 706 81 1630 0 1 0 1
13 569 36 665 77 1650 0 1 1 1
13 528 31 624 72 1670 0 1 1 1
13 486 31 599 86 1690 0 0 0 1
13 448 29 555 79 1710 0 0 1 1
13 409 27 514 75 1730 0 0 1 1
13 371 25 473 70 1750 0 0 1 1
13 335 25 431 66 1770 0 0 0 1
13 299 22 396 63 1790 0 0 1 1
13 264 22 360 63 1810 0 0 0 1
13 220 22 316 63 1830 0 0 0 1
13 181 22 280 66 1850 0 0 1 1
13 137 25 242 70 1870 0 0 1 1
13 93 25 203 75 1890 0 0 1 1
13 60 27 165 72 1910 0 0 1 1
13 24 27 123 68 1930 0 0 1 1
13 0 25 66 66 1950 0 0 0 1
14 1267 0 1311 45 6500 0 0 0 2
14 1243 0 1287 25 6520 0 0 0 2
15 236 0 330 66 6641 0 0 1 3
15 206 2 313 79 6661 0 0 1 3
15 184 25 291 104 6681 0 0 1 3
15 159 45 272 134 6701 0 0 1 3
15 137 63 261 136 6721 0 0 1 3
15 140 72 253 148 6741 0 0 1 3
15 137 84 242 161 6761 0 0 1 3
15 118 97 222 175 6781 0 0 1 3
15 101 116 206 193 6801 0 0 1 3
15 85 141 189 218 6821 0 0 1 3
15 71 166 176 243 6841 0 0 1 3
15 57 193 162 270 6861 0 0 1 3
15 46 223 151 300 6881 0 0 1 3
15 33 252 137 330 6901 0 0 1 3
15 13 277 118 355 6921 0 0 1 3
15 0 302 104 380 6941 0 0 1 3
15 0 330 99 407 6961 0 0 1 3
15 0 341 77 418 6981 0 1 1 3
15 0 352 46 430 7001 0 1 1 3
17 0 218 33 277 7004 0 0 1 2
17 0 214 71 282 7024 0 0 1 2
17 8 209 118 282 7044 0 0 1 2
17 55 202 165 275 7064 0 0 1 2
17 96 200 206 270 7084 0 0 1 2
17 140 195 247 255 7104 0 0 1 2
17 184 191 291 255 7124 0 0 1 2
17 228 188 335 257 7144 0 0 1 2
17 275 184 382 257 7164 0 0 1 2
17 316 184 423 259 7184 0 0 1 2
17 360 184 464 259 7204 0 0 1 2
17 401 184 506 259 7224 0 0 1 2
17 442 182 547 257 7244 0 0 1 2
17 481 175 588 248 7264 0 0 1 2
17 522 170 627 243 7284 0 0 1 2
17 569 168 673 241 7304 0 0 1 2
17 613 163 717 236 7324 0 1 1 2
17 640 154 745 229 7344 0 0 1 2
17 684 152 789 227 7364 0 0 1 2
17 731 150 836 225 7384 0 0 1 2
17 775 148 880 223 7404 0 0 1 2
17 822 145 926 223 7424 0 0 1 2
17 866 143 970 220 7444 0 0 1 2
17 913 141 1017 218 7464 0 0 1 2
17 957 138 1061 216 7484 0 0 1 2
17 1003 138 1105 214 7504 0 0 1 2
17 1045 138 1141 209 7524 0 0 1 2
17 1086 138 1177 202 7544 0 0 1 2
17 1127 138 1212 198 7564 0 0 1 2
17 1171 136 1251 191 7584 0 0 1 2
17 1212 129 1292 184 7604 0 0 1 2
17 1256 122 1336 177 7624 0 0 1 2
17 1298 116 1377 170 7644 0 0 1 2
17 1339 111 1419 166 7664 0 0 1 2
17 1380 107 1460 161 7684 0 0 1 2
17 1421 100 1501 154 7704 0 0 1 2
17 1463 95 1542 150 7724 0 0 1 2
17 1504 91 1584 145 7744 0 0 1 2
17 1545 81 1625 136 7764 0 0 1 2
17 1586 72 1666 127 7784 0 0 1 2
17 1628 66 1707 120 7804 0 0 1 2
17 1669 56 1749 111 7824 0 0 1 2
17 1710 45 1790 100 7844 0 0 1 2
17 1749 36 1828 91 7864 0 0 1 2
17 1790 27 1870 81 7884 0 0 1 2
17 1834 25 1914 79 7904 0 0 1 2
17 1878 13 1952 68 7924 0 0 1 2
17 1919 4 1974 59 7944 0 0 1 2
18 1894 86 1971 173 7345 0 0 1 1
18 1801 86 1900 175 7365 0 0 1 1
18 1702 81 1801 170 7385 0 0 1 1
18 1603 77 1702 166 7405 0 0 1 1
18 1504 72 1603 161 7425 0 0 1 1
18 1405 70 1504 159 7445 0 0 1 1
18 1306 66 1405 154 7465 0 0 1 1
18 1201 61 1300 150 7485 0 0 1 1
18 1100 68 1193 145 7505 0 0 1 1
18 998 75 1086 143 7525 0 0 1 1
18 888 77 976 145 7545 0 0 1 1
18 775 77 863 145 7565 0 1 1 1
18 662 77 750 145 7585 0 1 1 1
18 550 84 638 152 7605 0 1 1 1
18 434 88 522 157 7625 0 0 1 1
18 316 93 407 161 7645 0 0 1 1
18 200 100 294 166 7665 0 0 1 1
18 90 107 184 173 7685 0 0 1 1
18 5 113 85 179 7705 0 0 1 1
19 0 188 74 243 7766 0 0 1 1
19 134 129 247 188 7786 0 0 1 1
19 294 38 407 97 7806 0 0 1 1
20 0 150 63 232 7913 0 0 1 1
20 57 120 173 198 7933 0 0 1 1
20 159 56 275 134 7953 0 0 1 1
20 247 0 363 59 7973 0 0 1 1
21 198 0 264 45 7897 0 0 0 1
21 55 9 162 68 7917 0 1 1 1
21 0 25 68 109 7937 0 0 0 1
22 1927 0 1974 47 6534 0 0 1 2
22 1886 0 1941 50 6554 0 0 1 2
22 1845 0 1903 43 6574 0 0 1 2
22 1806 0 1867 43 6594 0 0 1 2
22 1771 0 1828 45 6614 0 0 1 2
22 1735 0 1790 50 6634 0 0 1 2
22 1699 0 1751 52 6654 0 0 1 2
22 1663 0 1713 56 6674 0 0 1 2
22 1628 0 1677 63 6694 0 0 1 2
22 1584 0 1641 61 6714 0 0 1 2
22 1537 0 1595 54 6734 0 0 1 2
22 1496 0 1556 50 6754 0 0 1 2
22 1457 0 1515 47 6774 0 0 1 2
22 1416 0 1476 43 6794 0 0 1 2
22 1383 0 1443 40 6814 0 0 1 2
22 1339 0 1402 43 6834 0 0 1 2
22 1298 0 1369 47 6854 0 0 1 2
22 1256 0 1328 43 6874 0 0 1 2
22 1218 0 1287 40 6894 0 0 1 2
22 1177 0 1251 40 6914 0 0 1 2
22 1141 0 1221 40 6934 0 0 1 2
22 1097 0 1171 40 6954 0 0 1 2
22 1058 0 1133 40 6974 0 0 1 2
22 1017 0 1094 40 6994 0 0 1 2
22 973 0 1056 43 7014 0 0 1 2
22 929 0 1017 45 7034 0 0 1 2
22 885 0 979 47 7054 0 0 1 2
22 841 0 943 52 7074 0 0 1 2
22 800 2 902 54 7094 0 0 1 2
22 761 4 863 56 7114 0 0 1 2
22 720 9 822 61 7134 0 0 1 2
22 682 11 783 63 7154 0 0 1 2
22 643 22 745 75 7174 0 0 1 2
22 602 29 704 81 7194 0 1 1 2
22 561 25 662 77 7214 0 0 1 2
22 522 22 624 75 7234 0 0 1 2
22 478 22 583 75 7254 0 0 1 2
22 437 22 539 75 7274 0 0 1 2
22 393 22 497 75 7294 0 0 1 2
22 352 22 456 72 7314 0 0 1 2
22 308 22 415 72 7334 0 0 1 2
22 266 22 374 72 7354 0 0 1 2
22 225 22 330 72 7374 0 0 1 2
22 181 22 288 72 7394 0 0 1 2
22 140 22 250 72 7414 0 0 1 2
22 101 27 214 77 7434 0 1 0 2
22 57 29 173 77 7454 0 1 1 2
22 22 31 129 81 7474 0 0 1 2
22 0 31 88 81 7494 0 0 1 2
22 0 29 44 91 7514 0 0 1 2
24 1947 284 1974 352 935 0 0 1 1
24 1908 268 1969 346 955 0 0 1 1
24 1878 259 1936 339 975 0 0 1 1
24 1842 243 1905 318 995 0 0 1 1
24 1809 232 1861 307 1015 0 0 1 1
26 1523 0 1578 38 791 0 0 1 2
26 1485 0 1548 38 811 0 0 1 2
26 1457 0 1512 34 831 0 0 1 2
26 1427 0 1474 29 851 0 0 1 2
26 1397 0 1441 29 871 0 0 1 2
26 1366 0 1410 29 891 0 0 1 2
26 1336 0 1380 27 911 0 0 1 2
26 1314 0 1358 25 931 0 0 1 2
26 1292 0 1336 25 951 0 0 1 2
26 1267 0 1311 25 971 0 0 1 2
27 0 152 24 216 971 0 0 0 1
27 46 113 123 173 991 0 0 0 1
27 159 59 239 125 1011 0 0 0 1
27 242 0 335 61 1031 0 0 0 1
28 11 20 77 86 704 0 0 1 1
28 123 0 195 29 724 0 1 1 1
29 0 239 99 286 6754 0 0 1 1
29 79 243 217 298 6774 0 0 1 1
29 200 252 335 307 6794 0 0 1 1
29 313 252 445 307 6814 0 0 1 1
29 426 250 555 305 6834 0 0 1 1
29 544 234 673 289 6854 0 0 1 1
29 649 223 775 277 6874 0 0 1 1
29 764 211 888 266 6894 0 0 1 1
29 880 204 1001 259 6914 0 0 1 1
29 995 204 1111 259 6934 0 0 1 1
29 1105 209 1221 264 6954 0 0 1 1
29 1218 216 1328 270 6974 0 0 1 1
29 1331 220 1438 277 6994 0 0 1 1
29 1438 225 1548 289 7014 0 0 1 1
29 1548 229 1658 298 7034 0 0 1 1
29 1658 234 1768 305 7054 0 0 1 1
29 1768 239 1878 314 7074 0 0 1 1
29 1883 239 1969 316 7094 0 0 1 1
30 426 1040 511 1088 6676 0 0 1 2
30 426 1006 517 1074 6696 0 0 1 2
30 423 974 519 1045 6716 0 0 1 2
30 420 938 514 1008 6736 0 0 1 2
30 420 904 511 974 6756 0 0 1 2
30 418 867 506 938 6776 0 0 1 2
30 415 833 503 904 6796 0 0 1 2
30 412 796 497 867 6816 0 0 1 2
30 409 762 495 833 6836 0 0 1 2
30 407 728 492 796 6856 0 0 1 2
30 407 694 492 762 6876 0 0 1 2
30 412 660 495 728 6896 0 0 1 2
30 415 623 495 692 6916 0 0 1 2
30 418 592 492 660 6936 0 0 1 2
30 412 557 497 623 6956 0 0 1 2
30 407 521 492 587 6976 0 0 1 2
30 401 487 489 553 6996 0 0 1 2
30 385 455 486 514 7016 0 0 1 2
30 376 421 478 485 7036 0 0 1 2
30 365 387 467 453 7056 0 0 1 2
30 354 352 456 421 7076 0 0 1 2
30 343 323 445 389 7096 0 0 1 2
30 319 300 420 357 7116 0 0 1 2
30 294 282 396 337 7136 0 0 1 2
30 255 266 365 316 7156 0 0 1 2
30 217 250 332 300 7176 0 0 1 2
30 189 243 302 298 7196 0 0 1 2
30 159 232 269 291 7216 0 0 1 2
30 123 220 231 282 7236 0 0 1 2
30 88 209 192 275 7256 0 0 1 2
30 52 200 154 270 7276 0 0 1 2
30 19 193 121 264 7296 0 0 1 2
30 0 191 85 264 7316 0 0 1 2
30 0 188 52 261 7336 0 0 1 2
31 0 400 71 478 7006 0 1 1 2
31 0 423 60 500 7026 0 1 1 2
31 0 450 46 528 7046 0 0 1 2
31 0 471 27 548 7066 0 0 1 2
32 0 601 38 655 6983 0 1 0 2
32 0 596 60 648 7003 0 1 1 2
32 0 603 85 653 7023 0 0 1 2
33 426 1045 486 1086 1722 0 0 1 1
33 418 1020 478 1086 1742 0 0 1 1
33 418 992 478 1058 1762 0 0 1 1
33 418 963 478 1029 1782 0 0 1 1
33 418 933 478 997 1802 0 0 1 1
33 418 906 478 967 1822 0 0 1 1
33 418 876 478 938 1842 0 0 1 1
33 418 849 478 908 1862 0 0 1 1
33 415 819 475 878 1882 0 0 1 1
33 415 790 475 849 1902 0 0 1 1
33 412 760 473 819 1922 0 0 1 1
33 412 730 473 790 1942 0 0 1 1
33 409 701 470 760 1962 0 0 1 1
33 404 669 467 728 1982 0 0 1 1
33 398 635 464 694 2002 0 0 1 1
33 398 605 464 664 2022 0 0 1 1
33 396 573 467 637 2042 0 0 1 1
33 396 541 470 605 2062 0 0 1 1
33 396 510 470 573 2082 0 0 1 1
33 396 478 470 541 2102 0 0 1 1
33 396 446 467 510 2122 0 0 1 1
33 390 414 462 478 2142 0 0 1 1
33 385 380 456 444 2162 0 0 1 1
33 374 357 445 421 2182 0 0 1 1
33 360 334 431 396 2202 0 0 1 1
33 335 305 407 366 2222 0 0 1 1
33 299 286 371 346 2242 0 0 1 1
33 266 275 338 334 2262 0 0 1 1
33 231 266 302 325 2282 0 0 1 1
33 195 261 266 321 2302 0 0 1 1
33 167 257 239 316 2322 0 0 1 1
33 129 252 200 311 2342 0 0 1 1
33 88 252 159 311 2362 0 0 1 1
33 60 252 132 311 2382 0 0 1 1
33 35 250 107 309 2402 0 0 1 1
33 5 248 77 307 2422 0 0 1 1
33 0 252 55 311 2442 0 0 1 1
34 489 1045 544 1090 1713 0 0 1 1
34 486 1026 541 1083 1733 0 0 1 1
34 481 1001 536 1074 1753 0 0 1 1
34 481 974 536 1042 1773 0 0 1 1
34 481 944 536 1013 1793 0 0 1 1
34 478 915 536 983 1813 0 0 1 1
34 478 888 536 951 1833 0 0 1 1
34 478 858 536 922 1853 0 0 1 1
34 475 828 536 890 1873 0 0 1 1
34 475 794 533 858 1893 0 0 1 1
34 473 760 530 826 1913 0 0 1 1
34 470 726 528 794 1933 0 0 1 1
34 470 699 530 762 1953 0 0 1 1
34 467 669 528 728 1973 0 0 1 1
34 459 635 522 694 1993 0 0 1 1
34 456 598 519 662 2013 0 0 1 1
34 456 564 519 633 2033 0 0 1 1
34 456 528 517 601 2053 0 0 1 1
34 453 491 514 564 2073 0 0 1 1
34 448 455 508 528 2093 0 0 1 1
34 442 418 503 491 2113 0 0 1 1
34 437 382 497 455 2133 0 0 1 1
34 429 348 489 421 2153 0 0 1 1
34 415 318 475 391 2173 0 0 1 1
34 396 293 456 366 2193 0 0 1 1
34 376 266 437 339 2213 0 0 1 1
34 343 232 404 305 2233 0 0 1 1
34 308 220 368 293 2253 0 0 1 1
34 272 211 332 284 2273 0 0 1 1
34 242 204 302 277 2293 0 0 1 1
34 195 204 266 275 2313 0 0 1 1
34 170 207 231 280 2333 0 0 1 1
34 129 207 192 280 2353 0 0 1 1
34 79 195 159 266 2373 0 0 1 1
34 41 191 123 259 2393 0 0 1 1
34 8 195 85 266 2413 0 0 1 1
34 0 202 60 273 2433 0 0 1 1
34 0 204 52 277 2453 0 0 1 1
35 745 6 797 40 9644 0 0 1 2
35 737 29 792 70 9664 0 0 1 2
35 731 50 786 102 9684 0 0 1 2
35 726 72 781 132 9704 0 0 1 2
35 717 97 772 161 9724 0 0 1 2
35 709 127 764 191 9744 0 0 1 2
35 704 154 759 218 9764 0 0 1 2
35 712 184 767 248 9784 0 0 1 2
35 712 216 767 280 9804 0 0 1 2
35 712 245 767 309 9824 0 0 1 2
35 709 275 764 339 9844 0 0 1 2
35 706 298 761 362 9864 0 0 1 2
35 704 321 759 384 9884 0 0 1 2
35 701 346 756 409 9904 0 0 1 2
35 698 368 753 432 9924 0 0 1 2
35 695 391 750 455 9944 0 0 1 2
35 687 421 742 485 9964 0 0 1 2
35 676 450 731 514 9984 0 0 1 2
35 668 480 723 544 10004 0 0 1 2
35 662 507 720 573 10024 0 0 1 2
35 660 537 717 601 10044 0 0 1 2
35 654 564 715 630 10064 0 0 1 2
35 649 594 709 660 10084 0 0 1 2
35 646 621 706 689 10104 0 0 1 2
35 640 651 704 717 10124 0 0 1 2
35 635 678 701 746 10144 0 0 1 2
35 632 708 695 776 10164 0 0 1 2
35 627 735 693 803 10184 0 0 1 2
35 621 765 690 833 10204 0 0 1 2
35 618 792 687 863 10224 0 0 1 2
35 613 822 682 890 10244 0 0 1 2
35 607 849 679 919 10264 0 0 1 2
35 602 881 676 944 10284 0 0 1 2
35 591 908 679 979 10304 0 0 1 2
35 605 951 673 1001 10324 0 0 1 2
35 596 976 673 1031 10344 0 0 1 2
35 596 1004 671 1063 10364 0 0 1 2
35 602 1045 662 1088 10384 0 0 1 2
36 167 0 338 81 2307 0 0 1 4
36 22 38 211 145 2327 0 0 1 4
36 0 91 55 184 2347 0 0 1 4
37 0 282 55 321 8628 0 0 1 2
37 0 282 90 321 8648 0 0 1 2
37 30 282 126 321 8668 0 0 1 2
37 49 277 145 316 8688 0 0 1 2
37 77 273 173 311 8708 0 0 1 2
37 104 270 200 309 8728 0 0 1 2
37 134 268 231 307 8748 0 0 1 2
37 159 268 255 307 8768 0 0 1 2
37 184 268 280 307 8788 0 0 1 2
37 211 270 308 309 8808 0 0 1 2
37 242 273 338 311 8828 0 0 1 2
37 269 273 365 311 8848 0 0 1 2
37 297 275 393 314 8868 0 0 1 2
37 327 275 423 314 8888 0 0 1 2
37 354 277 451 316 8908 0 0 1 2
37 382 277 478 316 8928 0 0 1 2
37 412 277 508 316 8948 0 0 1 2
37 440 280 536 318 8968 0 0 1 2
37 467 280 563 318 8988 0 0 1 2
37 497 277 594 316 9008 0 0 1 2
37 525 277 621 316 9028 0 0 1 2
37 555 277 649 316 9048 0 0 1 2
37 585 275 679 316 9068 0 0 1 2
37 613 275 706 316 9088 0 0 1 2
37 643 275 734 316 9108 0 0 1 2
37 673 273 764 316 9128 0 0 1 2
37 701 273 792 316 9148 0 0 1 2
37 731 270 822 316 9168 0 0 1 2
37 759 270 849 316 9188 0 0 1 2
37 789 270 877 316 9208 0 0 1 2
37 819 268 907 314 9228 0 0 1 2
37 849 266 937 311 9248 0 0 1 2
37 877 264 965 309 9268 0 0 1 2
37 907 261 995 307 9288 0 0 1 2
37 937 259 1025 305 9308 0 0 1 2
37 965 257 1053 302 9328 0 0 1 2
37 995 255 1083 300 9348 0 0 1 2
37 1025 252 1113 298 9368 0 0 1 2
37 1058 250 1146 296 9388 0 0 1 2
37 1083 250 1171 296 9408 0 0 1 2
37 1105 250 1193 296 9428 0 0 1 2
37 1138 250 1226 296 9448 0 0 1 2
37 1171 252 1259 298 9468 0 1 1 2
37 1196 248 1284 293 9488 0 1 1 2
37 1221 248 1306 293 9508 0 1 1 2
37 1248 248 1333 293 9528 0 1 1 2
37 1278 248 1358 296 9548 0 1 1 2
37 1306 248 1383 296 9568 0 1 1 2
37 1333 248 1408 298 9588 0 1 1 2
37 1364 250 1435 298 9608 0 1 1 2
37 1391 250 1460 300 9628 0 1 1 2
37 1421 250 1485 300 9648 0 1 1 2
37 1449 250 1512 300 9668 0 1 1 2
37 1479 250 1537 302 9688 0 1 1 2
37 1507 250 1562 302 9708 0 1 1 2
37 1534 250 1589 302 9728 0 0 1 2
37 1562 250 1617 302 9748 0 0 1 2
37 1589 250 1644 302 9768 0 0 1 2
37 1617 250 1672 302 9788 0 0 1 2
37 1644 250 1699 302 9808 0 0 1 2
37 1672 250 1727 302 9828 0 0 1 2
37 1696 248 1751 300 9848 0 0 1 2
37 1721 248 1776 300 9868 0 0 1 2
37 1746 248 1801 300 9888 0 0 1 2
37 1773 248 1828 300 9908 0 0 1 2
37 1798 248 1853 300 9928 0 0 1 2
37 1823 248 1878 300 9948 0 0 1 2
37 1848 248 1903 300 9968 0 0 1 2
37 1872 248 1927 300 9988 0 0 1 2
37 1897 250 1955 305 10008 0 0 1 2
37 1925 255 1974 311 10028 0 0 1 2
37 1947 257 1977 314 10048 0 0 1 2
37 1949 252 1974 309 10068 0 0 1 2
37 1938 248 1974 305 10088 0 0 1 2
37 1952 248 1974 305 10108 0 0 1 2
38 0 239 35 286 8612 0 0 1 2
38 0 241 66 284 8632 0 0 1 2
38 5 243 90 286 8652 0 0 1 2
38 35 243 121 286 8672 0 0 1 2
38 66 243 151 286 8692 0 0 1 2
38 96 241 181 284 8712 0 0 1 2
38 123 239 209 282 8732 0 0 1 2
38 154 239 239 282 8752 0 0 1 2
38 184 239 269 282 8772 0 0 1 2
38 211 239 297 282 8792 0 0 1 2
38 239 239 324 282 8812 0 0 1 2
38 269 239 354 282 8832 0 0 1 2
38 297 241 382 284 8852 0 0 1 2
38 327 241 412 284 8872 0 0 1 2
38 354 243 440 286 8892 0 0 1 2
38 385 243 470 286 8912 0 0 1 2
38 412 245 497 289 8932 0 0 1 2
38 442 245 528 289 8952 0 0 1 2
38 470 245 555 289 8972 0 0 1 2
38 497 243 583 286 8992 0 0 1 2
38 525 243 610 286 9012 0 0 1 2
38 555 243 638 286 9032 0 0 1 2
38 585 243 665 286 9052 0 0 1 2
38 616 243 693 286 9072 0 0 1 2
38 646 243 720 286 9092 0 0 1 2
38 676 243 748 286 9112 0 0 1 2
38 709 243 775 286 9132 0 0 1 2
38 739 241 805 286 9152 0 0 1 2
38 767 239 833 284 9172 0 0 1 2
38 794 239 860 284 9192 0 0 1 2
38 822 236 888 282 9212 0 0 1 2
38 849 234 915 280 9232 0 0 1 2
38 877 232 943 277 9252 0 0 1 2
38 904 229 970 275 9272 0 0 1 2
38 932 227 998 273 9292 0 0 1 2
38 959 225 1025 270 9312 0 0 1 2
38 987 223 1053 268 9332 0 0 1 2
38 1014 220 1080 266 9352 0 0 1 2
38 1042 220 1108 266 9372 0 0 1 2
38 1069 220 1135 266 9392 0 0 1 2
38 1097 220 1163 266 9412 0 0 1 2
38 1127 218 1193 264 9432 0 0 1 2
38 1155 218 1221 264 9452 0 0 1 2
38 1182 218 1248 264 9472 0 0 1 2
38 1210 218 1276 264 9492 0 0 1 2
38 1245 216 1306 259 9512 0 0 1 2
38 1270 216 1331 259 9532 0 0 1 2
38 1295 218 1355 261 9552 0 0 1 2
38 1325 218 1386 261 9572 0 0 1 2
38 1364 223 1424 266 9592 0 0 1 2
38 1386 223 1446 266 9612 0 0 1 2
38 1408 218 1468 261 9632 0 0 1 2
38 1438 220 1498 264 9652 0 0 1 2
38 1465 225 1526 268 9672 0 0 1 2
38 1496 229 1556 270 9692 0 0 1 2
38 1523 229 1584 270 9712 0 0 1 2
38 1551 227 1611 268 9732 0 0 1 2
38 1578 225 1639 266 9752 0 0 1 2
38 1606 223 1666 264 9772 0 0 1 2
38 1633 220 1694 261 9792 0 0 1 2
38 1661 218 1721 259 9812 0 0 1 2
38 1691 218 1751 259 9832 0 0 1 2
38 1724 218 1784 259 9852 0 0 1 2
38 1751 225 1812 266 9872 0 0 1 2
38 1779 225 1839 266 9892 0 0 1 2
38 1804 227 1864 268 9912 0 0 1 2
38 1831 227 1892 268 9932 0 0 1 2
38 1859 227 1919 268 9952 0 0 1 2
38 1883 223 1944 264 9972 0 0 1 2
38 1908 220 1969 259 9992 0 0 1 2
38 1941 204 1974 277 10012 0 0 1 2
39 0 236 71 298 9773 0 0 1 1
39 24 234 167 296 9793 0 0 1 1
39 99 218 231 277 9813 0 0 1 1
39 173 202 294 259 9833 0 0 1 1
39 247 186 371 245 9853 0 0 1 1
39 324 175 451 232 9873 0 0 1 1
39 398 166 525 223 9893 0 0 1 1
39 478 157 607 216 9913 0 0 1 1
39 552 150 693 209 9933 0 1 1 1
39 635 120 767 170 9953 0 1 1 1
39 717 100 852 152 9973 0 1 1 1
39 794 86 932 141 9993 0 0 1 1
39 885 72 1006 129 10013 0 0 1 1
39 968 61 1086 125 10033 0 0 1 1
39 1042 54 1168 122 10053 0 0 1 1
39 1124 45 1248 116 10073 0 0 1 1
39 1215 43 1331 97 10093 0 0 1 1
39 1300 38 1419 86 10113 0 0 1 1
39 1386 25 1509 77 10133 0 0 1 1
39 1471 4 1600 68 10153 0 0 1 1
39 1553 0 1677 56 10173 0 0 1 1
39 1641 0 1738 45 10193 0 0 1 1
39 1754 0 1795 34 10213 0 0 1 1
39 1828 0 1870 22 10233 0 0 1 1
39 1903 0 1947 20 10253 0 0 1 1
40 0 227 121 321 10070 0 0 1 1
40 107 223 236 311 10090 0 0 1 1
40 222 211 357 296 10110 0 0 1 1
40 352 204 492 280 10130 0 0 1 1
40 481 193 616 268 10150 0 0 1 1
40 610 182 734 257 10170 0 0 1 1
40 731 170 847 245 10190 0 0 0 1
40 855 157 957 241 10210 0 0 1 1
40 968 152 1069 239 10230 0 0 1 1
40 1078 154 1188 239 10250 0 0 0 1
40 1185 145 1278 234 10270 0 0 1 1
40 1295 150 1388 239 10290 0 0 1 1
40 1399 150 1493 241 10310 0 0 1 1
40 1509 152 1597 248 10330 0 0 1 1
40 1614 159 1696 252 10350 0 0 1 1
40 1707 170 1795 255 10370 0 0 0 1
40 1804 163 1886 255 10390 0 0 1 1
40 1908 161 1974 252 10410 0 0 0 1
42 561 0 621 36 7759 0 1 1 2
42 536 2 618 54 7779 0 1 1 2
42 522 31 629 79 7799 0 1 1 2
42 536 61 618 116 7819 0 0 1 2
42 539 86 621 150 7839 0 0 1 2
42 539 116 621 179 7859 0 0 1 2
42 539 145 621 209 7879 0 0 1 2
42 539 177 621 241 7899 0 0 1 2
42 541 211 624 275 7919 0 0 1 2
42 544 245 627 309 7939 0 0 1 2
42 544 280 627 343 7959 0 0 1 2
42 544 314 627 377 7979 0 0 1 2
42 536 343 618 407 7999 0 0 1 2
42 517 368 638 446 8019 0 0 0 2
42 506 403 624 471 8039 0 0 1 2
42 497 432 618 510 8059 0 0 1 2
42 492 471 613 548 8079 0 0 1 2
42 489 503 607 569 8099 0 0 1 2
42 489 537 610 612 8119 0 0 1 2
42 495 564 616 642 8139 0 0 1 2
42 497 596 618 674 8159 0 0 1 2
42 514 621 624 699 8179 0 0 1 2
42 522 646 632 724 8199 0 0 1 2
42 541 676 654 751 8219 0 0 1 2
42 558 708 665 783 8239 0 0 1 2
42 574 735 693 812 8259 0 0 1 2
42 594 765 695 840 8279 0 0 1 2
42 605 794 695 869 8299 0 0 1 2
42 602 824 715 899 8319 0 0 1 2
42 607 853 712 929 8339 0 0 1 2
42 610 892 709 967 8359 0 0 1 2
42 613 922 704 997 8379 0 0 1 2
42 607 956 709 1031 8399 0 0 1 2
42 607 990 709 1063 8419 0 0 1 2
42 602 1031 712 1088 8439 0 0 1 2
42 640 1061 709 1090 8459 0 0 1 2
43 220 0 255 27 7940 0 1 1 2
43 189 0 222 52 7960 0 1 1 2
43 156 0 195 59 7980 0 1 1 2
43 126 0 167 66 8000 0 1 0 2
43 30 0 140 40 8020 0 1 0 2
43 5 4 123 43 8040 0 0 0 2
43 0 6 88 45 8060 0 0 0 2
44 1938 318 1974 377 4312 0 0 0 1
44 1878 323 1971 380 4332 0 0 0 1
44 1823 330 1905 389 4352 0 0 1 1
44 1768 339 1842 398 4372 0 0 1 1
44 1707 337 1776 396 4392 0 0 1 1
44 1636 325 1705 384 4412 0 0 1 1
44 1562 311 1630 371 4432 0 0 1 1
44 1487 293 1556 352 4452 0 0 1 1
44 1397 266 1465 325 4472 0 0 1 1
44 1303 239 1372 298 4492 0 0 1 1
44 1210 227 1292 291 4512 0 0 1 1
44 1119 218 1212 286 4532 0 0 1 1
44 1012 202 1116 270 4552 0 0 1 1
44 915 193 1012 259 4572 0 0 1 1
44 827 184 946 255 4592 0 0 1 1
44 728 175 827 243 4612 0 0 1 1
44 629 163 731 232 4632 0 0 1 1
44 533 154 649 225 4652 0 0 1 1
44 429 145 530 214 4672 0 0 1 1
44 330 134 445 202 4692 0 0 1 1
44 222 125 338 193 4712 0 0 1 1
44 129 125 236 193 4732 0 0 1 1
44 24 122 137 188 4752 0 0 1 1
44 0 132 44 202 4772 0 0 1 1
45 8 277 99 339 4502 0 0 1 1
45 101 266 211 323 4522 0 0 1 1
45 200 264 310 321 4542 0 0 1 1
45 302 264 412 321 4562 0 0 1 1
45 404 264 514 321 4582 0 0 1 1
45 492 261 602 318 4602 0 0 1 1
45 588 273 698 330 4622 0 0 1 1
45 676 270 786 327 4642 0 0 1 1
45 772 259 882 316 4662 0 0 1 1
45 866 250 976 307 4682 0 0 1 1
45 962 239 1072 296 4702 0 0 1 1
45 1056 225 1166 282 4722 0 0 1 1
45 1152 207 1259 266 4742 0 0 1 1
45 1251 188 1347 259 4762 0 0 1 1
45 1347 170 1449 236 4782 0 0 1 1
45 1446 152 1548 216 4802 0 0 1 1
45 1542 134 1647 195 4822 0 0 1 1
45 1641 116 1749 175 4842 0 0 1 1
45 1738 97 1845 154 4862 0 0 1 1
45 1826 93 1908 154 4882 0 0 1 1
45 1916 88 1974 145 4902 0 0 1 1
46 0 104 71 166 4479 0 0 1 1
46 44 100 115 161 4499 0 0 1 1
46 112 91 220 159 4519 0 0 1 1
46 176 68 299 136 4539 0 0 1 1
46 244 45 363 104 4559 0 0 1 1
46 305 15 418 63 4579 0 0 1 1
46 371 0 475 36 4599 0 0 1 1
47 1908 446 1958 496 4267 0 0 1 2
47 1892 473 1941 523 4287 0 0 1 2
47 1864 498 1914 548 4307 0 0 1 2
47 1834 521 1883 571 4327 0 0 1 2
47 1798 539 1848 589 4347 0 0 1 2
47 1754 553 1804 603 4367 0 0 1 2
47 1721 569 1771 619 4387 0 0 1 2
47 1685 585 1735 635 4407 0 0 1 2
47 1652 614 1702 664 4427 0 0 1 2
47 1619 644 1669 694 4447 0 0 1 2
47 1589 676 1639 726 4467 0 0 1 2
47 1559 703 1608 753 4487 0 0 1 2
47 1529 726 1581 776 4507 0 0 1 2
47 1493 753 1559 808 4527 0 0 1 2
47 1460 778 1526 835 4547 0 0 1 2
47 1435 812 1501 869 4567 0 0 1 2
47 1419 853 1485 910 4587 0 0 1 2
47 1402 894 1468 951 4607 0 0 1 2
47 1388 931 1452 992 4627 0 0 1 2
47 1369 963 1430 1036 4647 0 0 1 2
47 1355 999 1416 1074 4667 0 0 1 2
47 1344 1040 1408 1088 4687 0 0 1 2
48 1908 0 1974 54 3519 0 0 1 2
48 1867 0 1938 56 3539 0 0 1 2
48 1848 0 1919 45 3559 0 0 1 2
48 1820 0 1892 43 3579 0 0 1 2
48 1787 0 1859 45 3599 0 0 1 2
48 1757 0 1828 47 3619 0 0 1 2
48 1724 2 1795 50 3639 0 0 1 2
48 1691 2 1762 50 3659 0 0 1 2
48 1661 4 1732 52 3679 0 0 1 2
48 1628 4 1699 54 3699 0 0 1 2
48 1595 4 1666 56 3719 0 0 1 2
48 1564 4 1636 59 3739 0 0 1 2
48 1531 4 1603 59 3759 0 0 1 2
48 1498 4 1570 59 3779 0 0 1 2
48 1468 2 1540 59 3799 0 0 1 2
48 1435 2 1507 59 3819 0 0 1 2
48 1402 2 1474 59 3839 0 0 1 2
48 1369 0 1441 59 3859 0 0 1 2
48 1339 0 1410 59 3879 0 0 1 2
48 1306 0 1377 59 3899 0 0 1 2
48 1273 0 1344 59 3919 0 0 1 2
48 1234 0 1306 59 3939 0 0 1 2
48 1199 0 1270 59 3959 0 0 1 2
48 1163 0 1234 59 3979 0 0 1 2
48 1127 0 1199 59 3999 0 0 1 2
48 1100 0 1179 43 4019 0 0 1 2
48 1069 0 1155 34 4039 0 0 1 2
48 1034 0 1119 34 4059 0 0 1 2
48 1001 0 1086 34 4079 0 0 1 2
48 968 0 1053 34 4099 0 0 1 2
48 935 0 1020 31 4119 0 0 1 2
48 899 0 984 29 4139 0 0 1 2
48 866 0 951 29 4159 0 0 1 2
48 833 0 918 29 4179 0 0 1 2
48 805 0 891 27 4199 0 0 1 2
48 775 0 860 27 4219 0 1 1 2
48 737 0 822 27 4239 0 1 1 2
48 704 0 789 27 4259 0 1 1 2
48 684 0 770 29 4279 0 1 1 2
48 673 0 756 34 4299 0 1 1 2
48 643 0 728 27 4319 0 1 1 2
48 613 0 698 20 4339 0 1 1 2
48 583 0 665 27 4359 0 1 1 2
48 541 0 624 29 4379 0 1 1 2
48 489 0 572 27 4399 0 1 1 2
48 448 0 530 27 4419 0 1 1 2
48 418 0 500 27 4439 0 1 1 2
48 396 0 478 27 4459 0 1 1 2
48 349 0 431 27 4479 0 0 1 2
48 310 0 393 27 4499 0 0 1 2
48 280 0 360 29 4519 0 0 1 2
48 250 0 330 31 4539 0 0 1 2
48 220 0 297 34 4559 0 0 1 2
48 189 0 266 38 4579 0 0 1 2
48 159 2 233 40 4599 0 0 1 2
48 129 6 198 45 4619 0 0 1 2
48 88 11 165 47 4639 0 1 1 2
48 46 13 129 50 4659 0 1 1 2
48 5 15 96 52 4679 0 1 1 2
48 0 29 66 68 4699 0 1 1 2
48 0 31 35 70 4719 0 0 1 2
49 1927 170 1958 204 2543 0 0 1 2
49 1900 166 1930 200 2563 0 0 1 2
49 1875 161 1905 195 2583 0 0 0 2
49 1845 157 1875 191 2603 0 0 1 2
49 1823 152 1853 186 2623 0 0 1 2
49 1795 148 1826 182 2643 0 0 1 2
49 1765 145 1795 179 2663 0 0 1 2
49 1740 145 1771 179 2683 0 0 1 2
49 1713 145 1743 179 2703 0 0 1 2
49 1685 145 1716 179 2723 0 0 1 2
49 1661 148 1691 182 2743 0 0 1 2
49 1636 150 1666 184 2763 0 0 1 2
49 1606 152 1636 186 2783 0 0 1 2
49 1578 154 1608 188 2803 0 0 1 2
49 1553 154 1584 188 2823 0 0 1 2
49 1526 157 1556 191 2843 0 0 1 2
49 1501 159 1531 193 2863 0 0 1 2
49 1474 161 1504 195 2883 0 0 1 2
49 1449 161 1479 195 2903 0 0 1 2
49 1419 163 1449 198 2923 0 0 1 2
49 1388 163 1419 198 2943 0 0 1 2
49 1358 163 1388 198 2963 0 0 1 2
49 1328 163 1358 198 2983 0 0 1 2
49 1300 163 1333 195 3003 0 0 1 2
49 1267 163 1317 195 3023 0 0 1 2
49 1234 163 1300 195 3043 0 0 1 2
49 1204 163 1276 195 3063 0 0 1 2
49 1174 163 1245 195 3083 0 0 1 2
49 1146 161 1218 193 3103 0 0 1 2
49 1119 161 1190 193 3123 0 0 1 2
49 1094 161 1163 193 3143 0 0 1 2
49 1069 163 1135 195 3163 0 0 1 2
49 1039 163 1105 195 3183 0 0 1 2
49 1017 173 1083 204 3203 0 0 1 2
49 990 179 1056 211 3223 0 0 1 2
49 957 182 1023 214 3243 0 0 1 2
49 932 182 998 214 3263 0 0 1 2
49 907 179 973 211 3283 0 0 1 2
49 882 177 948 209 3303 0 0 1 2
49 858 177 924 209 3323 0 0 1 2
49 833 175 899 207 3343 0 0 1 2
49 805 175 871 207 3363 0 0 1 2
49 775 175 841 207 3383 0 0 1 2
49 745 175 811 207 3403 0 0 1 2
49 715 175 781 207 3423 0 0 1 2
49 687 175 753 207 3443 0 0 1 2
49 657 175 723 207 3463 0 0 1 2
49 627 175 693 207 3483 0 0 1 2
49 596 173 665 207 3503 0 0 1 2
49 558 168 649 207 3523 0 0 1 2
49 522 163 632 209 3543 0 0 1 2
49 492 163 610 211 3563 0 0 1 2
49 462 163 580 211 3583 0 0 1 2
49 434 163 550 211 3603 0 0 1 2
49 404 163 519 214 3623 0 0 1 2
49 374 163 492 214 3643 0 0 1 2
49 346 166 462 214 3663 0 0 1 2
49 319 166 437 214 3683 0 0 1 2
49 288 166 409 214 3703 0 0 1 2
49 261 166 385 214 3723 0 0 1 2
49 231 166 357 214 3743 0 0 1 2
49 203 168 330 214 3763 0 0 1 2
49 176 168 291 216 3783 0 0 1 2
49 145 168 253 218 3803 0 0 1 2
49 118 170 228 216 3823 0 0 1 2
49 88 170 209 214 3843 0 0 1 2
49 60 170 189 211 3863 0 0 1 2
49 35 170 162 220 3883 0 0 1 2
49 11 170 132 227 3903 0 0 1 2
49 0 170 107 227 3923 0 0 1 2
49 0 170 79 227 3943 0 0 1 2
49 0 179 68 232 3963 0 0 1 2
49 0 182 44 245 3983 0 0 1 2
51 1919 84 1974 148 3291 0 0 1 1
51 1787 79 1878 136 3311 0 0 1 1
51 1661 68 1754 120 3331 0 0 1 1
51 1512 52 1606 104 3351 0 0 1 1
51 1391 29 1485 84 3371 0 0 1 1
51 1259 0 1353 43 3391 0 0 1 1
52 1930 273 1974 343 5452 0 0 1 1
52 1903 275 1974 343 5472 0 0 1 1
52 1886 284 1958 352 5492 0 0 1 1
52 1853 291 1930 357 5512 0 0 1 1
52 1823 298 1905 364 5532 0 0 1 1
52 1790 305 1881 373 5552 0 0 1 1
52 1762 311 1859 380 5572 0 0 1 1
52 1738 323 1834 391 5592 0 0 1 1
52 1716 337 1812 405 5612 0 0 1 1
52 1691 350 1787 418 5632 0 0 1 1
52 1663 368 1760 437 5652 0 0 1 1
52 1636 387 1732 455 5672 0 0 1 1
52 1611 407 1707 475 5692 0 0 1 1
52 1589 428 1685 496 5712 0 0 1 1
52 1570 453 1666 521 5732 0 0 1 1
52 1559 482 1655 551 5752 0 0 1 1
52 1548 512 1644 580 5772 0 0 1 1
52 1537 539 1633 607 5792 0 0 1 1
52 1529 566 1625 635 5812 0 0 1 1
52 1520 596 1617 664 5832 0 0 0 1
52 1509 623 1606 692 5852 0 0 1 1
52 1501 651 1597 719 5872 0 0 1 1
52 1496 685 1589 749 5892 0 0 1 1
52 1487 721 1584 778 5912 0 0 1 1
52 1476 751 1570 806 5932 0 0 1 1
52 1463 774 1556 828 5952 0 0 1 1
52 1449 799 1542 853 5972 0 0 1 1
52 1441 831 1534 885 5992 0 0 0 1
52 1419 856 1501 915 6012 0 0 1 1
52 1397 885 1471 958 6032 0 0 1 1
52 1386 913 1460 981 6052 0 0 1 1
52 1375 940 1446 1013 6072 0 0 1 1
52 1358 963 1432 1047 6092 0 0 1 1
52 1347 983 1421 1063 6112 0 0 1 1
52 1336 1020 1410 1083 6132 0 0 1 1
52 1333 1058 1410 1090 6152 0 0 1 1
53 731 1058 797 1088 4968 0 0 1 2
53 745 1042 822 1088 4988 0 0 1 2
53 767 1036 855 1086 5008 0 0 1 2
53 797 1031 882 1083 5028 0 0 1 2
53 827 1029 907 1079 5048 0 0 1 2
53 858 1020 935 1072 5068 0 0 1 2
53 888 1017 965 1070 5088 0 0 1 2
53 924 1013 1001 1065 5108 0 0 1 2
53 946 1013 1023 1065 5128 0 0 1 2
53 981 1013 1058 1065 5148 0 0 1 2
53 1012 1008 1089 1061 5168 0 0 1 2
53 1039 1004 1116 1056 5188 0 0 1 2
53 1069 999 1146 1052 5208 0 0 1 2
53 1097 995 1174 1047 5228 0 0 1 2
53 1127 990 1204 1042 5248 0 0 1 2
53 1155 985 1232 1038 5268 0 0 1 2
53 1182 972 1259 1024 5288 0 0 1 2
53 1210 960 1287 1013 5308 0 0 1 2
53 1234 947 1311 999 5328 0 0 1 2
53 1259 933 1336 985 5348 0 0 1 2
53 1284 917 1361 970 5368 0 0 1 2
53 1306 899 1383 951 5388 0 0 1 2
53 1328 878 1405 931 5408 0 0 1 2
53 1344 853 1421 906 5428 0 0 1 2
53 1361 828 1438 881 5448 0 0 1 2
53 1377 803 1454 856 5468 0 0 1 2
53 1394 778 1471 831 5488 0 0 1 2
53 1413 755 1485 806 5508 0 0 1 2
53 1435 733 1493 776 5528 0 0 1 2
53 1457 710 1504 749 5548 0 0 1 2
53 1471 685 1518 724 5568 0 0 1 2
53 1487 662 1534 701 5588 0 0 1 2
53 1504 637 1551 676 5608 0 0 1 2
53 1518 612 1564 651 5628 0 0 1 2
53 1534 592 1581 630 5648 0 0 1 2
53 1553 573 1600 612 5668 0 0 1 2
53 1573 557 1619 596 5688 0 0 1 2
53 1592 537 1639 576 5708 0 0 1 2
53 1608 514 1655 553 5728 0 0 1 2
53 1625 491 1672 530 5748 0 0 1 2
53 1639 466 1685 505 5768 0 0 1 2
53 1647 441 1694 480 5788 0 0 1 2
53 1655 416 1702 455 5808 0 0 1 2
53 1663 391 1710 430 5828 0 0 1 2
53 1685 371 1732 409 5848 0 0 1 2
53 1705 352 1751 391 5868 0 0 1 2
53 1727 332 1773 371 5888 0 0 1 2
53 1743 311 1795 350 5908 0 0 1 2
53 1757 293 1820 330 5928 0 0 1 2
53 1782 277 1842 314 5948 0 0 1 2
53 1804 261 1864 296 5968 0 0 1 2
53 1823 239 1883 273 5988 0 0 1 2
53 1845 220 1900 261 6008 0 0 1 2
53 1867 204 1922 259 6028 0 0 1 2
53 1892 188 1952 255 6048 0 0 1 2
53 1933 191 1969 239 6068 0 0 1 2
53 1955 184 1974 223 6088 0 0 1 2
54 811 1056 888 1090 5038 0 0 1 2
54 844 1052 921 1086 5058 0 0 1 2
54 880 1056 957 1086 5078 0 0 1 2
54 907 1049 984 1083 5098 0 0 1 2
54 935 1054 1012 1088 5118 0 0 1 2
54 968 1052 1045 1088 5138 0 0 1 2
54 1001 1049 1078 1088 5158 0 0 1 2
54 1034 1047 1111 1088 5178 0 0 1 2
54 1064 1045 1138 1086 5198 0 0 1 2
54 1091 1042 1166 1083 5218 0 0 1 2
54 1124 1036 1199 1077 5238 0 0 1 2
54 1157 1029 1232 1070 5258 0 0 1 2
54 1190 1020 1265 1061 5278 0 0 1 2
54 1218 1008 1292 1049 5298 0 0 1 2
54 1245 995 1320 1036 5318 0 0 1 2
54 1273 981 1347 1022 5338 0 0 1 2
54 1295 963 1369 1004 5358 0 0 1 2
54 1314 942 1388 983 5378 0 0 1 2
54 1331 924 1405 965 5398 0 0 1 2
54 1353 904 1427 944 5418 0 0 1 2
54 1375 881 1449 922 5438 0 0 1 2
54 1399 858 1474 899 5458 0 0 1 2
54 1416 833 1490 874 5478 0 0 1 2
54 1427 808 1501 849 5498 0 0 1 2
54 1443 783 1515 826 5518 0 0 1 2
54 1463 758 1526 803 5538 0 0 1 2
54 1474 724 1534 781 5558 0 0 1 2
54 1487 705 1551 760 5578 0 0 1 2
54 1504 687 1567 740 5598 0 0 1 2
54 1520 669 1581 719 5618 0 0 1 2
54 1534 653 1597 701 5638 0 0 1 2
54 1545 644 1608 692 5658 0 0 1 2
54 1559 630 1622 680 5678 0 0 1 2
54 1573 601 1633 655 5698 0 0 1 2
54 1589 573 1652 623 5718 0 0 1 2
54 1603 553 1666 601 5738 0 0 1 2
54 1619 528 1683 576 5758 0 0 1 2
54 1636 500 1699 548 5778 0 0 1 2
54 1655 473 1718 521 5798 0 0 1 2
54 1669 446 1732 494 5818 0 0 1 2
54 1680 418 1743 466 5838 0 0 1 2
54 1699 400 1762 448 5858 0 0 1 2
54 1724 380 1787 428 5878 0 0 1 2
54 1746 359 1809 407 5898 0 0 1 2
54 1773 337 1837 384 5918 0 0 1 2
54 1793 318 1856 366 5938 0 0 1 2
54 1812 300 1875 348 5958 0 0 1 2
54 1831 280 1894 327 5978 0 0 1 2
54 1853 257 1916 305 5998 0 0 1 2
54 1881 250 1936 298 6018 0 0 1 2
54 1903 243 1955 289 6038 0 0 1 2
54 1927 236 1971 282 6058 0 0 1 2
55 1938 168 1974 211 6065 0 0 1 2
55 1908 157 1955 200 6085 0 0 1 2
55 1875 145 1919 193 6105 0 0 1 2
55 1842 136 1886 186 6125 0 0 1 2
55 1809 127 1853 182 6145 0 0 1 2
55 1776 118 1826 177 6165 0 0 1 2
55 1746 111 1795 157 6185 0 0 1 2
55 1713 102 1768 168 6205 0 0 1 2
55 1680 93 1735 154 6225 0 0 1 2
55 1650 86 1702 143 6245 0 0 1 2
55 1617 79 1666 129 6265 0 0 1 2
55 1586 72 1633 116 6285 0 0 1 2
55 1551 63 1603 111 6305 0 0 1 2
55 1520 59 1573 107 6325 0 0 1 2
55 1487 47 1542 97 6345 0 0 1 2
55 1457 36 1504 88 6365 0 0 1 2
55 1427 27 1474 77 6385 0 0 1 2
55 1397 18 1443 63 6405 0 0 1 2
55 1366 9 1413 52 6425 0 0 1 2
55 1336 0 1383 40 6445 0 0 1 2
55 1309 0 1355 31 6465 0 0 1 2
55 1284 0 1331 15 6485 0 0 1 2
56 2 148 115 211 6096 0 0 1 1
56 112 148 231 209 6116 0 0 1 1
56 231 138 349 200 6136 0 0 0 1
56 354 129 473 191 6156 0 0 1 1
56 475 132 594 193 6176 0 0 1 1
56 605 134 723 195 6196 0 1 1 1
56 726 138 844 200 6216 0 0 1 1
56 852 145 970 207 6236 0 0 1 1
56 979 152 1097 214 6256 0 0 1 1
56 1105 157 1223 218 6276 0 0 1 1
56 1232 161 1350 223 6296 0 0 1 1
56 1358 166 1476 227 6316 0 0 1 1
56 1474 166 1592 227 6336 0 0 1 1
56 1614 173 1732 234 6356 0 0 1 1
56 1735 179 1853 241 6376 0 0 1 1
56 1867 188 1974 250 6396 0 0 0 1
57 115 68 225 111 1008 0 0 1 2
57 222 6 321 50 1028 0 0 0 2
58 1812 227 1905 305 1005 0 0 1 2
58 1768 218 1867 298 1025 0 0 1 2
58 1746 202 1823 284 1045 0 0 1 2
58 1702 182 1779 264 1065 0 0 1 2
58 1669 159 1746 241 1085 0 0 1 2
58 1628 143 1710 236 1105 0 0 1 2
58 1595 136 1674 225 1125 0 0 1 2
58 1562 129 1639 214 1145 0 0 1 2
58 1523 118 1600 200 1165 0 0 1 2
58 1487 107 1564 188 1185 0 0 0 2
58 1441 97 1523 177 1205 0 0 1 2
58 1405 91 1482 173 1225 0 0 1 2
58 1369 86 1446 168 1245 0 0 1 2
58 1331 79 1408 161 1265 0 0 1 2
58 1292 72 1369 154 1285 0 0 1 2
58 1254 70 1331 152 1305 0 0 1 2
58 1218 70 1295 152 1325 0 0 1 2
58 1182 59 1259 141 1345 0 0 1 2
58 1141 61 1218 143 1365 0 0 1 2
58 1102 54 1179 136 1385 0 0 1 2
58 1058 50 1135 132 1405 0 0 1 2
58 1017 45 1094 127 1425 0 0 1 2
58 976 43 1058 122 1445 0 0 1 2
58 943 43 1023 122 1465 0 0 1 2
58 910 38 987 120 1485 0 0 1 2
58 877 34 954 116 1505 0 0 1 2
58 836 34 913 116 1525 0 0 1 2
59 0 277 41 316 8720 0 0 1 2
59 0 277 57 318 8740 0 0 1 2
59 8 275 99 309 8760 0 0 1 2
59 30 273 129 307 8780 0 0 1 2
59 52 270 156 307 8800 0 0 1 2
59 82 268 189 305 8820 0 0 1 2
59 115 268 217 305 8840 0 0 1 2
59 151 268 244 305 8860 0 0 1 2
59 181 268 275 305 8880 0 0 1 2
59 214 266 302 307 8900 0 0 1 2
59 242 266 330 305 8920 0 0 1 2
59 269 266 368 307 8940 0 0 1 2
59 299 266 390 305 8960 0 0 1 2
59 332 266 423 309 8980 0 0 1 2
59 365 268 453 318 9000 0 0 0 2
59 390 268 481 321 9020 0 0 1 2
59 418 268 508 323 9040 0 0 1 2
59 442 270 539 325 9060 0 0 1 2
59 470 270 566 327 9080 0 0 1 2
59 497 273 596 332 9100 0 0 0 2
59 528 270 627 330 9120 0 0 1 2
59 558 270 657 330 9140 0 0 1 2
59 585 261 684 321 9160 0 0 1 2
59 613 255 712 314 9180 0 0 1 2
59 640 248 739 307 9200 0 0 1 2
59 671 241 770 300 9220 0 0 0 2
59 698 236 797 296 9240 0 0 1 2
59 726 232 825 291 9260 0 0 1 2
59 756 229 855 289 9280 0 0 1 2
59 783 225 882 284 9300 0 0 1 2
59 814 223 913 282 9320 0 0 1 2
59 841 218 940 277 9340 0 0 1 2
59 869 214 968 273 9360 0 0 1 2
59 899 211 998 270 9380 0 0 1 2
59 926 207 1025 266 9400 0 0 1 2
59 954 204 1053 264 9420 0 0 1 2
59 981 202 1080 261 9440 0 0 1 2
59 1009 198 1108 257 9460 0 0 1 2
59 1036 195 1135 255 9480 0 0 1 2
59 1064 193 1163 252 9500 0 0 0 2
59 1100 179 1196 248 9520 0 0 1 2
59 1130 168 1223 243 9540 0 0 1 2
59 1157 157 1251 232 9560 0 0 1 2
59 1185 145 1278 220 9580 0 0 0 2
59 1193 118 1284 188 9600 0 0 1 2
59 1204 91 1292 157 9620 0 0 1 2
59 1207 63 1295 127 9640 0 0 1 2
59 1204 38 1295 95 9660 0 0 1 2
59 1199 11 1292 63 9680 0 0 1 2
59 1196 0 1289 34 9700 0 0 0 2
59 1212 0 1270 40 9720 0 0 1 2
60 1949 264 1977 355 8196 0 0 0 2
60 1927 264 1974 348 8216 0 0 0 2
60 1886 268 1952 348 8236 0 0 0 2
60 1861 273 1927 352 8256 0 0 1 2
60 1837 277 1903 357 8276 0 0 0 2
60 1804 280 1870 359 8296 0 0 1 2
60 1771 284 1837 364 8316 0 0 0 2
60 1743 291 1809 371 8336 0 0 1 2
60 1716 298 1782 377 8356 0 0 0 2
60 1685 296 1751 375 8376 0 0 1 2
60 1658 296 1724 375 8396 0 0 1 2
60 1628 293 1694 373 8416 0 0 1 2
60 1597 289 1663 368 8436 0 0 1 2
60 1570 277 1636 357 8456 0 0 1 2
60 1542 261 1608 341 8476 0 0 1 2
60 1515 245 1581 325 8496 0 0 1 2
60 1487 236 1551 307 8516 0 0 1 2
60 1463 227 1523 286 8536 0 0 1 2
60 1435 218 1493 270 8556 0 0 1 2
60 1405 207 1460 255 8576 0 0 1 2
60 1372 186 1438 243 8596 0 0 1 2
60 1347 170 1410 227 8616 0 0 1 2
60 1317 163 1377 214 8636 0 0 1 2
60 1284 159 1347 202 8656 0 0 1 2
60 1256 148 1317 200 8676 0 0 1 2
60 1221 141 1287 195 8696 0 0 1 2
60 1190 134 1256 193 8716 0 0 1 2
60 1163 127 1223 186 8736 0 0 1 2
60 1130 122 1201 175 8756 0 0 1 2
60 1097 118 1174 166 8776 0 0 1 2
60 1067 111 1141 161 8796 0 0 1 2
60 1031 104 1102 157 8816 0 0 1 2
60 1006 95 1078 161 8836 0 0 1 2
60 976 88 1045 154 8856 0 0 1 2
60 943 81 1014 143 8876 0 0 1 2
60 913 72 984 132 8896 0 0 1 2
60 880 63 954 120 8916 0 0 1 2
60 844 47 924 116 8936 0 0 1 2
60 822 45 893 104 8956 0 0 1 2
60 783 45 860 93 8976 0 0 1 2
60 745 40 833 93 8996 0 1 1 2
60 712 36 803 91 9016 0 1 1 2
60 682 34 775 91 9036 0 1 1 2
60 649 31 748 88 9056 0 1 1 2
60 618 29 720 88 9076 0 1 1 2
60 588 25 693 88 9096 0 1 1 2
60 555 25 662 88 9116 0 1 1 2
60 522 27 629 91 9136 0 1 1 2
60 492 27 599 91 9156 0 1 1 2
60 459 29 566 93 9176 0 0 1 2
60 426 31 533 95 9196 0 0 1 2
60 393 34 500 97 9216 0 0 1 2
60 360 36 467 100 9236 0 0 1 2
60 327 38 434 102 9256 0 0 1 2
60 294 38 401 102 9276 0 0 1 2
60 261 38 368 102 9296 0 0 1 2
60 225 40 332 104 9316 0 0 1 2
60 192 40 299 104 9336 0 0 1 2
60 159 40 266 104 9356 0 0 1 2
60 126 40 233 104 9376 0 0 1 2
60 96 43 203 107 9396 0 0 1 2
60 66 45 173 109 9416 0 0 1 2
60 38 47 145 111 9436 0 0 1 2
60 5 50 112 113 9456 0 0 1 2
60 0 50 74 113 9476 0 0 1 2
60 0 50 38 113 9496 0 0 1 2
61 225 0 283 18 9711 0 0 1 2
61 187 0 244 25 9731 0 0 1 2
61 140 0 200 34 9751 0 0 1 2
61 79 0 165 38 9771 0 0 1 2
61 46 6 148 43 9791 0 0 1 2
61 11 15 101 54 9811 0 0 1 2
61 0 22 68 61 9831 0 0 1 2
61 0 34 35 72 9851 0 0 1 2
62 1168 11 1256 84 10656 0 0 1 1
62 1331 81 1421 150 10676 0 0 1 1
62 1493 136 1584 198 10696 0 0 1 1
62 1663 161 1754 223 10716 0 0 1 1
62 1839 173 1930 234 10736 0 0 0 1
63 569 1036 632 1090 2378 0 0 1 1
63 566 970 629 1061 2398 0 0 1 1
63 566 901 627 990 2418 0 0 1 1
63 566 849 643 935 2438 0 0 1 1
63 569 771 632 860 2458 0 0 1 1
63 558 701 632 796 2478 0 0 1 1
63 550 626 627 710 2498 0 0 1 1
63 530 557 605 639 2518 0 0 1 1
63 514 489 591 569 2538 0 0 0 1
63 467 416 544 496 2558 0 0 1 1
63 418 350 500 425 2578 0 0 1 1
63 349 298 445 355 2598 0 0 1 1
63 275 252 371 309 2618 0 0 1 1
63 187 207 283 264 2638 0 0 1 1
63 93 182 189 239 2658 0 0 1 1
63 2 170 90 225 2678 0 0 1 1
64 1914 200 1971 268 2235 0 0 1 1
64 1779 179 1861 252 2255 0 0 1 1
64 1647 157 1724 229 2275 0 0 1 1
64 1509 125 1581 193 2295 0 0 1 1
64 1369 111 1438 168 2315 0 0 1 1
64 1232 102 1309 173 2335 0 0 1 1
64 1100 102 1179 163 2355 0 0 1 1
64 973 97 1039 161 2375 0 0 1 1
64 852 95 924 161 2395 0 0 1 1
64 715 79 808 152 2415 0 1 1 1
64 591 81 698 150 2435 0 1 1 1
64 470 91 563 161 2455 0 0 1 1
64 341 88 442 157 2475 0 0 1 1
64 209 95 310 159 2495 0 0 1 1
64 82 95 189 152 2515 0 0 1 1
64 0 100 68 152 2535 0 0 1 1
65 85 0 187 61 2412 0 1 1 2
65 49 0 137 52 2432 0 1 1 2
65 8 4 99 59 2452 0 1 1 2
65 0 4 79 54 2472 0 1 1 2
65 0 20 55 70 2492 0 0 1 2
66 1292 2 1361 38 2459 0 0 1 1
66 1386 11 1454 47 2479 0 0 1 1
66 1490 13 1559 50 2499 0 0 1 1
66 1600 18 1677 66 2519 0 0 1 1
66 1699 22 1776 70 2539 0 0 1 1
66 1804 31 1881 79 2559 0 0 1 1
67 445 1067 525 1090 8541 0 0 0 2
67 409 1049 489 1088 8561 0 0 0 2
67 401 1017 481 1058 8581 0 0 1 2
67 396 988 475 1029 8601 0 0 1 2
67 390 958 470 999 8621 0 0 1 2
67 385 929 464 970 8641 0 0 0 2
67 379 892 459 933 8661 0 0 1 2
67 374 856 453 897 8681 0 0 1 2
67 368 822 448 863 8701 0 0 1 2
67 363 785 442 826 8721 0 0 1 2
67 357 751 440 792 8741 0 0 0 2
67 354 715 437 755 8761 0 0 1 2
67 354 678 437 719 8781 0 0 1 2
67 352 642 434 683 8801 0 0 1 2
67 352 605 434 646 8821 0 0 1 2
67 352 573 434 614 8841 0 0 1 2
67 352 541 434 582 8861 0 0 1 2
67 352 510 434 551 8881 0 0 1 2
67 352 478 434 519 8901 0 0 1 2
67 352 446 434 487 8921 0 0 1 2
67 352 416 434 457 8941 0 0 0 2
67 332 384 415 425 8961 0 0 1 2
67 316 352 398 393 8981 0 0 1 2
67 297 323 379 364 9001 0 0 1 2
67 269 298 360 348 9021 0 0 1 2
67 242 273 343 334 9041 0 0 1 2
67 214 250 319 314 9061 0 0 1 2
67 184 229 288 293 9081 0 0 1 2
67 156 209 261 273 9101 0 0 1 2
67 123 188 228 252 9121 0 0 1 2
67 88 166 192 229 9141 0 0 1 2
67 55 145 159 209 9161 0 0 1 2
67 22 125 126 188 9181 0 0 1 2
67 0 107 99 168 9201 0 0 1 2
67 0 93 63 157 9221 0 0 1 2
68 0 184 38 245 8139 0 0 1 1
68 60 173 187 229 8159 0 0 1 1
68 195 177 321 234 8179 0 0 1 1
68 341 188 467 245 8199 0 0 1 1
68 484 188 610 245 8219 0 0 1 1
68 627 193 753 250 8239 0 0 1 1
68 767 195 893 252 8259 0 0 1 1
68 918 198 1045 255 8279 0 0 1 1
68 1058 202 1185 259 8299 0 0 1 1
68 1201 204 1328 261 8319 0 0 1 1
68 1344 204 1471 261 8339 0 0 1 1
68 1487 209 1614 266 8359 0 0 1 1
68 1639 209 1746 264 8379 0 0 1 1
68 1760 209 1883 264 8399 0 0 1 1
68 1936 211 1974 280 8419 0 0 1 1
68 1845 195 1922 275 8732 0 0 1 1
68 1735 173 1812 252 8752 0 0 1 1
68 1617 157 1694 236 8772 0 0 1 1
68 1490 150 1581 227 8792 0 0 1 1
68 1377 152 1454 232 8812 0 0 1 1
68 1254 157 1342 232 8832 0 0 1 1
68 1138 166 1215 245 8852 0 0 1 1
68 1014 182 1091 259 8872 0 0 1 1
68 888 177 968 255 8892 0 0 1 1
68 761 166 849 241 8912 0 0 1 1
68 632 148 715 225 8932 0 0 1 1
68 511 125 607 198 8952 0 0 1 1
68 387 107 484 182 8972 0 0 1 1
68 255 79 360 152 8992 0 0 1 1
68 123 86 242 157 9012 0 0 1 1
68 0 97 121 168 9032 0 0 1 1
69 0 218 35 282 8936 0 0 1 1
69 2 209 126 266 8956 0 0 1 1
69 90 204 214 261 8976 0 0 1 1
69 181 195 308 252 8996 0 0 1 1
69 272 193 401 252 9016 0 0 1 1
69 365 193 497 252 9036 0 0 1 1
69 459 186 591 248 9056 0 0 1 1
69 555 179 687 241 9076 0 0 1 1
69 649 179 781 241 9096 0 0 1 1
69 742 179 874 241 9116 0 0 1 1
69 838 182 970 243 9136 0 0 1 1
69 935 184 1067 245 9156 0 0 1 1
69 1031 184 1163 245 9176 0 0 1 1
69 1133 182 1265 243 9196 0 0 1 1
69 1237 184 1358 245 9216 0 0 1 1
69 1342 191 1452 250 9236 0 0 1 1
69 1443 195 1545 255 9256 0 0 1 1
69 1537 198 1639 257 9276 0 0 1 1
69 1630 200 1732 259 9296 0 0 1 1
69 1721 204 1823 264 9316 0 0 1 1
69 1806 209 1911 268 9336 0 0 1 1
69 1878 211 1971 270 9356 0 0 1 1
70 0 275 46 323 4573 0 0 1 2
70 0 268 71 314 4593 0 0 1 2
70 11 268 90 311 4613 0 0 1 2
70 49 266 134 311 4633 0 0 1 2
70 82 266 167 309 4653 0 0 1 2
70 112 266 192 309 4673 0 0 1 2
70 140 266 220 309 4693 0 0 1 2
70 170 266 244 309 4713 0 0 1 2
70 200 261 277 302 4733 0 0 1 2
70 228 266 316 309 4753 0 0 1 2
70 253 270 352 316 4773 0 0 1 2
70 286 273 382 318 4793 0 0 1 2
70 316 275 412 318 4813 0 0 1 2
70 346 275 440 321 4833 0 0 1 2
70 376 277 470 321 4853 0 0 1 2
70 409 277 497 321 4873 0 0 1 2
70 442 273 522 316 4893 0 0 1 2
70 473 273 547 323 4913 0 0 1 2
70 500 268 583 325 4933 0 0 1 2
70 530 266 610 321 4953 0 0 1 2
70 561 264 640 314 4973 0 0 1 2
70 591 261 668 309 4993 0 0 1 2
70 618 255 695 305 5013 0 0 1 2
70 643 250 720 300 5033 0 0 1 2
70 668 245 745 298 5053 0 0 1 2
70 695 241 772 293 5073 0 0 1 2
70 723 234 800 286 5093 0 0 1 2
70 750 227 827 280 5113 0 0 1 2
70 778 220 855 273 5133 0 0 1 2
70 805 216 882 268 5153 0 0 1 2
70 830 214 907 266 5173 0 0 1 2
70 844 214 921 266 5193 0 0 1 2
70 855 216 932 268 5213 0 0 1 2
70 855 232 932 284 5233 0 0 1 2
70 841 255 918 307 5253 0 0 1 2
70 825 280 902 332 5273 0 0 1 2
70 808 305 885 357 5293 0 0 1 2
70 792 330 869 382 5313 0 0 1 2
70 772 355 849 407 5333 0 0 1 2
70 756 380 833 432 5353 0 0 1 2
70 739 405 816 457 5373 0 0 1 2
70 726 432 803 485 5393 0 0 1 2
70 712 459 789 512 5413 0 0 1 2
70 701 487 778 539 5433 0 0 1 2
70 684 516 761 569 5453 0 0 1 2
70 671 544 748 596 5473 0 0 1 2
70 654 569 731 621 5493 0 0 1 2
70 640 596 715 648 5513 0 0 1 2
70 627 623 698 676 5533 0 0 1 2
70 613 651 682 703 5553 0 0 1 2
70 602 678 665 730 5573 0 0 0 2
70 583 701 646 755 5593 0 0 1 2
70 566 724 627 781 5613 0 0 1 2
70 550 746 610 806 5633 0 0 1 2
70 533 769 594 828 5653 0 0 1 2
70 517 794 577 853 5673 0 0 0 2
70 495 817 555 876 5693 0 0 1 2
70 473 840 533 899 5713 0 0 1 2
70 451 863 511 922 5733 0 0 1 2
70 437 885 497 944 5753 0 0 1 2
70 423 908 484 967 5773 0 0 1 2
70 409 931 470 990 5793 0 0 1 2
70 398 954 459 1013 5813 0 0 1 2
70 385 976 445 1036 5833 0 0 1 2
70 385 997 445 1056 5853 0 0 1 2
70 374 1029 434 1086 5873 0 0 1 2
70 379 1040 440 1088 5893 0 0 1 2
70 374 1063 434 1090 5913 0 0 1 2
71 0 202 71 250 4618 0 0 1 2
71 11 198 104 243 4638 0 0 1 2
71 46 198 140 245 4658 0 0 1 2
71 82 198 176 245 4678 0 0 1 2
71 118 198 211 248 4698 0 0 1 2
71 154 195 247 245 4718 0 0 1 2
71 189 195 286 241 4738 0 0 1 2
71 225 195 330 252 4758 0 0 1 2
71 264 195 365 250 4778 0 0 1 2
71 299 198 401 250 4798 0 0 1 2
71 338 198 437 250 4818 0 0 1 2
71 374 200 473 250 4838 0 0 1 2
71 409 200 508 250 4858 0 0 1 2
71 445 200 533 255 4878 0 0 1 2
71 481 200 569 255 4898 0 0 1 2
71 519 204 585 261 4918 0 0 1 2
71 550 198 635 261 4938 0 0 1 2
71 585 193 673 257 4958 0 0 1 2
71 621 191 698 250 4978 0 0 1 2
71 657 188 726 243 4998 0 0 1 2
71 690 188 761 243 5018 0 0 1 2
71 720 188 797 245 5038 0 0 1 2
71 753 188 836 248 5058 0 0 1 2
71 783 188 871 248 5078 0 0 1 2
71 816 188 904 250 5098 0 0 1 2
71 849 188 937 250 5118 0 0 1 2
71 882 188 970 250 5138 0 0 1 2
71 915 191 1003 252 5158 0 0 1 2
71 948 198 1036 259 5178 0 0 1 2
71 981 202 1069 264 5198 0 0 1 2
71 1014 207 1102 268 5218 0 0 1 2
71 1047 211 1135 273 5238 0 0 1 2
71 1080 216 1168 277 5258 0 0 1 2
71 1116 220 1204 282 5278 0 0 1 2
71 1149 225 1237 286 5298 0 0 1 2
71 1182 229 1270 291 5318 0 0 1 2
71 1218 234 1306 296 5338 0 0 1 2
71 1251 236 1339 298 5358 0 0 1 2
71 1284 241 1372 302 5378 0 0 1 2
71 1320 245 1408 307 5398 0 0 1 2
71 1353 250 1441 311 5418 0 0 1 2
71 1386 255 1474 316 5438 0 0 1 2
71 1421 259 1509 321 5458 0 0 1 2
71 1454 261 1542 323 5478 0 0 1 2
71 1487 266 1575 327 5498 0 0 1 2
71 1523 273 1600 325 5518 0 0 1 2
71 1556 275 1628 321 5538 0 0 1 2
71 1592 270 1663 316 5558 0 0 1 2
71 1628 266 1699 311 5578 0 0 1 2
71 1661 261 1732 307 5598 0 0 1 2
71 1696 266 1768 311 5618 0 0 1 2
71 1727 280 1798 325 5638 0 0 1 2
71 1760 291 1831 337 5658 0 0 1 2
71 1793 293 1864 339 5678 0 0 1 2
71 1826 296 1897 341 5698 0 0 1 2
71 1853 298 1925 343 5718 0 0 1 2
71 1897 307 1966 352 5738 0 0 0 2
71 1925 309 1977 355 5758 0 0 0 2
72 0 120 82 170 4283 0 0 1 1
72 115 138 195 179 4303 0 0 1 1
72 255 145 330 184 4323 0 0 1 1
72 396 145 470 184 4343 0 0 1 1
72 539 145 613 184 4363 0 0 1 1
72 654 138 728 177 4383 0 1 1 1
72 814 154 888 193 4403 0 1 1 1
72 954 159 1028 198 4423 0 0 1 1
72 1091 152 1166 191 4443 0 0 1 1
72 1218 136 1292 175 4463 0 0 1 1
72 1339 113 1413 152 4483 0 0 1 1
72 1457 88 1531 129 4503 0 0 1 1
72 1581 66 1652 118 4523 0 0 1 1
72 1699 40 1771 95 4543 0 0 1 1
72 1812 15 1883 70 4563 0 0 1 1
72 1903 0 1974 50 4583 0 0 0 1
72 1864 22 1947 93 5405 0 0 1 1
72 1765 11 1845 91 5425 0 0 1 1
72 1666 4 1746 84 5445 0 0 1 1
72 1562 6 1641 86 5465 0 0 1 1
72 1460 6 1540 86 5485 0 0 1 1
72 1355 0 1446 66 5505 0 0 1 1
72 1254 0 1355 38 5525 0 0 1 1
73 1925 373 1969 425 4696 0 0 1 2
73 1900 373 1941 425 4716 0 0 1 2
73 1875 371 1914 421 4736 0 0 1 2
73 1848 364 1886 414 4756 0 0 1 2
73 1820 357 1859 407 4776 0 0 1 2
73 1790 348 1828 398 4796 0 0 1 2
73 1762 341 1801 391 4816 0 0 1 2
73 1727 332 1765 382 4836 0 0 1 2
73 1691 323 1729 373 4856 0 0 1 2
73 1655 314 1694 364 4876 0 0 1 2
73 1617 305 1655 355 4896 0 0 1 2
73 1581 296 1619 346 4916 0 0 1 2
73 1551 291 1589 341 4936 0 0 1 2
73 1520 284 1559 334 4956 0 0 1 2
73 1490 280 1529 330 4976 0 0 1 2
73 1460 273 1498 323 4996 0 0 1 2
73 1424 264 1471 318 5016 0 0 1 2
73 1388 252 1443 311 5036 0 0 1 2
73 1353 243 1416 307 5056 0 0 1 2
73 1320 236 1383 300 5076 0 0 1 2
73 1284 229 1347 293 5096 0 0 1 2
73 1251 223 1314 286 5116 0 0 1 2
73 1218 218 1281 282 5136 0 0 1 2
73 1188 214 1251 277 5156 0 0 1 2
73 1157 207 1221 270 5176 0 0 1 2
73 1127 202 1190 266 5196 0 0 1 2
73 1097 193 1160 257 5216 0 0 1 2
73 1067 182 1130 245 5236 0 0 1 2
73 1036 170 1100 234 5256 0 0 1 2
73 1006 161 1069 225 5276 0 0 1 2
73 976 154 1039 218 5296 0 0 1 2
73 946 150 1009 214 5316 0 0 1 2
73 913 148 976 211 5336 0 0 1 2
73 882 143 946 207 5356 0 0 1 2
73 855 143 918 207 5376 0 0 1 2
73 825 143 888 207 5396 0 0 1 2
73 797 141 860 204 5416 0 0 1 2
73 770 138 833 202 5436 0 1 1 2
73 737 136 800 200 5456 0 1 1 2
73 701 134 764 198 5476 0 1 1 2
73 665 132 728 195 5496 0 1 1 2
73 629 127 709 186 5516 0 1 1 2
73 596 122 684 177 5536 0 1 1 2
73 566 122 654 177 5556 0 1 1 2
73 533 122 621 177 5576 0 1 1 2
73 508 122 596 177 5596 0 1 1 2
73 467 116 555 170 5616 0 0 1 2
73 429 113 517 168 5636 0 0 1 2
73 398 113 486 168 5656 0 0 1 2
73 357 113 445 168 5676 0 0 1 2
73 335 113 423 168 5696 0 0 1 2
73 305 113 393 168 5716 0 0 1 2
73 269 113 357 168 5736 0 0 1 2
73 233 113 321 168 5756 0 0 1 2
73 198 113 286 168 5776 0 0 1 2
73 167 109 255 163 5796 0 0 1 2
73 134 107 222 161 5816 0 0 1 2
73 104 100 192 154 5836 0 0 1 2
73 74 91 162 145 5856 0 0 1 2
73 44 81 132 136 5876 0 0 1 2
73 5 81 93 136 5896 0 0 1 2
73 5 81 93 136 5916 0 0 0 2
73 0 84 30 138 5936 0 0 1 2
75 1190 842 1245 878 2507 0 0 1 2
75 1190 842 1245 878 2527 0 0 1 2
75 1190 842 1245 878 2547 0 0 1 2
75 1190 842 1245 878 2567 0 0 1 2
75 1190 842 1245 878 2587 0 0 1 2
75 1190 842 1245 878 2607 0 0 1 2
75 1190 842 1245 878 2627 0 0 1 2
75 1190 842 1245 878 2647 0 0 1 2
75 1190 842 1245 878 2667 0 0 1 2
75 1190 842 1245 878 2687 0 0 1 2
75 1190 842 1245 878 2707 0 0 1 2
75 1190 842 1245 878 2727 0 0 1 2
75 1190 842 1245 878 2747 0 0 1 2
75 1177 847 1232 883 2767 0 0 1 2
75 1171 849 1226 885 2787 0 0 1 2
75 1171 849 1226 885 2807 0 0 1 2
75 1171 849 1226 885 2827 0 0 1 2
75 1171 849 1226 885 2847 0 0 1 2
75 1171 849 1226 885 2867 0 0 1 2
75 1171 849 1226 885 2887 0 0 1 2
75 1171 849 1226 885 2907 0 0 1 2
75 1171 849 1226 885 2927 0 0 1 2
75 1171 849 1226 885 2947 0 0 1 2
75 1171 849 1226 885 2967 0 0 1 2
75 1171 849 1226 885 2987 0 0 1 2
75 1168 847 1226 885 3007 0 0 1 2
75 1168 847 1226 885 3027 0 0 1 2
75 1168 847 1226 885 3047 0 0 1 2
75 1168 847 1226 885 3067 0 0 1 2
75 1168 844 1229 885 3087 0 0 1 2
75 1168 844 1229 885 3107 0 0 1 2
75 1168 844 1229 885 3127 0 0 1 2
75 1168 844 1232 885 3147 0 0 1 2
75 1168 842 1232 885 3167 0 0 1 2
75 1168 842 1232 885 3187 0 0 1 2
75 1168 842 1232 885 3207 0 0 1 2
75 1166 840 1234 885 3227 0 0 1 2
75 1166 840 1234 885 3247 0 0 1 2
75 1166 840 1234 885 3267 0 0 1 2
75 1166 840 1234 885 3287 0 0 1 2
75 1166 837 1237 885 3307 0 0 1 2
75 1166 837 1237 885 3327 0 0 1 2
75 1166 837 1237 885 3347 0 0 1 2
75 1166 837 1237 885 3367 0 0 1 2
75 1166 835 1240 885 3387 0 0 1 2
75 1166 835 1240 885 3407 0 0 1 2
75 1166 835 1240 885 3427 0 0 1 2
75 1163 835 1240 888 3447 0 1 1 2
75 1163 835 1240 888 3467 0 1 1 2
75 1160 835 1237 888 3487 0 1 1 2
75 1166 831 1240 890 3507 0 1 1 2
75 1171 831 1243 894 3527 0 1 1 2
75 1171 831 1243 894 3547 0 1 1 2
75 1171 831 1243 894 3567 0 1 1 2
75 1171 831 1243 894 3587 0 1 1 2
75 1171 831 1243 894 3607 0 1 1 2
75 1171 831 1243 894 3627 0 1 1 2
75 1171 831 1243 894 3647 0 1 1 2
75 1171 831 1243 894 3667 0 1 1 2
75 1171 831 1243 894 3687 0 1 1 2
75 1171 831 1243 894 3707 0 1 1 2
75 1171 831 1243 894 3727 0 1 1 2
75 1171 831 1243 894 3747 0 1 1 2
75 1171 831 1243 894 3767 0 1 1 2
75 1171 831 1243 894 3787 0 1 1 2
75 1171 831 1243 894 3807 0 1 1 2
75 1171 831 1243 894 3827 0 1 1 2
75 1171 831 1243 894 3847 0 1 1 2
75 1171 831 1243 894 3867 0 1 1 2
75 1171 831 1243 894 3887 0 1 1 2
75 1171 831 1243 894 3907 0 1 1 2
75 1171 831 1243 894 3927 0 1 1 2
75 1171 831 1243 894 3947 0 1 1 2
75 1171 831 1243 894 3967 0 1 1 2
75 1171 831 1243 894 3987 0 1 1 2
75 1168 828 1240 892 4007 0 1 1 2
75 1168 826 1240 890 4027 0 1 1 2
75 1168 826 1240 885 4047 0 1 1 2
75 1168 824 1240 883 4067 0 1 1 2
75 1168 822 1237 878 4087 0 1 1 2
75 1168 819 1237 876 4107 0 1 1 2
75 1168 817 1237 874 4127 0 1 1 2
75 1168 817 1234 869 4147 0 1 1 2
75 1168 815 1234 867 4167 0 1 1 2
75 1168 812 1234 863 4187 0 1 1 2
75 1168 810 1232 860 4207 0 1 1 2
75 1168 808 1232 858 4227 0 1 1 2
75 1168 808 1232 853 4247 0 1 1 2
75 1168 806 1232 851 4267 0 1 1 2
75 1179 792 1243 837 4287 0 1 1 2
75 1196 774 1259 819 4307 0 1 1 2
75 1212 755 1276 801 4327 0 1 1 2
75 1229 735 1292 781 4347 0 1 1 2
75 1248 717 1311 762 4367 0 1 1 2
75 1267 696 1331 742 4387 0 1 1 2
75 1287 687 1350 733 4407 0 1 1 2
75 1309 680 1372 726 4427 0 1 1 2
75 1322 678 1386 724 4447 0 1 1 2
75 1333 678 1397 724 4467 0 0 1 2
75 1344 678 1408 724 4487 0 0 1 2
75 1355 676 1419 721 4507 0 0 1 2
75 1366 669 1432 719 4527 0 0 1 2
75 1380 662 1446 715 4547 0 0 1 2
75 1391 655 1460 712 4567 0 0 1 2
75 1402 651 1471 710 4587 0 0 1 2
75 1416 644 1485 705 4607 0 0 1 2
75 1427 637 1498 703 4627 0 0 1 2
75 1432 612 1504 678 4647 0 0 1 2
75 1432 578 1504 644 4667 0 0 1 2
75 1435 546 1507 612 4687 0 0 1 2
75 1435 512 1507 578 4707 0 0 1 2
75 1424 487 1496 553 4727 0 0 1 2
75 1413 459 1485 526 4747 0 0 1 2
75 1405 432 1476 498 4767 0 0 1 2
75 1394 407 1465 473 4787 0 0 1 2
75 1383 380 1454 446 4807 0 0 1 2
75 1372 352 1443 418 4827 0 0 1 2
75 1358 325 1430 391 4847 0 0 1 2
75 1344 293 1416 359 4867 0 0 1 2
75 1331 264 1402 330 4887 0 0 1 2
75 1317 234 1388 300 4907 0 0 1 2
75 1303 204 1375 270 4927 0 0 1 2
75 1289 175 1361 241 4947 0 0 1 2
75 1276 143 1347 209 4967 0 0 1 2
75 1262 113 1333 179 4987 0 0 1 2
75 1248 86 1320 152 5007 0 0 1 2
75 1234 61 1309 132 5027 0 0 1 2
75 1221 36 1298 109 5047 0 0 1 2
75 1207 18 1284 91 5067 0 0 1 2
75 1188 2 1265 63 5087 0 0 1 2
75 1171 0 1248 38 5107 0 0 1 2
75 1160 0 1237 27 5127 0 0 1 2
76 431 1054 500 1088 2217 0 0 1 2
76 434 1033 503 1088 2237 0 0 1 2
76 440 1015 519 1065 2257 0 0 1 2
76 448 1001 525 1047 2277 0 0 1 2
76 456 985 528 1026 2297 0 0 1 2
76 456 940 533 992 2317 0 0 1 2
76 459 915 533 960 2337 0 0 1 2
76 464 888 536 929 2357 0 0 1 2
76 464 856 533 901 2377 0 0 1 2
76 464 812 544 863 2397 0 0 1 2
76 464 781 536 826 2417 0 0 1 2
76 470 755 539 796 2437 0 0 1 2
76 475 728 547 769 2457 0 0 1 2
76 481 701 552 742 2477 0 0 1 2
76 481 674 552 715 2497 0 0 1 2
76 484 653 555 699 2517 0 0 1 2
76 486 633 555 683 2537 0 0 1 2
76 489 612 555 667 2557 0 0 1 2
76 492 601 552 658 2577 0 0 1 2
76 492 601 550 658 2597 0 0 1 2
76 492 601 550 658 2617 0 0 1 2
76 492 601 547 658 2637 0 0 1 2
76 492 601 544 658 2657 0 0 1 2
76 492 601 541 658 2677 0 0 1 2
76 492 601 541 658 2697 0 0 1 2
76 486 603 539 658 2717 0 0 1 2
76 489 603 544 658 2737 0 0 1 2
76 489 601 547 655 2757 0 0 1 2
76 486 596 547 653 2777 0 0 1 2
76 492 582 555 639 2797 0 0 1 2
76 506 560 569 617 2817 0 0 1 2
76 525 532 588 589 2837 0 0 1 2
76 541 505 605 562 2857 0 0 1 2
76 547 478 610 535 2877 0 0 1 2
76 550 450 613 507 2897 0 0 1 2
76 550 423 613 480 2917 0 0 1 2
76 552 393 616 450 2937 0 0 1 2
76 555 364 618 421 2957 0 0 1 2
76 555 334 618 391 2977 0 0 1 2
76 552 305 616 362 2997 0 0 1 2
76 541 275 607 332 3017 0 0 1 2
76 533 245 596 302 3037 0 0 1 2
76 522 216 588 273 3057 0 0 1 2
76 514 186 580 243 3077 0 0 1 2
76 503 161 569 218 3097 0 0 1 2
76 492 138 558 193 3117 0 0 1 2
76 484 107 550 161 3137 0 0 1 2
76 473 79 561 132 3157 0 0 1 2
76 467 47 561 107 3177 0 0 1 2
76 470 15 561 79 3197 0 1 1 2
76 470 0 539 47 3217 0 1 1 2
76 486 0 552 45 3237 0 1 1 2
76 514 0 580 45 3257 0 1 1 2
76 541 0 607 45 3277 0 1 1 2
76 569 0 635 45 3297 0 1 1 2
76 596 0 662 45 3317 0 1 1 2
76 624 0 690 45 3337 0 1 1 2
76 651 0 717 45 3357 0 1 1 2
76 673 0 739 45 3377 0 1 1 2
76 693 0 759 45 3397 0 1 1 2
76 726 0 792 45 3417 0 1 1 2
76 756 0 822 38 3437 0 1 1 2
77 5 229 101 273 4867 0 0 1 1
77 82 229 198 277 4887 0 0 1 1
77 184 216 286 273 4907 0 0 1 1
77 277 216 376 277 4927 0 0 1 1
77 357 191 459 270 4947 0 0 1 1
77 431 159 522 234 4967 0 0 1 1
77 478 104 577 179 4987 0 0 1 1
77 503 36 602 107 5007 0 0 1 1
77 544 0 635 40 5027 0 1 1 1
78 1828 0 1908 43 3899 0 0 1 2
78 1793 0 1872 43 3919 0 0 1 2
78 1760 0 1839 43 3939 0 0 1 2
78 1724 0 1804 43 3959 0 0 1 2
78 1691 0 1771 43 3979 0 0 1 2
78 1655 0 1735 43 3999 0 0 1 2
78 1622 2 1705 45 4019 0 0 1 2
78 1589 4 1672 47 4039 0 0 1 2
78 1559 6 1639 47 4059 0 0 1 2
78 1526 9 1608 50 4079 0 0 1 2
78 1493 11 1575 52 4099 0 0 1 2
78 1460 13 1542 54 4119 0 0 1 2
78 1427 18 1509 59 4139 0 0 1 2
78 1391 22 1474 63 4159 0 0 1 2
78 1358 27 1441 68 4179 0 0 1 2
78 1322 31 1405 72 4199 0 0 1 2
78 1289 29 1372 70 4219 0 0 1 2
78 1254 27 1336 68 4239 0 0 1 2
78 1218 25 1300 66 4259 0 0 1 2
78 1182 25 1265 66 4279 0 0 1 2
78 1149 25 1232 66 4299 0 0 1 2
78 1113 25 1196 66 4319 0 0 1 2
78 1080 25 1163 66 4339 0 0 1 2
78 1047 27 1130 68 4359 0 0 1 2
78 1012 29 1094 70 4379 0 0 1 2
78 976 31 1058 72 4399 0 0 1 2
78 946 31 1028 72 4419 0 0 1 2
78 915 31 998 72 4439 0 0 1 2
78 885 31 968 72 4459 0 0 1 2
78 852 34 935 75 4479 0 0 1 2
78 819 34 902 75 4499 0 1 1 2
78 781 34 863 75 4519 0 1 1 2
78 745 34 827 77 4539 0 1 1 2
78 709 34 789 77 4559 0 1 1 2
78 673 34 753 79 4579 0 1 1 2
78 638 34 717 79 4599 0 1 1 2
78 605 34 679 81 4619 0 1 1 2
78 569 34 643 81 4639 0 1 1 2
78 536 36 610 84 4659 0 0 1 2
78 511 38 585 86 4679 0 0 1 2
78 481 36 555 84 4699 0 0 1 2
78 451 38 525 86 4719 0 0 1 2
78 420 38 495 86 4739 0 0 1 2
78 385 38 459 86 4759 0 0 1 2
78 343 38 418 86 4779 0 0 1 2
78 310 38 393 86 4799 0 0 1 2
78 266 38 363 86 4819 0 0 1 2
78 239 40 330 86 4839 0 0 1 2
78 211 43 297 88 4859 0 0 1 2
78 184 45 264 91 4879 0 0 1 2
78 156 47 231 93 4899 0 0 1 2
78 129 47 198 93 4919 0 0 1 2
78 85 50 162 97 4939 0 1 1 2
78 38 50 126 102 4959 0 1 1 2
78 8 50 96 93 4979 0 0 1 2
78 0 52 63 97 4999 0 0 1 2
78 0 38 38 107 5019 0 0 1 2
79 1782 2 1864 27 4060 0 0 1 2
79 1754 9 1837 34 4080 0 0 1 2
79 1724 13 1806 38 4100 0 0 1 2
79 1696 18 1779 45 4120 0 0 1 2
79 1669 18 1751 45 4140 0 0 1 2
79 1641 18 1724 47 4160 0 0 1 2
79 1614 18 1694 50 4180 0 0 1 2
79 1581 20 1661 52 4200 0 0 1 2
79 1551 22 1630 54 4220 0 0 1 2
79 1518 25 1597 56 4240 0 0 1 2
79 1485 27 1564 59 4260 0 0 1 2
79 1449 31 1529 63 4280 0 0 1 2
79 1413 34 1493 66 4300 0 0 1 2
79 1383 34 1463 66 4320 0 0 1 2
79 1358 34 1438 66 4340 0 0 1 2
79 1333 34 1413 66 4360 0 0 1 2
79 1303 34 1383 66 4380 0 0 1 2
79 1270 34 1350 66 4400 0 0 1 2
79 1240 34 1320 66 4420 0 0 1 2
79 1207 38 1287 70 4440 0 0 1 2
79 1174 40 1254 72 4460 0 0 1 2
79 1144 40 1223 72 4480 0 0 1 2
79 1116 43 1196 75 4500 0 0 0 2
79 1083 36 1160 77 4520 0 0 1 2
79 1053 34 1130 79 4540 0 0 1 2
79 1028 40 1105 86 4560 0 0 1 2
79 1003 45 1080 91 4580 0 0 1 2
79 970 45 1047 91 4600 0 0 1 2
79 937 45 1014 91 4620 0 0 1 2
79 904 45 981 91 4640 0 0 1 2
79 871 47 948 93 4660 0 0 1 2
79 838 52 915 97 4680 0 0 1 2
79 805 56 882 102 4700 0 0 1 2
79 772 61 849 107 4720 0 0 1 2
79 742 63 819 109 4740 0 0 1 2
79 712 63 789 109 4760 0 0 1 2
79 682 66 759 111 4780 0 0 1 2
79 649 68 726 113 4800 0 0 1 2
79 618 70 695 116 4820 0 0 1 2
79 588 72 665 118 4840 0 0 1 2
79 558 75 635 120 4860 0 0 1 2
79 525 75 602 120 4880 0 0 1 2
79 495 77 572 122 4900 0 0 1 2
79 464 79 541 125 4920 0 0 1 2
79 434 81 511 127 4940 0 0 1 2
79 404 84 481 129 4960 0 0 1 2
79 371 86 448 132 4980 0 0 1 2
79 341 91 418 136 5000 0 0 0 2
79 305 95 396 141 5020 0 0 1 2
79 272 100 376 145 5040 0 0 1 2
79 239 104 352 148 5060 0 0 1 2
79 209 107 321 150 5080 0 0 0 2
79 181 111 294 154 5100 0 0 1 2
79 148 116 261 159 5120 0 0 1 2
79 112 118 225 161 5140 0 0 1 2
79 88 120 200 163 5160 0 0 0 2
79 66 122 178 166 5180 0 0 1 2
79 35 127 148 170 5200 0 0 1 2
79 8 132 110 175 5220 0 0 1 2
79 0 138 74 182 5240 0 0 1 2
79 0 145 41 188 5260 0 0 0 2
80 1919 0 1974 29 3966 0 0 1 2
80 1886 0 1966 38 3986 0 0 1 2
80 1859 0 1938 43 4006 0 0 1 2
80 1834 4 1916 50 4026 0 0 1 2
80 1809 9 1894 54 4046 0 0 1 2
80 1784 18 1870 66 4066 0 0 1 2
80 1757 29 1842 77 4086 0 0 1 2
80 1729 43 1815 91 4106 0 0 1 2
80 1699 43 1784 91 4126 0 0 1 2
80 1669 45 1754 93 4146 0 0 1 2
80 1639 47 1724 95 4166 0 0 1 2
80 1606 52 1691 100 4186 0 0 1 2
80 1573 56 1658 104 4206 0 0 1 2
80 1548 59 1633 107 4226 0 0 1 2
80 1520 59 1606 107 4246 0 0 1 2
80 1485 63 1570 111 4266 0 0 1 2
80 1446 66 1531 113 4286 0 0 1 2
80 1410 70 1496 118 4306 0 0 1 2
80 1383 70 1468 118 4326 0 0 1 2
80 1355 70 1441 118 4346 0 0 1 2
80 1325 68 1410 116 4366 0 0 1 2
80 1292 68 1377 116 4386 0 0 1 2
80 1259 68 1344 116 4406 0 0 1 2
80 1226 66 1311 113 4426 0 0 1 2
80 1196 63 1281 111 4446 0 0 1 2
80 1166 61 1251 109 4466 0 0 1 2
80 1144 70 1229 118 4486 0 0 1 2
80 1108 72 1193 120 4506 0 0 1 2
80 1072 81 1155 122 4526 0 0 1 2
80 1042 84 1124 125 4546 0 0 1 2
80 1017 88 1100 129 4566 0 0 1 2
80 987 91 1069 132 4586 0 0 1 2
80 951 91 1034 132 4606 0 0 1 2
80 918 91 1001 132 4626 0 0 1 2
80 882 91 965 132 4646 0 0 1 2
80 852 91 935 132 4666 0 0 1 2
80 825 93 907 134 4686 0 0 1 2
80 797 93 880 134 4706 0 0 1 2
80 767 95 849 136 4726 0 0 1 2
80 734 97 816 138 4746 0 0 1 2
80 701 100 783 141 4766 0 0 1 2
80 671 104 753 145 4786 0 0 1 2
80 638 107 720 148 4806 0 0 1 2
80 605 109 687 150 4826 0 0 1 2
80 574 111 657 152 4846 0 0 1 2
80 541 113 624 154 4866 0 0 1 2
80 508 116 591 157 4886 0 0 1 2
80 478 118 561 159 4906 0 0 1 2
80 445 122 528 163 4926 0 0 1 2
80 412 125 495 166 4946 0 0 1 2
80 382 127 464 168 4966 0 0 1 2
80 352 129 434 170 4986 0 0 1 2
80 324 134 407 175 5006 0 0 1 2
80 294 136 379 177 5026 0 0 1 2
80 264 136 352 179 5046 0 0 1 2
80 231 138 321 182 5066 0 0 1 2
80 200 141 294 184 5086 0 0 1 2
80 170 143 266 186 5106 0 0 1 2
80 140 143 239 188 5126 0 0 1 2
80 110 148 209 193 5146 0 0 1 2
80 77 150 176 195 5166 0 0 1 2
80 46 154 148 200 5186 0 0 1 2
80 19 159 123 202 5206 0 0 1 2
80 0 166 93 209 5226 0 0 1 2
80 0 175 63 218 5246 0 0 1 2
81 1369 214 1446 277 4 0 0 1 1
81 1474 216 1545 280 24 0 0 1 1
81 1581 225 1650 289 44 0 0 1 1
81 1688 218 1749 280 64 0 0 1 1
81 1787 204 1848 266 84 0 0 1 1
81 1881 182 1936 252 104 0 0 1 1
82 189 277 280 339 1 0 0 1 2
82 170 268 261 330 21 0 0 1 2
82 154 259 244 321 41 0 0 1 2
82 134 250 225 311 61 0 0 1 2
82 115 239 206 300 81 0 0 1 2
82 85 229 178 291 101 0 0 1 2
82 57 220 151 282 121 0 0 1 2
82 41 211 134 273 141 0 0 1 2
82 24 202 115 261 161 0 0 1 2
82 8 193 96 252 181 0 0 1 2
82 0 186 79 243 201 0 0 1 2
82 0 177 63 236 221 0 0 1 2
82 0 166 24 225 241 0 0 1 2
83 1933 150 1960 177 2536 0 0 1 2
83 1908 145 1936 173 2556 0 0 1 2
83 1878 138 1905 166 2576 0 0 1 2
83 1853 132 1881 159 2596 0 0 1 2
83 1826 127 1853 154 2616 0 0 1 2
83 1798 122 1826 150 2636 0 0 1 2
83 1776 122 1804 150 2656 0 0 1 2
83 1749 120 1776 148 2676 0 0 1 2
83 1721 120 1749 148 2696 0 0 1 2
83 1694 120 1721 148 2716 0 0 1 2
83 1669 125 1696 152 2736 0 0 1 2
83 1641 127 1669 154 2756 0 0 1 2
83 1614 129 1641 157 2776 0 0 1 2
83 1586 129 1614 157 2796 0 0 1 2
83 1559 129 1586 157 2816 0 0 1 2
83 1531 129 1559 157 2836 0 0 1 2
83 1504 129 1531 157 2856 0 0 0 2
83 1476 134 1504 161 2876 0 0 1 2
83 1452 136 1482 161 2896 0 0 1 2
83 1424 136 1457 161 2916 0 0 1 2
83 1397 136 1430 161 2936 0 0 1 2
83 1372 138 1405 163 2956 0 0 0 2
83 1342 138 1375 163 2976 0 0 1 2
83 1314 138 1347 163 2996 0 0 1 2
83 1276 138 1339 163 3016 0 0 1 2
83 1248 138 1311 163 3036 0 0 1 2
83 1223 136 1287 161 3056 0 0 1 2
83 1196 134 1259 159 3076 0 0 1 2
83 1168 132 1232 157 3096 0 0 1 2
83 1144 129 1207 154 3116 0 0 1 2
83 1116 129 1179 154 3136 0 0 1 2
83 1089 127 1152 152 3156 0 0 1 2
83 1061 129 1124 154 3176 0 0 1 2
83 1034 132 1097 157 3196 0 0 1 2
83 1003 136 1067 161 3216 0 0 1 2
83 976 141 1039 166 3236 0 0 1 2
83 946 143 1009 168 3256 0 0 1 2
83 918 143 981 168 3276 0 0 1 2
83 888 143 951 168 3296 0 0 1 2
83 860 143 924 168 3316 0 0 1 2
83 833 143 896 168 3336 0 0 1 2
83 803 143 866 168 3356 0 0 1 2
83 775 145 838 170 3376 0 0 1 2
83 748 145 811 170 3396 0 0 1 2
83 717 145 781 170 3416 0 0 1 2
83 690 145 753 170 3436 0 0 1 2
83 660 145 723 170 3456 0 0 1 2
83 632 145 695 170 3476 0 0 1 2
83 605 145 668 170 3496 0 0 1 2
83 572 148 649 175 3516 0 0 1 2
83 536 148 632 182 3536 0 0 1 2
83 503 148 616 186 3556 0 0 1 2
83 475 148 588 186 3576 0 0 1 2
83 448 148 561 188 3596 0 0 1 2
83 420 148 533 188 3616 0 0 1 2
83 393 148 506 191 3636 0 0 1 2
83 365 148 478 191 3656 0 0 1 2
83 338 148 451 193 3676 0 0 1 2
83 310 148 423 193 3696 0 0 1 2
83 283 148 396 195 3716 0 0 1 2
83 255 150 368 195 3736 0 0 1 2
83 228 150 341 198 3756 0 0 1 2
83 200 150 313 198 3776 0 0 1 2
83 173 150 286 200 3796 0 0 1 2
83 145 150 258 200 3816 0 0 1 2
83 118 150 231 202 3836 0 0 1 2
83 90 150 203 202 3856 0 0 1 2
83 63 150 176 204 3876 0 0 1 2
83 35 150 148 204 3896 0 0 1 2
83 11 152 121 207 3916 0 0 1 2
83 0 152 90 207 3936 0 0 1 2
83 0 159 68 214 3956 0 0 1 2
83 0 157 57 211 3976 0 0 1 2
83 0 150 35 204 3996 0 0 1 2
84 1174 0 1240 22 8100 0 0 0 2
84 1193 0 1254 54 8120 0 0 0 2
84 1229 9 1289 63 8140 0 0 1 2
84 1256 27 1317 81 8160 0 0 0 2
84 1287 38 1347 93 8180 0 0 1 2
84 1320 50 1380 104 8200 0 0 0 2
84 1350 56 1410 111 8220 0 0 1 2
84 1380 63 1441 118 8240 0 0 0 2
84 1416 70 1476 125 8260 0 0 1 2
84 1452 77 1512 132 8280 0 0 0 2
84 1479 77 1540 132 8300 0 0 1 2
84 1509 79 1570 134 8320 0 0 0 2
84 1542 81 1603 136 8340 0 0 1 2
84 1578 84 1639 138 8360 0 0 0 2
84 1608 84 1669 138 8380 0 0 1 2
84 1641 84 1702 138 8400 0 0 1 2
84 1672 86 1732 141 8420 0 0 1 2
84 1702 91 1762 145 8440 0 0 1 2
84 1732 97 1793 152 8460 0 0 0 2
84 1765 100 1826 154 8480 0 0 1 2
84 1798 104 1859 159 8500 0 0 0 2
84 1831 113 1881 157 8520 0 0 1 2
84 1867 122 1905 157 8540 0 0 0 2
84 1897 125 1936 159 8560 0 0 1 2
84 1930 127 1969 161 8580 0 0 0 2
85 1234 0 1298 25 8125 0 0 1 2
85 1256 0 1317 38 8145 0 0 1 2
85 1287 2 1347 45 8165 0 0 1 2
85 1317 13 1377 56 8185 0 0 1 2
85 1344 22 1405 66 8205 0 0 1 2
85 1375 27 1435 70 8225 0 0 1 2
85 1405 29 1465 72 8245 0 0 1 2
85 1438 34 1498 77 8265 0 0 1 2
85 1471 38 1531 81 8285 0 0 1 2
85 1501 43 1562 86 8305 0 0 1 2
85 1531 45 1592 88 8325 0 0 1 2
85 1559 50 1619 93 8345 0 0 1 2
85 1592 52 1652 95 8365 0 0 1 2
85 1625 54 1685 97 8385 0 0 1 2
85 1655 56 1716 100 8405 0 0 1 2
85 1685 56 1746 100 8425 0 0 1 2
85 1713 61 1773 104 8445 0 0 1 2
85 1740 63 1801 107 8465 0 0 1 2
85 1768 68 1828 111 8485 0 0 1 2
85 1801 72 1859 116 8505 0 0 1 2
85 1842 79 1889 118 8525 0 0 1 2
85 1881 84 1916 120 8545 0 0 1 2
85 1914 86 1947 122 8565 0 0 1 2
85 1944 86 1974 122 8585 0 0 1 2
86 775 13 838 45 9653 0 0 1 2
86 772 38 836 77 9673 0 0 1 2
86 770 61 833 107 9693 0 0 1 2
86 767 86 830 138 9713 0 0 1 2
86 770 113 833 168 9733 0 0 1 2
86 775 143 838 198 9753 0 0 1 2
86 778 173 841 227 9773 0 0 1 2
86 767 204 830 259 9793 0 0 1 2
86 759 232 822 286 9813 0 0 1 2
86 750 259 814 314 9833 0 0 1 2
86 742 286 805 341 9853 0 0 1 2
86 734 316 797 371 9873 0 0 1 2
86 728 343 792 396 9893 0 0 1 2
86 731 371 800 425 9913 0 0 1 2
86 731 400 794 455 9933 0 0 1 2
86 720 428 783 482 9953 0 0 1 2
86 704 450 775 505 9973 0 0 1 2
86 693 475 764 528 9993 0 0 1 2
86 690 500 759 560 10013 0 0 1 2
86 687 530 756 592 10033 0 0 1 2
86 682 557 750 623 10053 0 0 1 2
86 679 585 748 655 10073 0 0 1 2
86 676 612 742 689 10093 0 0 1 2
86 673 642 739 719 10113 0 0 1 2
86 673 669 739 746 10133 0 0 1 2
86 671 699 737 776 10153 0 0 1 2
86 671 728 737 806 10173 0 0 1 2
86 668 755 734 833 10193 0 0 1 2
86 668 785 734 863 10213 0 0 1 2
86 665 815 731 892 10233 0 0 1 2
86 665 842 731 919 10253 0 0 1 2
86 662 872 728 949 10273 0 0 1 2
86 662 901 728 979 10293 0 0 1 2
86 660 929 726 1006 10313 0 0 1 2
86 654 956 720 1033 10333 0 0 1 2
86 649 983 712 1058 10353 0 0 1 2
86 646 1013 709 1083 10373 0 0 1 2
86 651 1056 712 1088 10393 0 0 1 2
