10 787 879 833 945 511 0 0 1 2
10 812 879 858 945 531 0 0 1 2
10 835 879 881 945 551 0 0 1 2
10 856 879 902 945 571 0 0 1 2
10 881 875 927 941 591 0 0 1 2
10 909 872 955 938 611 0 0 1 2
10 935 868 981 934 631 0 0 1 2
10 957 875 1003 941 651 0 0 1 2
10 976 883 1022 949 671 0 0 1 2
10 1012 890 1059 956 691 0 0 1 2
10 1091 901 1137 967 711 0 0 1 2
10 1126 912 1172 978 731 0 0 1 2
11 430 850 478 908 513 0 0 1 2
11 411 850 458 908 533 0 0 1 2
11 391 850 439 908 553 0 0 1 2
11 371 850 419 908 573 0 0 1 2
11 350 850 397 908 593 0 0 1 2
11 328 850 376 908 613 0 0 1 2
11 307 853 355 912 633 0 0 1 2
11 286 857 333 916 653 0 0 1 2
11 261 861 309 919 673 0 0 1 2
11 231 868 279 927 693 0 0 1 2
11 264 908 312 967 713 0 0 1 2
11 272 908 320 967 733 0 0 1 2
11 284 912 332 971 753 0 0 1 2
11 279 916 325 974 773 0 0 1 2
11 269 916 315 974 793 0 0 1 2
11 243 919 289 978 813 0 0 1 2
11 195 923 241 982 833 0 0 1 2
11 159 927 205 985 853 0 0 1 2
11 133 930 179 989 873 0 0 1 2
11 100 934 146 993 893 0 0 1 2
11 65 934 111 993 913 0 0 1 2
11 42 934 88 993 933 0 0 1 2
11 23 938 69 996 953 0 0 1 2
11 6 938 52 996 973 0 0 1 2
12 228 894 289 956 508 0 0 1 2
12 205 894 266 956 528 0 0 1 2
12 180 897 241 960 548 0 0 1 2
12 157 897 218 960 568 0 0 1 2
12 131 890 192 952 588 0 0 1 2
12 105 883 166 945 608 0 0 0 2
12 72 890 133 952 628 0 0 1 2
12 41 897 101 960 648 0 0 0 2
12 13 897 74 960 668 0 0 1 2
12 0 905 50 967 688 0 0 1 2
12 9 938 59 1000 708 0 0 1 2
12 16 960 64 1022 728 0 0 1 2
12 8 963 54 1026 748 0 0 1 2
12 1 963 44 1026 768 0 0 1 2
12 0 971 42 1033 788 0 0 1 2
12 0 974 42 1037 808 0 0 1 2
13 0 883 32 934 508 0 0 1 2
13 0 886 29 938 528 0 0 1 2
14 866 736 909 809 531 0 0 1 2
14 866 754 909 828 551 0 0 1 2
14 866 769 909 842 571 0 0 1 2
14 868 787 911 861 591 0 0 1 2
14 874 802 917 875 611 0 0 1 2
14 881 820 924 894 631 0 0 1 2
14 888 839 930 912 651 0 0 1 2
14 912 857 955 930 671 0 0 1 2
14 947 879 989 952 691 0 0 1 2
14 989 894 1032 967 711 0 0 1 2
14 1042 901 1085 974 731 0 0 1 2
14 1088 905 1131 978 751 0 0 1 2
14 1128 912 1170 985 771 0 0 1 2
14 1133 912 1175 985 791 0 0 1 2
14 1142 912 1179 985 811 0 0 1 2
15 582 718 624 791 511 0 0 1 2
15 601 718 644 791 531 0 0 1 2
15 623 718 666 791 551 0 0 1 2
15 649 721 692 795 571 0 0 1 2
15 674 721 716 795 591 0 0 1 2
15 697 714 740 787 611 0 0 1 2
15 718 707 761 780 631 0 0 1 2
15 733 707 776 780 651 0 0 1 2
15 746 710 789 784 671 0 0 1 2
15 759 718 802 791 691 0 0 1 2
16 677 509 716 571 510 0 0 1 2
16 666 509 705 571 530 0 0 1 2
16 654 509 692 571 550 0 0 1 2
16 642 509 680 571 570 0 0 1 2
16 629 505 667 568 590 0 0 1 2
16 615 494 652 557 610 0 0 1 2
16 600 483 638 546 630 0 0 1 2
16 593 461 631 524 650 0 0 1 2
16 585 443 623 505 670 0 0 1 2
16 577 417 615 480 690 0 1 1 2
16 567 399 605 461 710 0 1 1 2
16 562 410 600 472 730 0 1 1 2
16 557 403 595 465 750 0 1 1 2
16 555 384 593 447 770 0 1 0 2
16 542 373 580 436 790 0 1 1 2
16 534 362 572 425 810 0 1 1 2
16 532 340 570 403 830 0 1 1 2
16 518 326 555 388 850 0 0 1 2
16 503 315 541 377 870 0 0 1 2
16 491 307 529 370 890 0 0 1 2
16 480 300 518 362 910 0 0 1 2
16 467 293 504 355 930 0 1 1 2
16 450 278 488 340 950 0 1 1 2
16 439 278 476 340 970 0 1 1 2
16 425 274 463 337 990 0 1 1 2
16 420 274 458 337 1010 0 1 1 2
16 416 271 453 333 1030 0 1 1 2
19 1118 839 1156 908 654 0 0 1 1
19 1065 839 1103 908 674 0 0 1 1
19 1042 857 1080 927 694 0 0 1 1
19 1016 879 1054 949 714 0 0 1 1
19 985 897 1022 967 734 0 0 1 1
19 963 912 1001 982 754 0 0 1 1
19 922 927 960 996 774 0 0 1 1
19 874 934 912 1004 794 0 0 1 1
19 822 941 860 1011 814 0 0 1 1
19 772 938 810 1007 834 0 0 1 1
19 713 930 751 1000 854 0 0 1 1
19 646 930 684 1000 874 0 0 1 1
19 578 938 616 1007 894 0 0 1 1
19 511 949 549 1018 914 0 0 1 1
19 440 945 478 1015 934 0 0 1 1
19 370 941 407 1011 954 0 0 1 1
19 299 952 337 1022 974 0 0 1 1
19 225 952 263 1022 994 0 0 1 1
19 151 952 189 1022 1014 0 0 1 1
24 19 1242 67 1352 744 0 0 1 4
24 50 1223 80 1333 764 0 0 1 4
24 57 1223 87 1333 784 0 0 1 4
24 62 1238 92 1348 804 0 0 1 4
24 47 1264 77 1374 824 0 0 1 4
24 34 1275 64 1385 844 0 0 1 4
24 21 1278 50 1388 864 0 0 1 4
24 9 1282 37 1392 884 0 0 1 4
24 1 1300 24 1410 904 0 0 1 4
25 143 952 207 1033 1013 0 0 1 6
25 65 949 126 1029 1033 0 0 1 6
26 876 1022 911 1088 517 0 0 1 2
26 868 1007 902 1073 537 0 0 1 2
26 861 993 896 1059 557 0 0 1 2
26 853 974 888 1040 577 0 0 1 2
26 846 960 881 1026 597 0 0 1 2
26 838 945 873 1011 617 0 0 1 2
26 828 934 863 1000 637 0 0 1 2
26 815 923 850 989 657 0 0 1 2
26 802 912 837 978 677 0 0 1 2
26 828 908 863 974 697 0 0 1 2
26 855 912 889 978 717 0 0 1 2
26 861 912 896 978 737 0 0 1 2
26 868 912 902 978 757 0 0 1 2
26 863 912 897 978 777 0 0 1 2
26 846 912 881 978 797 0 0 1 2
26 832 912 866 978 817 0 0 1 2
26 812 912 846 978 837 0 0 1 2
26 790 912 825 978 857 0 0 1 2
26 769 912 804 978 877 0 0 1 2
26 746 912 781 978 897 0 0 1 2
26 723 912 758 978 917 0 0 1 2
26 700 912 735 978 937 0 0 1 2
26 677 908 712 974 957 0 0 1 2
26 656 908 690 974 977 0 0 1 2
26 634 908 669 974 997 0 0 1 2
26 601 905 641 974 1017 0 0 1 2
26 568 901 611 978 1037 0 0 1 2
26 536 901 583 982 1057 0 0 1 2
27 827 828 864 901 575 0 0 1 2
27 815 839 853 912 595 0 0 1 2
27 799 850 837 923 615 0 0 1 2
27 782 861 820 934 635 0 0 1 2
27 763 868 800 941 655 0 0 1 2
27 738 879 776 952 675 0 0 1 2
27 744 916 782 989 695 0 0 1 2
27 776 934 814 1007 715 0 0 1 2
27 787 952 825 1026 735 0 0 1 2
27 795 963 833 1037 755 0 0 1 2
27 792 971 830 1044 775 0 0 1 2
27 782 974 820 1048 795 0 0 1 2
27 771 982 809 1055 815 0 0 1 2
27 751 989 789 1062 835 0 0 1 2
27 733 1000 771 1073 855 0 0 1 2
27 712 1004 749 1077 875 0 0 1 2
27 690 1007 728 1081 895 0 0 1 2
27 669 1011 707 1084 915 0 0 1 2
27 646 1015 684 1088 935 0 0 1 2
27 624 1022 662 1095 955 0 0 0 2
28 498 318 524 410 788 0 0 1 2
28 503 329 529 421 808 0 0 1 2
28 509 340 536 432 828 0 0 1 2
28 519 348 545 439 848 0 0 1 2
28 531 359 557 450 868 0 0 1 2
28 542 373 568 465 888 0 0 1 2
28 554 384 580 476 908 0 0 1 2
28 564 406 590 498 928 0 0 1 2
28 572 428 598 520 948 0 0 1 2
28 587 443 613 535 968 0 0 1 2
28 603 461 629 553 988 0 0 0 2
28 608 461 636 553 1008 0 0 1 2
28 619 469 649 553 1028 0 0 1 2
28 629 476 664 553 1048 0 0 1 2
29 453 326 499 381 748 0 0 1 2
29 458 329 504 384 768 0 0 1 2
29 463 337 509 392 788 0 0 1 2
29 476 351 522 406 808 0 0 1 2
29 490 370 536 425 828 0 0 1 2
29 496 384 542 439 848 0 0 1 2
29 504 399 550 454 868 0 0 1 2
29 519 414 565 469 888 0 0 1 2
29 534 432 580 487 908 0 0 1 2
29 544 447 590 505 928 0 0 1 2
29 552 461 596 524 948 0 0 1 2
29 560 472 605 538 968 0 0 1 2
29 570 487 615 553 988 0 0 1 2
29 582 502 626 564 1008 0 0 1 2
29 598 509 639 568 1028 0 0 1 2
29 613 520 654 571 1048 0 0 1 2
30 537 322 567 403 1006 0 0 1 2
30 532 326 562 406 1026 0 0 1 2
30 526 329 555 410 1046 0 0 1 2
31 1091 787 1136 835 1034 0 0 1 2
31 1101 787 1146 835 1054 0 0 1 2
